date,time,overpoints,click,mode_id
2017-06-04,09:00:00,0,0,0
2017-06-04,09:00:01,0,0,0
2017-06-04,09:00:02,0,0,0
2017-06-04,09:00:03,0,0,0
2017-06-04,09:00:04,0,0,0
2017-06-04,09:00:05,0,0,0
2017-06-04,09:00:06,0,0,0
2017-06-04,09:00:07,0,0,0
2017-06-04,09:00:08,0,0,0
2017-06-04,09:00:09,0,0,0
2017-06-04,09:00:10,0,0,0
2017-06-04,09:00:11,0,0,0
2017-06-04,09:00:12,0,0,0
2017-06-04,09:00:13,0,0,0
2017-06-04,09:00:14,0,0,0
2017-06-04,09:00:15,0,0,0
2017-06-04,09:00:16,0,0,0
2017-06-04,09:00:17,0,0,0
2017-06-04,09:00:18,0,0,0
2017-06-04,09:00:19,0,0,0
2017-06-04,09:00:20,0,0,0
2017-06-04,09:00:21,0,0,0
2017-06-04,09:00:22,0,0,0
2017-06-04,09:00:23,0,0,0
2017-06-04,09:00:24,0,0,0
2017-06-04,09:00:25,0,0,0
2017-06-04,09:00:26,0,0,0
2017-06-04,09:00:27,0,0,0
2017-06-04,09:00:28,0,0,0
2017-06-04,09:00:29,0,0,0
2017-06-04,09:00:30,0,0,0
2017-06-04,09:00:31,0,0,0
2017-06-04,09:00:32,0,0,0
2017-06-04,09:00:33,0,0,0
2017-06-04,09:00:34,0,0,0
2017-06-04,09:00:35,0,0,0
2017-06-04,09:00:36,0,0,0
2017-06-04,09:00:37,0,0,0
2017-06-04,09:00:38,0,0,0
2017-06-04,09:00:39,0,0,0
2017-06-04,09:00:40,0,0,0
2017-06-04,09:00:41,0,0,0
2017-06-04,09:00:42,0,0,0
2017-06-04,09:00:43,0,0,0
2017-06-04,09:00:44,0,0,0
2017-06-04,09:00:45,0,0,0
2017-06-04,09:00:46,0,0,0
2017-06-04,09:00:47,0,0,0
2017-06-04,09:00:48,0,0,0
2017-06-04,09:00:49,0,0,0
2017-06-04,09:00:50,0,0,0
2017-06-04,09:00:51,0,0,0
2017-06-04,09:00:52,0,0,0
2017-06-04,09:00:53,0,0,0
2017-06-04,09:00:54,0,0,0
2017-06-04,09:00:55,0,0,0
2017-06-04,09:00:56,0,0,0
2017-06-04,09:00:57,0,0,0
2017-06-04,09:00:58,0,0,0
2017-06-04,09:00:59,0,0,0
2017-06-04,09:01:00,0,0,0
2017-06-04,09:01:01,0,0,0
2017-06-04,09:01:02,0,0,0
2017-06-04,09:01:03,0,0,0
2017-06-04,09:01:04,0,0,0
2017-06-04,09:01:05,0,0,0
2017-06-04,09:01:06,0,0,0
2017-06-04,09:01:07,0,0,0
2017-06-04,09:01:08,0,0,0
2017-06-04,09:01:09,0,0,0
2017-06-04,09:01:10,0,0,0
2017-06-04,09:01:11,0,0,0
2017-06-04,09:01:12,0,0,0
2017-06-04,09:01:13,0,0,0
2017-06-04,09:01:14,0,0,0
2017-06-04,09:01:15,0,0,0
2017-06-04,09:01:16,0,0,0
2017-06-04,09:01:17,0,0,0
2017-06-04,09:01:18,0,0,0
2017-06-04,09:01:19,0,0,0
2017-06-04,09:01:20,0,0,0
2017-06-04,09:01:21,0,0,0
2017-06-04,09:01:22,0,0,0
2017-06-04,09:01:23,0,0,0
2017-06-04,09:01:24,0,0,0
2017-06-04,09:01:25,0,0,0
2017-06-04,09:01:26,0,0,0
2017-06-04,09:01:27,0,0,0
2017-06-04,09:01:28,0,0,0
2017-06-04,09:01:29,0,0,0
2017-06-04,09:01:30,0,0,0
2017-06-04,09:01:31,0,0,0
2017-06-04,09:01:32,0,0,0
2017-06-04,09:01:33,0,0,0
2017-06-04,09:01:34,0,0,0
2017-06-04,09:01:35,0,0,0
2017-06-04,09:01:36,0,0,0
2017-06-04,09:01:37,0,0,0
2017-06-04,09:01:38,0,0,0
2017-06-04,09:01:39,0,0,0
2017-06-04,09:01:40,0,0,0
2017-06-04,09:01:41,0,0,0
2017-06-04,09:01:42,0,0,0
2017-06-04,09:01:43,0,0,0
2017-06-04,09:01:44,0,0,0
2017-06-04,09:01:45,0,0,0
2017-06-04,09:01:46,0,0,0
2017-06-04,09:01:47,0,0,0
2017-06-04,09:01:48,0,0,0
2017-06-04,09:01:49,0,0,0
2017-06-04,09:01:50,0,0,0
2017-06-04,09:01:51,0,0,0
2017-06-04,09:01:52,0,0,0
2017-06-04,09:01:53,0,0,0
2017-06-04,09:01:54,0,0,0
2017-06-04,09:01:55,0,0,0
2017-06-04,09:01:56,0,0,0
2017-06-04,09:01:57,0,0,0
2017-06-04,09:01:58,0,0,0
2017-06-04,09:01:59,0,0,0
2017-06-04,09:02:00,0,0,0
2017-06-04,09:02:01,0,0,0
2017-06-04,09:02:02,0,0,0
2017-06-04,09:02:03,0,0,0
2017-06-04,09:02:04,0,0,0
2017-06-04,09:02:05,0,0,0
2017-06-04,09:02:06,0,0,0
2017-06-04,09:02:07,0,0,0
2017-06-04,09:02:08,0,0,0
2017-06-04,09:02:09,0,0,0
2017-06-04,09:02:10,0,0,0
2017-06-04,09:02:11,0,0,0
2017-06-04,09:02:12,0,0,0
2017-06-04,09:02:13,0,0,0
2017-06-04,09:02:14,0,0,0
2017-06-04,09:02:15,0,0,0
2017-06-04,09:02:16,0,0,0
2017-06-04,09:02:17,0,0,0
2017-06-04,09:02:18,0,0,0
2017-06-04,09:02:19,0,0,0
2017-06-04,09:02:20,0,0,0
2017-06-04,09:02:21,0,0,0
2017-06-04,09:02:22,0,0,0
2017-06-04,09:02:23,0,0,0
2017-06-04,09:02:24,0,0,0
2017-06-04,09:02:25,0,0,0
2017-06-04,09:02:26,0,0,0
2017-06-04,09:02:27,0,0,0
2017-06-04,09:02:28,0,0,0
2017-06-04,09:02:29,0,0,0
2017-06-04,09:02:30,0,0,0
2017-06-04,09:02:31,0,0,0
2017-06-04,09:02:32,0,0,0
2017-06-04,09:02:33,0,0,0
2017-06-04,09:02:34,0,0,0
2017-06-04,09:02:35,0,0,0
2017-06-04,09:02:36,0,0,0
2017-06-04,09:02:37,0,0,0
2017-06-04,09:02:38,0,0,0
2017-06-04,09:02:39,0,0,0
2017-06-04,09:02:40,0,0,0
2017-06-04,09:02:41,0,0,0
2017-06-04,09:02:42,0,0,0
2017-06-04,09:02:43,0,0,0
2017-06-04,09:02:44,0,0,0
2017-06-04,09:02:45,0,0,0
2017-06-04,09:02:46,0,0,0
2017-06-04,09:02:47,0,0,0
2017-06-04,09:02:48,0,0,0
2017-06-04,09:02:49,0,0,0
2017-06-04,09:02:50,0,0,0
2017-06-04,09:02:51,0,0,0
2017-06-04,09:02:52,0,0,0
2017-06-04,09:02:53,0,0,0
2017-06-04,09:02:54,0,0,0
2017-06-04,09:02:55,0,0,0
2017-06-04,09:02:56,0,0,0
2017-06-04,09:02:57,0,0,0
2017-06-04,09:02:58,0,0,0
2017-06-04,09:02:59,0,0,0
2017-06-04,09:03:00,0,0,0
2017-06-04,09:03:01,0,0,0
2017-06-04,09:03:02,0,0,0
2017-06-04,09:03:03,0,0,0
2017-06-04,09:03:04,0,0,0
2017-06-04,09:03:05,0,0,0
2017-06-04,09:03:06,0,0,0
2017-06-04,09:03:07,0,0,0
2017-06-04,09:03:08,0,0,0
2017-06-04,09:03:09,0,0,0
2017-06-04,09:03:10,0,0,0
2017-06-04,09:03:11,0,0,0
2017-06-04,09:03:12,0,0,0
2017-06-04,09:03:13,0,0,0
2017-06-04,09:03:14,0,0,0
2017-06-04,09:03:15,0,0,0
2017-06-04,09:03:16,0,0,0
2017-06-04,09:03:17,0,0,0
2017-06-04,09:03:18,0,0,0
2017-06-04,09:03:19,0,0,0
2017-06-04,09:03:20,0,0,0
2017-06-04,09:03:21,0,0,0
2017-06-04,09:03:22,0,0,0
2017-06-04,09:03:23,0,0,0
2017-06-04,09:03:24,0,0,0
2017-06-04,09:03:25,0,0,0
2017-06-04,09:03:26,0,0,0
2017-06-04,09:03:27,0,0,0
2017-06-04,09:03:28,0,0,0
2017-06-04,09:03:29,0,0,0
2017-06-04,09:03:30,0,0,0
2017-06-04,09:03:31,0,0,0
2017-06-04,09:03:32,0,0,0
2017-06-04,09:03:33,0,0,0
2017-06-04,09:03:34,0,0,0
2017-06-04,09:03:35,0,0,0
2017-06-04,09:03:36,0,0,0
2017-06-04,09:03:37,0,0,0
2017-06-04,09:03:38,0,0,0
2017-06-04,09:03:39,0,0,0
2017-06-04,09:03:40,0,0,0
2017-06-04,09:03:41,0,0,0
2017-06-04,09:03:42,0,0,0
2017-06-04,09:03:43,0,0,0
2017-06-04,09:03:44,0,0,0
2017-06-04,09:03:45,0,0,0
2017-06-04,09:03:46,0,0,0
2017-06-04,09:03:47,0,0,0
2017-06-04,09:03:48,0,0,0
2017-06-04,09:03:49,0,0,0
2017-06-04,09:03:50,0,0,0
2017-06-04,09:03:51,0,0,0
2017-06-04,09:03:52,0,0,0
2017-06-04,09:03:53,0,0,0
2017-06-04,09:03:54,0,0,0
2017-06-04,09:03:55,0,0,0
2017-06-04,09:03:56,0,0,0
2017-06-04,09:03:57,0,0,0
2017-06-04,09:03:58,0,0,0
2017-06-04,09:03:59,0,0,0
2017-06-04,09:04:00,0,0,0
2017-06-04,09:04:01,0,0,0
2017-06-04,09:04:02,0,0,0
2017-06-04,09:04:03,0,0,0
2017-06-04,09:04:04,0,0,0
2017-06-04,09:04:05,0,0,0
2017-06-04,09:04:06,0,0,0
2017-06-04,09:04:07,0,0,0
2017-06-04,09:04:08,0,0,0
2017-06-04,09:04:09,0,0,0
2017-06-04,09:04:10,0,0,0
2017-06-04,09:04:11,0,0,0
2017-06-04,09:04:12,0,0,0
2017-06-04,09:04:13,0,0,0
2017-06-04,09:04:14,0,0,0
2017-06-04,09:04:15,0,0,0
2017-06-04,09:04:16,0,0,0
2017-06-04,09:04:17,0,0,0
2017-06-04,09:04:18,0,0,0
2017-06-04,09:04:19,0,0,0
2017-06-04,09:04:20,0,0,0
2017-06-04,09:04:21,0,0,0
2017-06-04,09:04:22,0,0,0
2017-06-04,09:04:23,0,0,0
2017-06-04,09:04:24,0,0,0
2017-06-04,09:04:25,0,0,0
2017-06-04,09:04:26,0,0,0
2017-06-04,09:04:27,0,0,0
2017-06-04,09:04:28,0,0,0
2017-06-04,09:04:29,0,0,0
2017-06-04,09:04:30,0,0,0
2017-06-04,09:04:31,0,0,0
2017-06-04,09:04:32,0,0,0
2017-06-04,09:04:33,0,0,0
2017-06-04,09:04:34,0,0,0
2017-06-04,09:04:35,0,0,0
2017-06-04,09:04:36,0,0,0
2017-06-04,09:04:37,0,0,0
2017-06-04,09:04:38,0,0,0
2017-06-04,09:04:39,0,0,0
2017-06-04,09:04:40,0,0,0
2017-06-04,09:04:41,0,0,0
2017-06-04,09:04:42,0,0,0
2017-06-04,09:04:43,0,0,0
2017-06-04,09:04:44,0,0,0
2017-06-04,09:04:45,0,0,0
2017-06-04,09:04:46,0,0,0
2017-06-04,09:04:47,0,0,0
2017-06-04,09:04:48,0,0,0
2017-06-04,09:04:49,0,0,0
2017-06-04,09:04:50,0,0,0
2017-06-04,09:04:51,0,0,0
2017-06-04,09:04:52,0,0,0
2017-06-04,09:04:53,0,0,0
2017-06-04,09:04:54,0,0,0
2017-06-04,09:04:55,0,0,0
2017-06-04,09:04:56,0,0,0
2017-06-04,09:04:57,0,0,0
2017-06-04,09:04:58,0,0,0
2017-06-04,09:04:59,0,0,0
2017-06-04,09:05:00,0,0,0
2017-06-04,09:05:01,0,0,0
2017-06-04,09:05:02,0,0,0
2017-06-04,09:05:03,0,0,0
2017-06-04,09:05:04,0,0,0
2017-06-04,09:05:05,0,0,0
2017-06-04,09:05:06,0,0,0
2017-06-04,09:05:07,0,0,0
2017-06-04,09:05:08,0,0,0
2017-06-04,09:05:09,0,0,0
2017-06-04,09:05:10,0,0,0
2017-06-04,09:05:11,0,0,0
2017-06-04,09:05:12,0,0,0
2017-06-04,09:05:13,0,0,0
2017-06-04,09:05:14,0,0,0
2017-06-04,09:05:15,0,0,0
2017-06-04,09:05:16,0,0,0
2017-06-04,09:05:17,0,0,0
2017-06-04,09:05:18,0,0,0
2017-06-04,09:05:19,0,0,0
2017-06-04,09:05:20,0,0,0
2017-06-04,09:05:21,0,0,0
2017-06-04,09:05:22,0,0,0
2017-06-04,09:05:23,0,0,0
2017-06-04,09:05:24,0,0,0
2017-06-04,09:05:25,0,0,0
2017-06-04,09:05:26,0,0,0
2017-06-04,09:05:27,0,0,0
2017-06-04,09:05:28,0,0,0
2017-06-04,09:05:29,0,0,0
2017-06-04,09:05:30,0,0,0
2017-06-04,09:05:31,0,0,0
2017-06-04,09:05:32,0,0,0
2017-06-04,09:05:33,0,0,0
2017-06-04,09:05:34,0,0,0
2017-06-04,09:05:35,0,0,0
2017-06-04,09:05:36,0,0,0
2017-06-04,09:05:37,0,0,0
2017-06-04,09:05:38,0,0,0
2017-06-04,09:05:39,0,0,0
2017-06-04,09:05:40,0,0,0
2017-06-04,09:05:41,0,0,0
2017-06-04,09:05:42,0,0,0
2017-06-04,09:05:43,0,0,0
2017-06-04,09:05:44,0,0,0
2017-06-04,09:05:45,0,0,0
2017-06-04,09:05:46,0,0,0
2017-06-04,09:05:47,0,0,0
2017-06-04,09:05:48,0,0,0
2017-06-04,09:05:49,0,0,0
2017-06-04,09:05:50,0,0,0
2017-06-04,09:05:51,0,0,0
2017-06-04,09:05:52,0,0,0
2017-06-04,09:05:53,0,0,0
2017-06-04,09:05:54,0,0,0
2017-06-04,09:05:55,0,0,0
2017-06-04,09:05:56,0,0,0
2017-06-04,09:05:57,0,0,0
2017-06-04,09:05:58,0,0,0
2017-06-04,09:05:59,0,0,0
2017-06-04,09:06:00,0,0,0
2017-06-04,09:06:01,0,0,0
2017-06-04,09:06:02,0,0,0
2017-06-04,09:06:03,0,0,0
2017-06-04,09:06:04,0,0,0
2017-06-04,09:06:05,0,0,0
2017-06-04,09:06:06,0,0,0
2017-06-04,09:06:07,0,0,0
2017-06-04,09:06:08,0,0,0
2017-06-04,09:06:09,0,0,0
2017-06-04,09:06:10,0,0,0
2017-06-04,09:06:11,0,0,0
2017-06-04,09:06:12,0,0,0
2017-06-04,09:06:13,0,0,0
2017-06-04,09:06:14,0,0,0
2017-06-04,09:06:15,0,0,0
2017-06-04,09:06:16,0,0,0
2017-06-04,09:06:17,0,0,0
2017-06-04,09:06:18,0,0,0
2017-06-04,09:06:19,0,0,0
2017-06-04,09:06:20,0,0,0
2017-06-04,09:06:21,0,0,0
2017-06-04,09:06:22,0,0,0
2017-06-04,09:06:23,0,0,0
2017-06-04,09:06:24,0,0,0
2017-06-04,09:06:25,0,0,0
2017-06-04,09:06:26,0,0,0
2017-06-04,09:06:27,0,0,0
2017-06-04,09:06:28,0,0,0
2017-06-04,09:06:29,0,0,0
2017-06-04,09:06:30,0,0,0
2017-06-04,09:06:31,0,0,0
2017-06-04,09:06:32,0,0,0
2017-06-04,09:06:33,0,0,0
2017-06-04,09:06:34,0,0,0
2017-06-04,09:06:35,0,0,0
2017-06-04,09:06:36,0,0,0
2017-06-04,09:06:37,0,0,0
2017-06-04,09:06:38,0,0,0
2017-06-04,09:06:39,0,0,0
2017-06-04,09:06:40,0,0,0
2017-06-04,09:06:41,0,0,0
2017-06-04,09:06:42,0,0,0
2017-06-04,09:06:43,0,0,0
2017-06-04,09:06:44,0,0,0
2017-06-04,09:06:45,0,0,0
2017-06-04,09:06:46,0,0,0
2017-06-04,09:06:47,0,0,0
2017-06-04,09:06:48,0,0,0
2017-06-04,09:06:49,0,0,0
2017-06-04,09:06:50,0,0,0
2017-06-04,09:06:51,0,0,0
2017-06-04,09:06:52,0,0,0
2017-06-04,09:06:53,0,0,0
2017-06-04,09:06:54,0,0,0
2017-06-04,09:06:55,0,0,0
2017-06-04,09:06:56,0,0,0
2017-06-04,09:06:57,0,0,0
2017-06-04,09:06:58,0,0,0
2017-06-04,09:06:59,0,0,0
2017-06-04,09:07:00,0,0,0
2017-06-04,09:07:01,0,0,0
2017-06-04,09:07:02,0,0,0
2017-06-04,09:07:03,0,0,0
2017-06-04,09:07:04,0,0,0
2017-06-04,09:07:05,0,0,0
2017-06-04,09:07:06,0,0,0
2017-06-04,09:07:07,0,0,0
2017-06-04,09:07:08,0,0,0
2017-06-04,09:07:09,0,0,0
2017-06-04,09:07:10,0,0,0
2017-06-04,09:07:11,0,0,0
2017-06-04,09:07:12,0,0,0
2017-06-04,09:07:13,0,0,0
2017-06-04,09:07:14,0,0,0
2017-06-04,09:07:15,0,0,0
2017-06-04,09:07:16,0,0,0
2017-06-04,09:07:17,0,0,0
2017-06-04,09:07:18,0,0,0
2017-06-04,09:07:19,0,0,0
2017-06-04,09:07:20,0,0,0
2017-06-04,09:07:21,0,0,0
2017-06-04,09:07:22,0,0,0
2017-06-04,09:07:23,0,0,0
2017-06-04,09:07:24,0,0,0
2017-06-04,09:07:25,0,0,0
2017-06-04,09:07:26,0,0,0
2017-06-04,09:07:27,0,0,0
2017-06-04,09:07:28,0,0,0
2017-06-04,09:07:29,0,0,0
2017-06-04,09:07:30,0,0,0
2017-06-04,09:07:31,0,0,0
2017-06-04,09:07:32,0,0,0
2017-06-04,09:07:33,0,0,0
2017-06-04,09:07:34,0,0,0
2017-06-04,09:07:35,0,0,0
2017-06-04,09:07:36,0,0,0
2017-06-04,09:07:37,0,0,0
2017-06-04,09:07:38,0,0,0
2017-06-04,09:07:39,0,0,0
2017-06-04,09:07:40,0,0,0
2017-06-04,09:07:41,0,0,0
2017-06-04,09:07:42,0,0,0
2017-06-04,09:07:43,0,0,0
2017-06-04,09:07:44,0,0,0
2017-06-04,09:07:45,0,0,0
2017-06-04,09:07:46,0,0,0
2017-06-04,09:07:47,0,0,0
2017-06-04,09:07:48,0,0,0
2017-06-04,09:07:49,0,0,0
2017-06-04,09:07:50,0,0,0
2017-06-04,09:07:51,0,0,0
2017-06-04,09:07:52,0,0,0
2017-06-04,09:07:53,0,0,0
2017-06-04,09:07:54,0,0,0
2017-06-04,09:07:55,0,0,0
2017-06-04,09:07:56,0,0,0
2017-06-04,09:07:57,0,0,0
2017-06-04,09:07:58,0,0,0
2017-06-04,09:07:59,0,0,0
2017-06-04,09:08:00,0,0,0
2017-06-04,09:08:01,0,0,0
2017-06-04,09:08:02,0,0,0
2017-06-04,09:08:03,0,0,0
2017-06-04,09:08:04,0,0,0
2017-06-04,09:08:05,0,0,0
2017-06-04,09:08:06,0,0,0
2017-06-04,09:08:07,0,0,0
2017-06-04,09:08:08,0,0,0
2017-06-04,09:08:09,0,0,0
2017-06-04,09:08:10,0,0,0
2017-06-04,09:08:11,0,0,0
2017-06-04,09:08:12,0,0,0
2017-06-04,09:08:13,0,0,0
2017-06-04,09:08:14,0,0,0
2017-06-04,09:08:15,0,0,0
2017-06-04,09:08:16,0,0,0
2017-06-04,09:08:17,0,0,0
2017-06-04,09:08:18,0,0,0
2017-06-04,09:08:19,0,0,0
2017-06-04,09:08:20,0,0,0
2017-06-04,09:08:21,0,0,0
2017-06-04,09:08:22,0,0,0
2017-06-04,09:08:23,0,0,0
2017-06-04,09:08:24,0,0,0
2017-06-04,09:08:25,0,0,0
2017-06-04,09:08:26,0,0,0
2017-06-04,09:08:27,0,0,0
2017-06-04,09:08:28,0,0,0
2017-06-04,09:08:29,0,0,0
2017-06-04,09:08:30,0,0,0
2017-06-04,09:08:31,0,0,0
2017-06-04,09:08:32,0,0,0
2017-06-04,09:08:33,0,0,0
2017-06-04,09:08:34,0,0,0
2017-06-04,09:08:35,0,0,0
2017-06-04,09:08:36,0,0,0
2017-06-04,09:08:37,0,0,0
2017-06-04,09:08:38,0,0,0
2017-06-04,09:08:39,0,0,0
2017-06-04,09:08:40,0,0,0
2017-06-04,09:08:41,0,0,0
2017-06-04,09:08:42,0,0,0
2017-06-04,09:08:43,0,0,0
2017-06-04,09:08:44,0,0,0
2017-06-04,09:08:45,0,0,0
2017-06-04,09:08:46,0,0,0
2017-06-04,09:08:47,0,0,0
2017-06-04,09:08:48,0,0,0
2017-06-04,09:08:49,0,0,0
2017-06-04,09:08:50,0,0,0
2017-06-04,09:08:51,0,0,0
2017-06-04,09:08:52,0,0,0
2017-06-04,09:08:53,0,0,0
2017-06-04,09:08:54,0,0,0
2017-06-04,09:08:55,0,0,0
2017-06-04,09:08:56,0,0,0
2017-06-04,09:08:57,0,0,0
2017-06-04,09:08:58,0,0,0
2017-06-04,09:08:59,0,0,0
2017-06-04,09:09:00,0,0,0
2017-06-04,09:09:01,0,0,0
2017-06-04,09:09:02,0,0,0
2017-06-04,09:09:03,0,0,0
2017-06-04,09:09:04,0,0,0
2017-06-04,09:09:05,0,0,0
2017-06-04,09:09:06,0,0,0
2017-06-04,09:09:07,0,0,0
2017-06-04,09:09:08,0,0,0
2017-06-04,09:09:09,0,0,0
2017-06-04,09:09:10,0,0,0
2017-06-04,09:09:11,0,0,0
2017-06-04,09:09:12,0,0,0
2017-06-04,09:09:13,0,0,0
2017-06-04,09:09:14,0,0,0
2017-06-04,09:09:15,0,0,0
2017-06-04,09:09:16,0,0,0
2017-06-04,09:09:17,0,0,0
2017-06-04,09:09:18,0,0,0
2017-06-04,09:09:19,0,0,0
2017-06-04,09:09:20,0,0,0
2017-06-04,09:09:21,0,0,0
2017-06-04,09:09:22,0,0,0
2017-06-04,09:09:23,0,0,0
2017-06-04,09:09:24,0,0,0
2017-06-04,09:09:25,0,0,0
2017-06-04,09:09:26,0,0,0
2017-06-04,09:09:27,0,0,0
2017-06-04,09:09:28,0,0,0
2017-06-04,09:09:29,0,0,0
2017-06-04,09:09:30,0,0,0
2017-06-04,09:09:31,0,0,0
2017-06-04,09:09:32,0,0,0
2017-06-04,09:09:33,0,0,0
2017-06-04,09:09:34,0,0,0
2017-06-04,09:09:35,0,0,0
2017-06-04,09:09:36,0,0,0
2017-06-04,09:09:37,0,0,0
2017-06-04,09:09:38,0,0,0
2017-06-04,09:09:39,0,0,0
2017-06-04,09:09:40,0,0,0
2017-06-04,09:09:41,0,0,0
2017-06-04,09:09:42,0,0,0
2017-06-04,09:09:43,0,0,0
2017-06-04,09:09:44,0,0,0
2017-06-04,09:09:45,0,0,0
2017-06-04,09:09:46,0,0,0
2017-06-04,09:09:47,0,0,0
2017-06-04,09:09:48,0,0,0
2017-06-04,09:09:49,0,0,0
2017-06-04,09:09:50,0,0,0
2017-06-04,09:09:51,0,0,0
2017-06-04,09:09:52,0,0,0
2017-06-04,09:09:53,0,0,0
2017-06-04,09:09:54,0,0,0
2017-06-04,09:09:55,0,0,0
2017-06-04,09:09:56,0,0,0
2017-06-04,09:09:57,0,0,0
2017-06-04,09:09:58,0,0,0
2017-06-04,09:09:59,0,0,0
2017-06-04,09:10:00,0,0,0
2017-06-04,09:10:01,0,0,0
2017-06-04,09:10:02,0,0,0
2017-06-04,09:10:03,0,0,0
2017-06-04,09:10:04,0,0,0
2017-06-04,09:10:05,0,0,0
2017-06-04,09:10:06,0,0,0
2017-06-04,09:10:07,0,0,0
2017-06-04,09:10:08,0,0,0
2017-06-04,09:10:09,0,0,0
2017-06-04,09:10:10,0,0,0
2017-06-04,09:10:11,0,0,0
2017-06-04,09:10:12,0,0,0
2017-06-04,09:10:13,0,0,0
2017-06-04,09:10:14,0,0,0
2017-06-04,09:10:15,0,0,0
2017-06-04,09:10:16,0,0,0
2017-06-04,09:10:17,0,0,0
2017-06-04,09:10:18,0,0,0
2017-06-04,09:10:19,0,0,0
2017-06-04,09:10:20,0,0,0
2017-06-04,09:10:21,0,0,0
2017-06-04,09:10:22,0,0,0
2017-06-04,09:10:23,0,0,0
2017-06-04,09:10:24,0,0,0
2017-06-04,09:10:25,0,0,0
2017-06-04,09:10:26,0,0,0
2017-06-04,09:10:27,0,0,0
2017-06-04,09:10:28,0,0,0
2017-06-04,09:10:29,0,0,0
2017-06-04,09:10:30,0,0,0
2017-06-04,09:10:31,0,0,0
2017-06-04,09:10:32,0,0,0
2017-06-04,09:10:33,0,0,0
2017-06-04,09:10:34,0,0,0
2017-06-04,09:10:35,0,0,0
2017-06-04,09:10:36,0,0,0
2017-06-04,09:10:37,0,0,0
2017-06-04,09:10:38,0,0,0
2017-06-04,09:10:39,0,0,0
2017-06-04,09:10:40,0,0,0
2017-06-04,09:10:41,0,0,0
2017-06-04,09:10:42,0,0,0
2017-06-04,09:10:43,0,0,0
2017-06-04,09:10:44,0,0,0
2017-06-04,09:10:45,0,0,0
2017-06-04,09:10:46,0,0,0
2017-06-04,09:10:47,0,0,0
2017-06-04,09:10:48,0,0,0
2017-06-04,09:10:49,0,0,0
2017-06-04,09:10:50,0,0,0
2017-06-04,09:10:51,0,0,0
2017-06-04,09:10:52,0,0,0
2017-06-04,09:10:53,0,0,0
2017-06-04,09:10:54,0,0,0
2017-06-04,09:10:55,0,0,0
2017-06-04,09:10:56,0,0,0
2017-06-04,09:10:57,0,0,0
2017-06-04,09:10:58,0,0,0
2017-06-04,09:10:59,0,0,0
2017-06-04,09:11:00,0,0,0
2017-06-04,09:11:01,0,0,0
2017-06-04,09:11:02,0,0,0
2017-06-04,09:11:03,0,0,0
2017-06-04,09:11:04,0,0,0
2017-06-04,09:11:05,0,0,0
2017-06-04,09:11:06,0,0,0
2017-06-04,09:11:07,0,0,0
2017-06-04,09:11:08,0,0,0
2017-06-04,09:11:09,0,0,0
2017-06-04,09:11:10,0,0,0
2017-06-04,09:11:11,0,0,0
2017-06-04,09:11:12,0,0,0
2017-06-04,09:11:13,0,0,0
2017-06-04,09:11:14,0,0,0
2017-06-04,09:11:15,0,0,0
2017-06-04,09:11:16,0,0,0
2017-06-04,09:11:17,0,0,0
2017-06-04,09:11:18,0,0,0
2017-06-04,09:11:19,0,0,0
2017-06-04,09:11:20,0,0,0
2017-06-04,09:11:21,0,0,0
2017-06-04,09:11:22,0,0,0
2017-06-04,09:11:23,0,0,0
2017-06-04,09:11:24,0,0,0
2017-06-04,09:11:25,0,0,0
2017-06-04,09:11:26,0,0,0
2017-06-04,09:11:27,0,0,0
2017-06-04,09:11:28,0,0,0
2017-06-04,09:11:29,0,0,0
2017-06-04,09:11:30,0,0,0
2017-06-04,09:11:31,0,0,0
2017-06-04,09:11:32,0,0,0
2017-06-04,09:11:33,0,0,0
2017-06-04,09:11:34,0,0,0
2017-06-04,09:11:35,0,0,0
2017-06-04,09:11:36,0,0,0
2017-06-04,09:11:37,0,0,0
2017-06-04,09:11:38,0,0,0
2017-06-04,09:11:39,0,0,0
2017-06-04,09:11:40,0,0,0
2017-06-04,09:11:41,0,0,0
2017-06-04,09:11:42,0,0,0
2017-06-04,09:11:43,0,0,0
2017-06-04,09:11:44,0,0,0
2017-06-04,09:11:45,0,0,0
2017-06-04,09:11:46,0,0,0
2017-06-04,09:11:47,0,0,0
2017-06-04,09:11:48,0,0,0
2017-06-04,09:11:49,0,0,0
2017-06-04,09:11:50,0,0,0
2017-06-04,09:11:51,0,0,0
2017-06-04,09:11:52,0,0,0
2017-06-04,09:11:53,0,0,0
2017-06-04,09:11:54,0,0,0
2017-06-04,09:11:55,0,0,0
2017-06-04,09:11:56,0,0,0
2017-06-04,09:11:57,0,0,0
2017-06-04,09:11:58,0,0,0
2017-06-04,09:11:59,0,0,0
2017-06-04,09:12:00,0,0,0
2017-06-04,09:12:01,0,0,0
2017-06-04,09:12:02,0,0,0
2017-06-04,09:12:03,0,0,0
2017-06-04,09:12:04,0,0,0
2017-06-04,09:12:05,0,0,0
2017-06-04,09:12:06,0,0,0
2017-06-04,09:12:07,0,0,0
2017-06-04,09:12:08,0,0,0
2017-06-04,09:12:09,0,0,0
2017-06-04,09:12:10,0,0,0
2017-06-04,09:12:11,0,0,0
2017-06-04,09:12:12,0,0,0
2017-06-04,09:12:13,0,0,0
2017-06-04,09:12:14,0,0,0
2017-06-04,09:12:15,0,0,0
2017-06-04,09:12:16,0,0,0
2017-06-04,09:12:17,0,0,0
2017-06-04,09:12:18,0,0,0
2017-06-04,09:12:19,0,0,0
2017-06-04,09:12:20,0,0,0
2017-06-04,09:12:21,0,0,0
2017-06-04,09:12:22,0,0,0
2017-06-04,09:12:23,0,0,0
2017-06-04,09:12:24,0,0,0
2017-06-04,09:12:25,0,0,0
2017-06-04,09:12:26,0,0,0
2017-06-04,09:12:27,0,0,0
2017-06-04,09:12:28,0,0,0
2017-06-04,09:12:29,0,0,0
2017-06-04,09:12:30,0,0,0
2017-06-04,09:12:31,0,0,0
2017-06-04,09:12:32,0,0,0
2017-06-04,09:12:33,0,0,0
2017-06-04,09:12:34,0,0,0
2017-06-04,09:12:35,0,0,0
2017-06-04,09:12:36,0,0,0
2017-06-04,09:12:37,0,0,0
2017-06-04,09:12:38,0,0,0
2017-06-04,09:12:39,0,0,0
2017-06-04,09:12:40,0,0,0
2017-06-04,09:12:41,0,0,0
2017-06-04,09:12:42,0,0,0
2017-06-04,09:12:43,0,0,0
2017-06-04,09:12:44,0,0,0
2017-06-04,09:12:45,0,0,0
2017-06-04,09:12:46,0,0,0
2017-06-04,09:12:47,0,0,0
2017-06-04,09:12:48,0,0,0
2017-06-04,09:12:49,0,0,0
2017-06-04,09:12:50,0,0,0
2017-06-04,09:12:51,0,0,0
2017-06-04,09:12:52,0,0,0
2017-06-04,09:12:53,0,0,0
2017-06-04,09:12:54,0,0,0
2017-06-04,09:12:55,0,0,0
2017-06-04,09:12:56,0,0,0
2017-06-04,09:12:57,0,0,0
2017-06-04,09:12:58,0,0,0
2017-06-04,09:12:59,0,0,0
2017-06-04,09:13:00,0,0,0
2017-06-04,09:13:01,0,0,0
2017-06-04,09:13:02,0,0,0
2017-06-04,09:13:03,0,0,0
2017-06-04,09:13:04,0,0,0
2017-06-04,09:13:05,0,0,0
2017-06-04,09:13:06,0,0,0
2017-06-04,09:13:07,0,0,0
2017-06-04,09:13:08,0,0,0
2017-06-04,09:13:09,0,0,0
2017-06-04,09:13:10,0,0,0
2017-06-04,09:13:11,0,0,0
2017-06-04,09:13:12,0,0,0
2017-06-04,09:13:13,0,0,0
2017-06-04,09:13:14,0,0,0
2017-06-04,09:13:15,0,0,0
2017-06-04,09:13:16,0,0,0
2017-06-04,09:13:17,0,0,0
2017-06-04,09:13:18,0,0,0
2017-06-04,09:13:19,0,0,0
2017-06-04,09:13:20,0,0,0
2017-06-04,09:13:21,0,0,0
2017-06-04,09:13:22,0,0,0
2017-06-04,09:13:23,0,0,0
2017-06-04,09:13:24,0,0,0
2017-06-04,09:13:25,0,0,0
2017-06-04,09:13:26,0,0,0
2017-06-04,09:13:27,0,0,0
2017-06-04,09:13:28,0,0,0
2017-06-04,09:13:29,0,0,0
2017-06-04,09:13:30,0,0,0
2017-06-04,09:13:31,0,0,0
2017-06-04,09:13:32,0,0,0
2017-06-04,09:13:33,0,0,0
2017-06-04,09:13:34,0,0,0
2017-06-04,09:13:35,0,0,0
2017-06-04,09:13:36,0,0,0
2017-06-04,09:13:37,0,0,0
2017-06-04,09:13:38,0,0,0
2017-06-04,09:13:39,0,0,0
2017-06-04,09:13:40,0,0,0
2017-06-04,09:13:41,0,0,0
2017-06-04,09:13:42,0,0,0
2017-06-04,09:13:43,0,0,0
2017-06-04,09:13:44,0,0,0
2017-06-04,09:13:45,0,0,0
2017-06-04,09:13:46,0,0,0
2017-06-04,09:13:47,0,0,0
2017-06-04,09:13:48,0,0,0
2017-06-04,09:13:49,0,0,0
2017-06-04,09:13:50,0,0,0
2017-06-04,09:13:51,0,0,0
2017-06-04,09:13:52,0,0,0
2017-06-04,09:13:53,0,0,0
2017-06-04,09:13:54,0,0,0
2017-06-04,09:13:55,0,0,0
2017-06-04,09:13:56,0,0,0
2017-06-04,09:13:57,0,0,0
2017-06-04,09:13:58,0,0,0
2017-06-04,09:13:59,0,0,0
2017-06-04,09:14:00,0,0,0
2017-06-04,09:14:01,0,0,0
2017-06-04,09:14:02,0,0,0
2017-06-04,09:14:03,0,0,0
2017-06-04,09:14:04,0,0,0
2017-06-04,09:14:05,0,0,0
2017-06-04,09:14:06,0,0,0
2017-06-04,09:14:07,0,0,0
2017-06-04,09:14:08,0,0,0
2017-06-04,09:14:09,0,0,0
2017-06-04,09:14:10,0,0,0
2017-06-04,09:14:11,0,0,0
2017-06-04,09:14:12,0,0,0
2017-06-04,09:14:13,0,0,0
2017-06-04,09:14:14,0,0,0
2017-06-04,09:14:15,0,0,0
2017-06-04,09:14:16,0,0,0
2017-06-04,09:14:17,0,0,0
2017-06-04,09:14:18,0,0,0
2017-06-04,09:14:19,0,0,0
2017-06-04,09:14:20,0,0,0
2017-06-04,09:14:21,0,0,0
2017-06-04,09:14:22,0,0,0
2017-06-04,09:14:23,0,0,0
2017-06-04,09:14:24,0,0,0
2017-06-04,09:14:25,0,0,0
2017-06-04,09:14:26,0,0,0
2017-06-04,09:14:27,0,0,0
2017-06-04,09:14:28,0,0,0
2017-06-04,09:14:29,0,0,0
2017-06-04,09:14:30,0,0,0
2017-06-04,09:14:31,0,0,0
2017-06-04,09:14:32,0,0,0
2017-06-04,09:14:33,0,0,0
2017-06-04,09:14:34,0,0,0
2017-06-04,09:14:35,0,0,0
2017-06-04,09:14:36,0,0,0
2017-06-04,09:14:37,0,0,0
2017-06-04,09:14:38,0,0,0
2017-06-04,09:14:39,0,0,0
2017-06-04,09:14:40,0,0,0
2017-06-04,09:14:41,0,0,0
2017-06-04,09:14:42,0,0,0
2017-06-04,09:14:43,0,0,0
2017-06-04,09:14:44,0,0,0
2017-06-04,09:14:45,0,0,0
2017-06-04,09:14:46,0,0,0
2017-06-04,09:14:47,0,0,0
2017-06-04,09:14:48,0,0,0
2017-06-04,09:14:49,0,0,0
2017-06-04,09:14:50,0,0,0
2017-06-04,09:14:51,0,0,0
2017-06-04,09:14:52,0,0,0
2017-06-04,09:14:53,0,0,0
2017-06-04,09:14:54,0,0,0
2017-06-04,09:14:55,0,0,0
2017-06-04,09:14:56,0,0,0
2017-06-04,09:14:57,0,0,0
2017-06-04,09:14:58,0,0,0
2017-06-04,09:14:59,0,0,0
2017-06-04,09:15:00,0,0,0
2017-06-04,09:15:01,0,0,0
2017-06-04,09:15:02,0,0,0
2017-06-04,09:15:03,0,0,0
2017-06-04,09:15:04,0,0,0
2017-06-04,09:15:05,0,0,0
2017-06-04,09:15:06,0,0,0
2017-06-04,09:15:07,0,0,0
2017-06-04,09:15:08,0,0,0
2017-06-04,09:15:09,0,0,0
2017-06-04,09:15:10,0,0,0
2017-06-04,09:15:11,0,0,0
2017-06-04,09:15:12,0,0,0
2017-06-04,09:15:13,0,0,0
2017-06-04,09:15:14,0,0,0
2017-06-04,09:15:15,0,0,0
2017-06-04,09:15:16,0,0,0
2017-06-04,09:15:17,0,0,0
2017-06-04,09:15:18,0,0,0
2017-06-04,09:15:19,0,0,0
2017-06-04,09:15:20,0,0,0
2017-06-04,09:15:21,0,0,0
2017-06-04,09:15:22,0,0,0
2017-06-04,09:15:23,0,0,0
2017-06-04,09:15:24,0,0,0
2017-06-04,09:15:25,0,0,0
2017-06-04,09:15:26,0,0,0
2017-06-04,09:15:27,0,0,0
2017-06-04,09:15:28,0,0,0
2017-06-04,09:15:29,0,0,0
2017-06-04,09:15:30,0,0,0
2017-06-04,09:15:31,0,0,0
2017-06-04,09:15:32,0,0,0
2017-06-04,09:15:33,0,0,0
2017-06-04,09:15:34,0,0,0
2017-06-04,09:15:35,0,0,0
2017-06-04,09:15:36,0,0,0
2017-06-04,09:15:37,0,0,0
2017-06-04,09:15:38,0,0,0
2017-06-04,09:15:39,0,0,0
2017-06-04,09:15:40,0,0,0
2017-06-04,09:15:41,0,0,0
2017-06-04,09:15:42,0,0,0
2017-06-04,09:15:43,0,0,0
2017-06-04,09:15:44,0,0,0
2017-06-04,09:15:45,0,0,0
2017-06-04,09:15:46,0,0,0
2017-06-04,09:15:47,0,0,0
2017-06-04,09:15:48,0,0,0
2017-06-04,09:15:49,0,0,0
2017-06-04,09:15:50,0,0,0
2017-06-04,09:15:51,0,0,0
2017-06-04,09:15:52,0,0,0
2017-06-04,09:15:53,0,0,0
2017-06-04,09:15:54,0,0,0
2017-06-04,09:15:55,0,0,0
2017-06-04,09:15:56,0,0,0
2017-06-04,09:15:57,0,0,0
2017-06-04,09:15:58,0,0,0
2017-06-04,09:15:59,0,0,0
2017-06-04,09:16:00,0,0,0
2017-06-04,09:16:01,0,0,0
2017-06-04,09:16:02,0,0,0
2017-06-04,09:16:03,0,0,0
2017-06-04,09:16:04,0,0,0
2017-06-04,09:16:05,0,0,0
2017-06-04,09:16:06,0,0,0
2017-06-04,09:16:07,0,0,0
2017-06-04,09:16:08,0,0,0
2017-06-04,09:16:09,0,0,0
2017-06-04,09:16:10,0,0,0
2017-06-04,09:16:11,0,0,0
2017-06-04,09:16:12,0,0,0
2017-06-04,09:16:13,0,0,0
2017-06-04,09:16:14,0,0,0
2017-06-04,09:16:15,0,0,0
2017-06-04,09:16:16,0,0,0
2017-06-04,09:16:17,0,0,0
2017-06-04,09:16:18,0,0,0
2017-06-04,09:16:19,0,0,0
2017-06-04,09:16:20,0,0,0
2017-06-04,09:16:21,0,0,0
2017-06-04,09:16:22,0,0,0
2017-06-04,09:16:23,0,0,0
2017-06-04,09:16:24,0,0,0
2017-06-04,09:16:25,0,0,0
2017-06-04,09:16:26,0,0,0
2017-06-04,09:16:27,0,0,0
2017-06-04,09:16:28,0,0,0
2017-06-04,09:16:29,0,0,0
2017-06-04,09:16:30,0,0,0
2017-06-04,09:16:31,0,0,0
2017-06-04,09:16:32,0,0,0
2017-06-04,09:16:33,0,0,0
2017-06-04,09:16:34,0,0,0
2017-06-04,09:16:35,0,0,0
2017-06-04,09:16:36,0,0,0
2017-06-04,09:16:37,0,0,0
2017-06-04,09:16:38,0,0,0
2017-06-04,09:16:39,0,0,0
2017-06-04,09:16:40,0,0,0
2017-06-04,09:16:41,0,0,0
2017-06-04,09:16:42,0,0,0
2017-06-04,09:16:43,0,0,0
2017-06-04,09:16:44,0,0,0
2017-06-04,09:16:45,0,0,0
2017-06-04,09:16:46,0,0,0
2017-06-04,09:16:47,0,0,0
2017-06-04,09:16:48,0,0,0
2017-06-04,09:16:49,0,0,0
2017-06-04,09:16:50,0,0,0
2017-06-04,09:16:51,0,0,0
2017-06-04,09:16:52,0,0,0
2017-06-04,09:16:53,0,0,0
2017-06-04,09:16:54,0,0,0
2017-06-04,09:16:55,0,0,0
2017-06-04,09:16:56,0,0,0
2017-06-04,09:16:57,0,0,0
2017-06-04,09:16:58,0,0,0
2017-06-04,09:16:59,0,0,0
2017-06-04,09:17:00,0,0,0
2017-06-04,09:17:01,0,0,0
2017-06-04,09:17:02,0,0,0
2017-06-04,09:17:03,0,0,0
2017-06-04,09:17:04,0,0,0
2017-06-04,09:17:05,0,0,0
2017-06-04,09:17:06,0,0,0
2017-06-04,09:17:07,0,0,0
2017-06-04,09:17:08,0,0,0
2017-06-04,09:17:09,0,0,0
2017-06-04,09:17:10,0,0,0
2017-06-04,09:17:11,0,0,0
2017-06-04,09:17:12,0,0,0
2017-06-04,09:17:13,0,0,0
2017-06-04,09:17:14,0,0,0
2017-06-04,09:17:15,0,0,0
2017-06-04,09:17:16,0,0,0
2017-06-04,09:17:17,0,0,0
2017-06-04,09:17:18,0,0,0
2017-06-04,09:17:19,0,0,0
2017-06-04,09:17:20,0,0,0
2017-06-04,09:17:21,0,0,0
2017-06-04,09:17:22,0,0,0
2017-06-04,09:17:23,0,0,0
2017-06-04,09:17:24,0,0,0
2017-06-04,09:17:25,0,0,0
2017-06-04,09:17:26,0,0,0
2017-06-04,09:17:27,0,0,0
2017-06-04,09:17:28,0,0,0
2017-06-04,09:17:29,0,0,0
2017-06-04,09:17:30,0,0,0
2017-06-04,09:17:31,0,0,0
2017-06-04,09:17:32,0,0,0
2017-06-04,09:17:33,0,0,0
2017-06-04,09:17:34,0,0,0
2017-06-04,09:17:35,0,0,0
2017-06-04,09:17:36,0,0,0
2017-06-04,09:17:37,0,0,0
2017-06-04,09:17:38,0,0,0
2017-06-04,09:17:39,0,0,0
2017-06-04,09:17:40,0,0,0
2017-06-04,09:17:41,0,0,0
2017-06-04,09:17:42,0,0,0
2017-06-04,09:17:43,0,0,0
2017-06-04,09:17:44,0,0,0
2017-06-04,09:17:45,0,0,0
2017-06-04,09:17:46,0,0,0
2017-06-04,09:17:47,0,0,0
2017-06-04,09:17:48,0,0,0
2017-06-04,09:17:49,0,0,0
2017-06-04,09:17:50,0,0,0
2017-06-04,09:17:51,0,0,0
2017-06-04,09:17:52,0,0,0
2017-06-04,09:17:53,0,0,0
2017-06-04,09:17:54,0,0,0
2017-06-04,09:17:55,0,0,0
2017-06-04,09:17:56,0,0,0
2017-06-04,09:17:57,0,0,0
2017-06-04,09:17:58,0,0,0
2017-06-04,09:17:59,0,0,0
2017-06-04,09:18:00,0,0,0
2017-06-04,09:18:01,0,0,0
2017-06-04,09:18:02,0,0,0
2017-06-04,09:18:03,0,0,0
2017-06-04,09:18:04,0,0,0
2017-06-04,09:18:05,0,0,0
2017-06-04,09:18:06,0,0,0
2017-06-04,09:18:07,0,0,0
2017-06-04,09:18:08,0,0,0
2017-06-04,09:18:09,0,0,0
2017-06-04,09:18:10,0,0,0
2017-06-04,09:18:11,0,0,0
2017-06-04,09:18:12,0,0,0
2017-06-04,09:18:13,0,0,0
2017-06-04,09:18:14,0,0,0
2017-06-04,09:18:15,0,0,0
2017-06-04,09:18:16,0,0,0
2017-06-04,09:18:17,0,0,0
2017-06-04,09:18:18,0,0,0
2017-06-04,09:18:19,0,0,0
2017-06-04,09:18:20,0,0,0
2017-06-04,09:18:21,0,0,0
2017-06-04,09:18:22,0,0,0
2017-06-04,09:18:23,0,0,0
2017-06-04,09:18:24,0,0,0
2017-06-04,09:18:25,0,0,0
2017-06-04,09:18:26,0,0,0
2017-06-04,09:18:27,0,0,0
2017-06-04,09:18:28,0,0,0
2017-06-04,09:18:29,0,0,0
2017-06-04,09:18:30,0,0,0
2017-06-04,09:18:31,0,0,0
2017-06-04,09:18:32,0,0,0
2017-06-04,09:18:33,0,0,0
2017-06-04,09:18:34,0,0,0
2017-06-04,09:18:35,0,0,0
2017-06-04,09:18:36,0,0,0
2017-06-04,09:18:37,0,0,0
2017-06-04,09:18:38,0,0,0
2017-06-04,09:18:39,0,0,0
2017-06-04,09:18:40,0,0,0
2017-06-04,09:18:41,0,0,0
2017-06-04,09:18:42,0,0,0
2017-06-04,09:18:43,0,0,0
2017-06-04,09:18:44,0,0,0
2017-06-04,09:18:45,0,0,0
2017-06-04,09:18:46,0,0,0
2017-06-04,09:18:47,0,0,0
2017-06-04,09:18:48,0,0,0
2017-06-04,09:18:49,0,0,0
2017-06-04,09:18:50,0,0,0
2017-06-04,09:18:51,0,0,0
2017-06-04,09:18:52,0,0,0
2017-06-04,09:18:53,0,0,0
2017-06-04,09:18:54,0,0,0
2017-06-04,09:18:55,0,0,0
2017-06-04,09:18:56,0,0,0
2017-06-04,09:18:57,0,0,0
2017-06-04,09:18:58,0,0,0
2017-06-04,09:18:59,0,0,0
2017-06-04,09:19:00,0,0,0
2017-06-04,09:19:01,0,0,0
2017-06-04,09:19:02,0,0,0
2017-06-04,09:19:03,0,0,0
2017-06-04,09:19:04,0,0,0
2017-06-04,09:19:05,0,0,0
2017-06-04,09:19:06,0,0,0
2017-06-04,09:19:07,0,0,0
2017-06-04,09:19:08,0,0,2
2017-06-04,09:19:09,0,0,2
2017-06-04,09:19:10,0,0,2
2017-06-04,09:19:11,0,0,2
2017-06-04,09:19:12,0,0,2
2017-06-04,09:19:13,0,0,2
2017-06-04,09:19:14,0,0,2
2017-06-04,09:19:15,0,0,2
2017-06-04,09:19:16,0,0,2
2017-06-04,09:19:17,0,0,2
2017-06-04,09:19:18,0,0,2
2017-06-04,09:19:19,0,0,2
2017-06-04,09:19:20,0,0,2
2017-06-04,09:19:21,0,0,2
2017-06-04,09:19:22,0,0,2
2017-06-04,09:19:23,0,0,2
2017-06-04,09:19:24,0,0,2
2017-06-04,09:19:25,0,0,2
2017-06-04,09:19:26,0,0,2
2017-06-04,09:19:27,0,0,2
2017-06-04,09:19:28,0,0,2
2017-06-04,09:19:29,0,0,2
2017-06-04,09:19:30,0,0,2
2017-06-04,09:19:31,0,0,2
2017-06-04,09:19:32,0,0,2
2017-06-04,09:19:33,0,0,2
2017-06-04,09:19:34,0,0,2
2017-06-04,09:19:35,0,0,2
2017-06-04,09:19:36,0,0,2
2017-06-04,09:19:37,0,0,2
2017-06-04,09:19:38,0,0,2
2017-06-04,09:19:39,0,0,2
2017-06-04,09:19:40,0,0,2
2017-06-04,09:19:41,0,0,2
2017-06-04,09:19:42,0,0,2
2017-06-04,09:19:43,0,0,2
2017-06-04,09:19:44,0,0,2
2017-06-04,09:19:45,0,0,2
2017-06-04,09:19:46,0,0,2
2017-06-04,09:19:47,0,0,2
2017-06-04,09:19:48,0,0,2
2017-06-04,09:19:49,0,0,2
2017-06-04,09:19:50,0,0,2
2017-06-04,09:19:51,0,0,2
2017-06-04,09:19:52,0,0,2
2017-06-04,09:19:53,0,0,2
2017-06-04,09:19:54,0,0,2
2017-06-04,09:19:55,0,0,2
2017-06-04,09:19:56,0,0,2
2017-06-04,09:19:57,0,0,2
2017-06-04,09:19:58,0,0,2
2017-06-04,09:19:59,0,0,2
2017-06-04,09:20:00,0,0,2
2017-06-04,09:20:01,0,0,2
2017-06-04,09:20:02,0,0,2
2017-06-04,09:20:03,0,0,2
2017-06-04,09:20:04,0,0,2
2017-06-04,09:20:05,0,0,2
2017-06-04,09:20:06,0,0,2
2017-06-04,09:20:07,0,1,3
2017-06-04,09:20:08,0,0,3
2017-06-04,09:20:09,0,0,3
2017-06-04,09:20:10,0,0,3
2017-06-04,09:20:11,0,0,3
2017-06-04,09:20:12,0,0,3
2017-06-04,09:20:13,0,0,3
2017-06-04,09:20:14,0,0,3
2017-06-04,09:20:15,0,0,3
2017-06-04,09:20:16,0,0,3
2017-06-04,09:20:17,0,0,3
2017-06-04,09:20:18,0,0,3
2017-06-04,09:20:19,0,0,3
2017-06-04,09:20:20,0,0,3
2017-06-04,09:20:21,0,0,3
2017-06-04,09:20:22,0,0,3
2017-06-04,09:20:23,0,0,3
2017-06-04,09:20:24,0,0,3
2017-06-04,09:20:25,0,0,3
2017-06-04,09:20:26,0,0,3
2017-06-04,09:20:27,0,0,3
2017-06-04,09:20:28,0,0,3
2017-06-04,09:20:29,0,0,3
2017-06-04,09:20:30,0,0,3
2017-06-04,09:20:31,0,0,3
2017-06-04,09:20:32,0,0,3
2017-06-04,09:20:33,0,0,3
2017-06-04,09:20:34,0,0,3
2017-06-04,09:20:35,0,0,3
2017-06-04,09:20:36,0,0,3
2017-06-04,09:20:37,0,0,3
2017-06-04,09:20:38,0,0,3
2017-06-04,09:20:39,0,0,3
2017-06-04,09:20:40,0,0,3
2017-06-04,09:20:41,0,0,3
2017-06-04,09:20:42,0,0,3
2017-06-04,09:20:43,0,0,3
2017-06-04,09:20:44,0,0,3
2017-06-04,09:20:45,0,0,3
2017-06-04,09:20:46,0,0,3
2017-06-04,09:20:47,0,0,3
2017-06-04,09:20:48,0,0,3
2017-06-04,09:20:49,0,0,3
2017-06-04,09:20:50,0,0,3
2017-06-04,09:20:51,0,0,3
2017-06-04,09:20:52,0,0,3
2017-06-04,09:20:53,0,0,3
2017-06-04,09:20:54,0,0,3
2017-06-04,09:20:55,0,0,3
2017-06-04,09:20:56,0,0,3
2017-06-04,09:20:57,0,0,3
2017-06-04,09:20:58,0,0,3
2017-06-04,09:20:59,0,0,3
2017-06-04,09:21:00,0,0,3
2017-06-04,09:21:01,0,0,3
2017-06-04,09:21:02,0,0,3
2017-06-04,09:21:03,0,0,3
2017-06-04,09:21:04,0,0,3
2017-06-04,09:21:05,0,0,3
2017-06-04,09:21:06,0,0,3
2017-06-04,09:21:07,0,0,4
2017-06-04,09:21:08,0,0,4
2017-06-04,09:21:09,0,0,4
2017-06-04,09:21:10,0,0,4
2017-06-04,09:21:11,0,0,4
2017-06-04,09:21:12,0,0,4
2017-06-04,09:21:13,0,0,4
2017-06-04,09:21:14,0,0,4
2017-06-04,09:21:15,0,0,4
2017-06-04,09:21:16,0,0,4
2017-06-04,09:21:17,0,0,4
2017-06-04,09:21:18,0,0,4
2017-06-04,09:21:19,0,0,4
2017-06-04,09:21:20,0,0,4
2017-06-04,09:21:21,0,0,4
2017-06-04,09:21:22,0,0,4
2017-06-04,09:21:23,0,0,4
2017-06-04,09:21:24,0,0,4
2017-06-04,09:21:25,0,0,4
2017-06-04,09:21:26,0,0,4
2017-06-04,09:21:27,0,0,4
2017-06-04,09:21:28,0,0,4
2017-06-04,09:21:29,0,0,4
2017-06-04,09:21:30,0,0,4
2017-06-04,09:21:31,0,0,4
2017-06-04,09:21:32,0,0,4
2017-06-04,09:21:33,0,0,4
2017-06-04,09:21:34,0,0,4
2017-06-04,09:21:35,0,0,4
2017-06-04,09:21:36,0,0,4
2017-06-04,09:21:37,0,0,4
2017-06-04,09:21:38,0,0,4
2017-06-04,09:21:39,0,0,4
2017-06-04,09:21:40,0,0,4
2017-06-04,09:21:41,0,0,4
2017-06-04,09:21:42,0,0,4
2017-06-04,09:21:43,0,0,4
2017-06-04,09:21:44,0,0,4
2017-06-04,09:21:45,0,0,4
2017-06-04,09:21:46,0,0,4
2017-06-04,09:21:47,0,0,4
2017-06-04,09:21:48,0,0,4
2017-06-04,09:21:49,0,0,4
2017-06-04,09:21:50,0,0,4
2017-06-04,09:21:51,0,0,4
2017-06-04,09:21:52,0,0,4
2017-06-04,09:21:53,0,0,4
2017-06-04,09:21:54,0,0,4
2017-06-04,09:21:55,0,0,4
2017-06-04,09:21:56,0,0,4
2017-06-04,09:21:57,0,0,4
2017-06-04,09:21:58,0,0,4
2017-06-04,09:21:59,0,0,4
2017-06-04,09:22:00,0,0,4
2017-06-04,09:22:01,0,0,4
2017-06-04,09:22:02,0,0,4
2017-06-04,09:22:03,0,0,4
2017-06-04,09:22:04,0,0,4
2017-06-04,09:22:05,0,0,4
2017-06-04,09:22:06,0,0,4
2017-06-04,09:22:07,0,0,5
2017-06-04,09:22:08,0,0,5
2017-06-04,09:22:09,0,0,5
2017-06-04,09:22:10,0,0,5
2017-06-04,09:22:11,0,0,5
2017-06-04,09:22:12,0,0,5
2017-06-04,09:22:13,0,0,5
2017-06-04,09:22:14,0,0,5
2017-06-04,09:22:15,0,0,5
2017-06-04,09:22:16,0,0,5
2017-06-04,09:22:17,0,0,5
2017-06-04,09:22:18,0,0,5
2017-06-04,09:22:19,0,0,5
2017-06-04,09:22:20,0,0,5
2017-06-04,09:22:21,0,0,5
2017-06-04,09:22:22,0,0,5
2017-06-04,09:22:23,0,0,5
2017-06-04,09:22:24,0,0,5
2017-06-04,09:22:25,0,0,5
2017-06-04,09:22:26,0,0,5
2017-06-04,09:22:27,0,0,5
2017-06-04,09:22:28,0,0,5
2017-06-04,09:22:29,0,0,5
2017-06-04,09:22:30,0,0,5
2017-06-04,09:22:31,0,0,5
2017-06-04,09:22:32,0,0,5
2017-06-04,09:22:33,0,0,5
2017-06-04,09:22:34,0,0,5
2017-06-04,09:22:35,0,0,5
2017-06-04,09:22:36,0,0,5
2017-06-04,09:22:37,0,0,5
2017-06-04,09:22:38,0,0,5
2017-06-04,09:22:39,0,0,5
2017-06-04,09:22:40,0,0,5
2017-06-04,09:22:41,0,0,5
2017-06-04,09:22:42,0,0,5
2017-06-04,09:22:43,0,0,5
2017-06-04,09:22:44,0,0,5
2017-06-04,09:22:45,0,0,5
2017-06-04,09:22:46,0,0,5
2017-06-04,09:22:47,0,0,5
2017-06-04,09:22:48,0,0,5
2017-06-04,09:22:49,0,0,5
2017-06-04,09:22:50,0,0,5
2017-06-04,09:22:51,0,0,5
2017-06-04,09:22:52,0,0,5
2017-06-04,09:22:53,0,0,5
2017-06-04,09:22:54,0,0,5
2017-06-04,09:22:55,0,0,5
2017-06-04,09:22:56,0,0,5
2017-06-04,09:22:57,0,0,5
2017-06-04,09:22:58,0,0,5
2017-06-04,09:22:59,0,0,5
2017-06-04,09:23:00,0,0,5
2017-06-04,09:23:01,0,0,5
2017-06-04,09:23:02,0,0,5
2017-06-04,09:23:03,0,0,5
2017-06-04,09:23:04,0,0,5
2017-06-04,09:23:05,0,0,5
2017-06-04,09:23:06,0,0,5
2017-06-04,09:23:07,0,0,6
2017-06-04,09:23:08,0,0,6
2017-06-04,09:23:09,0,0,6
2017-06-04,09:23:10,0,0,6
2017-06-04,09:23:11,0,0,6
2017-06-04,09:23:12,0,0,6
2017-06-04,09:23:13,0,0,6
2017-06-04,09:23:14,0,0,6
2017-06-04,09:23:15,0,0,6
2017-06-04,09:23:16,0,0,6
2017-06-04,09:23:17,0,0,6
2017-06-04,09:23:18,0,0,6
2017-06-04,09:23:19,0,0,6
2017-06-04,09:23:20,0,0,6
2017-06-04,09:23:21,0,0,6
2017-06-04,09:23:22,0,0,6
2017-06-04,09:23:23,0,0,6
2017-06-04,09:23:24,0,0,6
2017-06-04,09:23:25,0,0,6
2017-06-04,09:23:26,0,0,6
2017-06-04,09:23:27,0,0,6
2017-06-04,09:23:28,0,0,6
2017-06-04,09:23:29,0,0,6
2017-06-04,09:23:30,0,0,6
2017-06-04,09:23:31,0,0,6
2017-06-04,09:23:32,0,0,6
2017-06-04,09:23:33,0,0,6
2017-06-04,09:23:34,0,0,6
2017-06-04,09:23:35,0,0,6
2017-06-04,09:23:36,0,0,6
2017-06-04,09:23:37,0,0,6
2017-06-04,09:23:38,0,0,6
2017-06-04,09:23:39,0,0,6
2017-06-04,09:23:40,0,0,6
2017-06-04,09:23:41,0,0,6
2017-06-04,09:23:42,0,0,6
2017-06-04,09:23:43,0,0,6
2017-06-04,09:23:44,0,0,6
2017-06-04,09:23:45,0,0,6
2017-06-04,09:23:46,0,0,6
2017-06-04,09:23:47,0,0,6
2017-06-04,09:23:48,0,0,6
2017-06-04,09:23:49,0,0,6
2017-06-04,09:23:50,0,0,6
2017-06-04,09:23:51,0,0,6
2017-06-04,09:23:52,0,0,6
2017-06-04,09:23:53,0,0,6
2017-06-04,09:23:54,0,0,6
2017-06-04,09:23:55,0,0,6
2017-06-04,09:23:56,0,0,6
2017-06-04,09:23:57,0,0,6
2017-06-04,09:23:58,0,0,6
2017-06-04,09:23:59,0,0,6
2017-06-04,09:24:00,0,0,6
2017-06-04,09:24:01,0,0,6
2017-06-04,09:24:02,0,0,6
2017-06-04,09:24:03,0,0,6
2017-06-04,09:24:04,0,0,6
2017-06-04,09:24:05,0,0,6
2017-06-04,09:24:06,0,0,6
2017-06-04,09:24:07,0,0,7
2017-06-04,09:24:08,0,0,7
2017-06-04,09:24:09,0,0,7
2017-06-04,09:24:10,0,0,7
2017-06-04,09:24:11,0,0,7
2017-06-04,09:24:12,0,0,7
2017-06-04,09:24:13,0,0,7
2017-06-04,09:24:14,0,0,7
2017-06-04,09:24:15,0,0,7
2017-06-04,09:24:16,0,0,7
2017-06-04,09:24:17,0,0,7
2017-06-04,09:24:18,0,0,7
2017-06-04,09:24:19,0,0,7
2017-06-04,09:24:20,0,0,7
2017-06-04,09:24:21,0,0,7
2017-06-04,09:24:22,0,0,7
2017-06-04,09:24:23,0,0,7
2017-06-04,09:24:24,0,0,7
2017-06-04,09:24:25,0,0,7
2017-06-04,09:24:26,0,0,7
2017-06-04,09:24:27,0,0,7
2017-06-04,09:24:28,0,0,7
2017-06-04,09:24:29,0,0,7
2017-06-04,09:24:30,0,0,7
2017-06-04,09:24:31,0,0,7
2017-06-04,09:24:32,0,0,7
2017-06-04,09:24:33,0,0,7
2017-06-04,09:24:34,0,0,7
2017-06-04,09:24:35,0,0,7
2017-06-04,09:24:36,0,0,7
2017-06-04,09:24:37,0,0,7
2017-06-04,09:24:38,0,0,7
2017-06-04,09:24:39,0,0,7
2017-06-04,09:24:40,0,0,7
2017-06-04,09:24:41,0,0,7
2017-06-04,09:24:42,0,0,7
2017-06-04,09:24:43,0,0,7
2017-06-04,09:24:44,0,0,7
2017-06-04,09:24:45,0,0,7
2017-06-04,09:24:46,0,0,7
2017-06-04,09:24:47,0,0,7
2017-06-04,09:24:48,0,0,7
2017-06-04,09:24:49,0,0,7
2017-06-04,09:24:50,0,0,7
2017-06-04,09:24:51,0,0,7
2017-06-04,09:24:52,0,0,7
2017-06-04,09:24:53,0,0,7
2017-06-04,09:24:54,0,0,7
2017-06-04,09:24:55,0,0,7
2017-06-04,09:24:56,0,0,7
2017-06-04,09:24:57,0,0,7
2017-06-04,09:24:58,0,0,7
2017-06-04,09:24:59,0,0,7
2017-06-04,09:25:00,0,0,7
2017-06-04,09:25:01,0,0,7
2017-06-04,09:25:02,0,0,7
2017-06-04,09:25:03,0,0,7
2017-06-04,09:25:04,0,0,7
2017-06-04,09:25:05,0,0,7
2017-06-04,09:25:06,0,0,7
2017-06-04,09:25:07,0,0,1
2017-06-04,09:25:08,0,0,1
2017-06-04,09:25:09,0,0,1
2017-06-04,09:25:10,0,0,1
2017-06-04,09:25:11,0,0,1
2017-06-04,09:25:12,0,0,1
2017-06-04,09:25:13,0,0,1
2017-06-04,09:25:14,0,0,1
2017-06-04,09:25:15,0,0,1
2017-06-04,09:25:16,0,0,1
2017-06-04,09:25:17,0,0,1
2017-06-04,09:25:18,0,0,1
2017-06-04,09:25:19,0,0,1
2017-06-04,09:25:20,0,0,1
2017-06-04,09:25:21,0,0,1
2017-06-04,09:25:22,0,0,1
2017-06-04,09:25:23,0,0,1
2017-06-04,09:25:24,0,0,1
2017-06-04,09:25:25,0,0,1
2017-06-04,09:25:26,0,0,1
2017-06-04,09:25:27,0,0,1
2017-06-04,09:25:28,0,0,1
2017-06-04,09:25:29,0,0,1
2017-06-04,09:25:30,0,0,1
2017-06-04,09:25:31,0,0,1
2017-06-04,09:25:32,0,0,1
2017-06-04,09:25:33,0,0,1
2017-06-04,09:25:34,0,0,1
2017-06-04,09:25:35,0,0,1
2017-06-04,09:25:36,0,0,1
2017-06-04,09:25:37,0,0,1
2017-06-04,09:25:38,0,0,1
2017-06-04,09:25:39,0,0,1
2017-06-04,09:25:40,0,0,1
2017-06-04,09:25:41,0,0,1
2017-06-04,09:25:42,0,0,1
2017-06-04,09:25:43,0,0,1
2017-06-04,09:25:44,0,0,1
2017-06-04,09:25:45,0,0,1
2017-06-04,09:25:46,0,0,1
2017-06-04,09:25:47,0,0,1
2017-06-04,09:25:48,0,0,1
2017-06-04,09:25:49,0,0,1
2017-06-04,09:25:50,0,0,1
2017-06-04,09:25:51,0,0,1
2017-06-04,09:25:52,0,0,1
2017-06-04,09:25:53,0,0,1
2017-06-04,09:25:54,0,0,1
2017-06-04,09:25:55,0,0,1
2017-06-04,09:25:56,0,0,1
2017-06-04,09:25:57,0,0,1
2017-06-04,09:25:58,0,0,1
2017-06-04,09:25:59,0,0,1
2017-06-04,09:26:00,0,0,1
2017-06-04,09:26:01,0,0,1
2017-06-04,09:26:02,0,0,1
2017-06-04,09:26:03,0,0,1
2017-06-04,09:26:04,0,0,1
2017-06-04,09:26:05,0,0,1
2017-06-04,09:26:06,0,0,1
2017-06-04,09:26:07,0,0,2
2017-06-04,09:26:08,0,0,2
2017-06-04,09:26:09,0,0,2
2017-06-04,09:26:10,0,0,2
2017-06-04,09:26:11,0,0,2
2017-06-04,09:26:12,0,0,2
2017-06-04,09:26:13,0,0,2
2017-06-04,09:26:14,0,0,2
2017-06-04,09:26:15,0,0,2
2017-06-04,09:26:16,0,0,2
2017-06-04,09:26:17,0,0,2
2017-06-04,09:26:18,0,0,2
2017-06-04,09:26:19,0,0,2
2017-06-04,09:26:20,0,0,2
2017-06-04,09:26:21,0,0,2
2017-06-04,09:26:22,0,0,2
2017-06-04,09:26:23,0,0,2
2017-06-04,09:26:24,0,0,2
2017-06-04,09:26:25,0,0,2
2017-06-04,09:26:26,0,0,2
2017-06-04,09:26:27,0,0,2
2017-06-04,09:26:28,0,0,2
2017-06-04,09:26:29,0,0,2
2017-06-04,09:26:30,0,0,2
2017-06-04,09:26:31,0,0,2
2017-06-04,09:26:32,0,0,2
2017-06-04,09:26:33,0,0,2
2017-06-04,09:26:34,0,0,2
2017-06-04,09:26:35,0,0,2
2017-06-04,09:26:36,0,0,2
2017-06-04,09:26:37,0,0,2
2017-06-04,09:26:38,0,0,2
2017-06-04,09:26:39,0,0,2
2017-06-04,09:26:40,0,0,2
2017-06-04,09:26:41,0,0,2
2017-06-04,09:26:42,0,0,2
2017-06-04,09:26:43,0,0,2
2017-06-04,09:26:44,0,0,2
2017-06-04,09:26:45,0,0,2
2017-06-04,09:26:46,0,0,2
2017-06-04,09:26:47,0,0,2
2017-06-04,09:26:48,0,0,2
2017-06-04,09:26:49,0,0,2
2017-06-04,09:26:50,0,0,2
2017-06-04,09:26:51,0,0,2
2017-06-04,09:26:52,0,0,2
2017-06-04,09:26:53,0,0,2
2017-06-04,09:26:54,0,0,2
2017-06-04,09:26:55,0,0,2
2017-06-04,09:26:56,0,0,2
2017-06-04,09:26:57,0,0,2
2017-06-04,09:26:58,0,0,2
2017-06-04,09:26:59,0,0,2
2017-06-04,09:27:00,0,0,2
2017-06-04,09:27:01,0,0,2
2017-06-04,09:27:02,0,0,2
2017-06-04,09:27:03,0,0,2
2017-06-04,09:27:04,0,0,2
2017-06-04,09:27:05,0,0,2
2017-06-04,09:27:06,26785,0,2
2017-06-04,09:27:07,0,0,3
2017-06-04,09:27:08,0,0,3
2017-06-04,09:27:09,0,0,3
2017-06-04,09:27:10,0,0,3
2017-06-04,09:27:11,0,0,3
2017-06-04,09:27:12,0,0,3
2017-06-04,09:27:13,0,0,3
2017-06-04,09:27:14,0,0,3
2017-06-04,09:27:15,0,0,3
2017-06-04,09:27:16,0,0,3
2017-06-04,09:27:17,0,0,3
2017-06-04,09:27:18,0,0,3
2017-06-04,09:27:19,0,0,3
2017-06-04,09:27:20,0,0,3
2017-06-04,09:27:21,0,0,3
2017-06-04,09:27:22,0,0,3
2017-06-04,09:27:23,0,0,3
2017-06-04,09:27:24,0,0,3
2017-06-04,09:27:25,0,0,3
2017-06-04,09:27:26,0,0,3
2017-06-04,09:27:27,0,0,3
2017-06-04,09:27:28,40542,0,3
2017-06-04,09:27:29,0,0,3
2017-06-04,09:27:30,0,0,3
2017-06-04,09:27:31,0,0,3
2017-06-04,09:27:32,0,0,3
2017-06-04,09:27:33,0,0,3
2017-06-04,09:27:34,0,0,3
2017-06-04,09:27:35,0,0,3
2017-06-04,09:27:36,0,0,3
2017-06-04,09:27:37,0,0,3
2017-06-04,09:27:38,0,0,3
2017-06-04,09:27:39,0,0,3
2017-06-04,09:27:40,0,0,3
2017-06-04,09:27:41,0,0,3
2017-06-04,09:27:42,0,0,3
2017-06-04,09:27:43,0,0,3
2017-06-04,09:27:44,0,0,3
2017-06-04,09:27:45,0,0,3
2017-06-04,09:27:46,0,0,3
2017-06-04,09:27:47,0,0,3
2017-06-04,09:27:48,0,0,3
2017-06-04,09:27:49,0,0,3
2017-06-04,09:27:50,0,0,3
2017-06-04,09:27:51,0,0,3
2017-06-04,09:27:52,0,0,3
2017-06-04,09:27:53,0,0,3
2017-06-04,09:27:54,0,0,3
2017-06-04,09:27:55,0,0,3
2017-06-04,09:27:56,0,0,3
2017-06-04,09:27:57,0,0,3
2017-06-04,09:27:58,0,0,3
2017-06-04,09:27:59,0,0,3
2017-06-04,09:28:00,0,0,3
2017-06-04,09:28:01,0,0,3
2017-06-04,09:28:02,0,0,3
2017-06-04,09:28:03,0,0,3
2017-06-04,09:28:04,0,0,3
2017-06-04,09:28:05,0,0,3
2017-06-04,09:28:06,0,0,3
2017-06-04,09:28:07,0,0,4
2017-06-04,09:28:08,0,0,4
2017-06-04,09:28:09,0,0,4
2017-06-04,09:28:10,0,0,4
2017-06-04,09:28:11,0,0,4
2017-06-04,09:28:12,0,0,4
2017-06-04,09:28:13,0,0,4
2017-06-04,09:28:14,0,0,4
2017-06-04,09:28:15,0,0,4
2017-06-04,09:28:16,0,0,4
2017-06-04,09:28:17,0,0,4
2017-06-04,09:28:18,0,0,4
2017-06-04,09:28:19,0,0,4
2017-06-04,09:28:20,0,0,4
2017-06-04,09:28:21,0,0,4
2017-06-04,09:28:22,0,0,4
2017-06-04,09:28:23,0,0,4
2017-06-04,09:28:24,0,0,4
2017-06-04,09:28:25,0,0,4
2017-06-04,09:28:26,0,0,4
2017-06-04,09:28:27,0,0,4
2017-06-04,09:28:28,0,0,4
2017-06-04,09:28:29,0,0,4
2017-06-04,09:28:30,0,0,4
2017-06-04,09:28:31,0,0,4
2017-06-04,09:28:32,0,0,4
2017-06-04,09:28:33,0,0,4
2017-06-04,09:28:34,0,0,4
2017-06-04,09:28:35,0,0,4
2017-06-04,09:28:36,0,0,4
2017-06-04,09:28:37,0,0,4
2017-06-04,09:28:38,0,0,4
2017-06-04,09:28:39,0,0,4
2017-06-04,09:28:40,0,0,4
2017-06-04,09:28:41,0,0,4
2017-06-04,09:28:42,0,0,4
2017-06-04,09:28:43,0,0,4
2017-06-04,09:28:44,0,0,4
2017-06-04,09:28:45,0,0,4
2017-06-04,09:28:46,0,0,4
2017-06-04,09:28:47,0,0,4
2017-06-04,09:28:48,0,0,4
2017-06-04,09:28:49,0,0,4
2017-06-04,09:28:50,0,0,4
2017-06-04,09:28:51,0,0,4
2017-06-04,09:28:52,0,0,4
2017-06-04,09:28:53,0,0,4
2017-06-04,09:28:54,0,0,4
2017-06-04,09:28:55,0,0,4
2017-06-04,09:28:56,0,0,4
2017-06-04,09:28:57,0,0,4
2017-06-04,09:28:58,0,0,4
2017-06-04,09:28:59,0,0,4
2017-06-04,09:29:00,0,0,4
2017-06-04,09:29:01,0,0,4
2017-06-04,09:29:02,0,0,4
2017-06-04,09:29:03,0,0,4
2017-06-04,09:29:04,0,0,4
2017-06-04,09:29:05,0,0,4
2017-06-04,09:29:06,0,0,4
2017-06-04,09:29:07,0,0,5
2017-06-04,09:29:08,0,0,5
2017-06-04,09:29:09,0,0,5
2017-06-04,09:29:10,0,0,5
2017-06-04,09:29:11,0,0,5
2017-06-04,09:29:12,0,0,5
2017-06-04,09:29:13,0,0,5
2017-06-04,09:29:14,0,0,5
2017-06-04,09:29:15,0,0,5
2017-06-04,09:29:16,40543,0,5
2017-06-04,09:29:17,0,0,5
2017-06-04,09:29:18,0,0,5
2017-06-04,09:29:19,0,0,5
2017-06-04,09:29:20,0,0,5
2017-06-04,09:29:21,0,0,5
2017-06-04,09:29:22,0,0,5
2017-06-04,09:29:23,0,0,5
2017-06-04,09:29:24,0,0,5
2017-06-04,09:29:25,0,0,5
2017-06-04,09:29:26,0,0,5
2017-06-04,09:29:27,0,0,5
2017-06-04,09:29:28,0,0,5
2017-06-04,09:29:29,0,0,5
2017-06-04,09:29:30,0,0,5
2017-06-04,09:29:31,0,0,5
2017-06-04,09:29:32,0,0,5
2017-06-04,09:29:33,0,0,5
2017-06-04,09:29:34,0,0,5
2017-06-04,09:29:35,0,0,5
2017-06-04,09:29:36,0,0,5
2017-06-04,09:29:37,0,0,5
2017-06-04,09:29:38,0,0,5
2017-06-04,09:29:39,0,0,5
2017-06-04,09:29:40,0,0,5
2017-06-04,09:29:41,0,0,5
2017-06-04,09:29:42,0,0,5
2017-06-04,09:29:43,0,0,5
2017-06-04,09:29:44,0,0,5
2017-06-04,09:29:45,0,0,5
2017-06-04,09:29:46,0,0,5
2017-06-04,09:29:47,0,0,5
2017-06-04,09:29:48,0,0,5
2017-06-04,09:29:49,0,0,5
2017-06-04,09:29:50,0,0,5
2017-06-04,09:29:51,0,0,5
2017-06-04,09:29:52,0,0,5
2017-06-04,09:29:53,0,0,5
2017-06-04,09:29:54,0,0,5
2017-06-04,09:29:55,0,0,5
2017-06-04,09:29:56,0,0,5
2017-06-04,09:29:57,0,0,5
2017-06-04,09:29:58,0,0,5
2017-06-04,09:29:59,0,0,5
2017-06-04,09:30:00,0,0,5
2017-06-04,09:30:01,0,0,5
2017-06-04,09:30:02,0,0,5
2017-06-04,09:30:03,0,0,5
2017-06-04,09:30:04,0,0,5
2017-06-04,09:30:05,0,0,5
2017-06-04,09:30:06,0,0,5
2017-06-04,09:30:07,0,0,6
2017-06-04,09:30:08,0,0,6
2017-06-04,09:30:09,0,0,6
2017-06-04,09:30:10,0,0,6
2017-06-04,09:30:11,0,0,6
2017-06-04,09:30:12,0,0,6
2017-06-04,09:30:13,0,0,6
2017-06-04,09:30:14,0,0,6
2017-06-04,09:30:15,0,0,6
2017-06-04,09:30:16,0,0,6
2017-06-04,09:30:17,0,0,6
2017-06-04,09:30:18,0,0,6
2017-06-04,09:30:19,0,0,6
2017-06-04,09:30:20,0,1,1
2017-06-04,09:30:21,0,0,1
2017-06-04,09:30:22,0,0,1
2017-06-04,09:30:23,0,0,1
2017-06-04,09:30:24,0,0,1
2017-06-04,09:30:25,0,0,1
2017-06-04,09:30:26,0,0,1
2017-06-04,09:30:27,0,0,1
2017-06-04,09:30:28,0,0,1
2017-06-04,09:30:29,0,0,1
2017-06-04,09:30:30,0,0,1
2017-06-04,09:30:31,40542,0,1
2017-06-04,09:30:32,0,0,1
2017-06-04,09:30:33,0,0,1
2017-06-04,09:30:34,0,0,1
2017-06-04,09:30:35,0,0,1
2017-06-04,09:30:36,0,0,1
2017-06-04,09:30:37,0,0,1
2017-06-04,09:30:38,0,0,1
2017-06-04,09:30:39,0,0,1
2017-06-04,09:30:40,0,0,1
2017-06-04,09:30:41,0,1,2
2017-06-04,09:30:42,0,0,2
2017-06-04,09:30:43,0,0,2
2017-06-04,09:30:44,0,0,2
2017-06-04,09:30:45,0,0,2
2017-06-04,09:30:46,0,1,2
2017-06-04,09:30:47,0,0,2
2017-06-04,09:30:48,0,0,2
2017-06-04,09:30:49,0,0,2
2017-06-04,09:30:50,0,0,2
2017-06-04,09:30:51,0,1,1
2017-06-04,09:30:52,0,0,1
2017-06-04,09:30:53,0,0,1
2017-06-04,09:30:54,0,0,1
2017-06-04,09:30:55,0,0,1
2017-06-04,09:30:56,0,0,1
2017-06-04,09:30:57,0,0,1
2017-06-04,09:30:58,0,0,1
2017-06-04,09:30:59,0,0,1
2017-06-04,09:31:00,0,0,1
2017-06-04,09:31:01,0,0,1
2017-06-04,09:31:02,0,0,1
2017-06-04,09:31:03,0,0,1
2017-06-04,09:31:04,0,0,1
2017-06-04,09:31:05,0,0,1
2017-06-04,09:31:06,0,0,1
2017-06-04,09:31:07,0,0,1
2017-06-04,09:31:08,40542,0,1
2017-06-04,09:31:09,0,0,1
2017-06-04,09:31:10,0,0,1
2017-06-04,09:31:11,0,0,1
2017-06-04,09:31:12,0,0,1
2017-06-04,09:31:13,0,0,1
2017-06-04,09:31:14,0,0,1
2017-06-04,09:31:15,0,0,1
2017-06-04,09:31:16,0,0,1
2017-06-04,09:31:17,0,0,1
2017-06-04,09:31:18,0,0,1
2017-06-04,09:31:19,0,0,1
2017-06-04,09:31:20,0,0,1
2017-06-04,09:31:21,0,0,1
2017-06-04,09:31:22,0,0,1
2017-06-04,09:31:23,0,0,1
2017-06-04,09:31:24,0,0,1
2017-06-04,09:31:25,0,0,1
2017-06-04,09:31:26,0,0,1
2017-06-04,09:31:27,0,0,1
2017-06-04,09:31:28,0,0,1
2017-06-04,09:31:29,0,0,1
2017-06-04,09:31:30,0,0,1
2017-06-04,09:31:31,0,0,1
2017-06-04,09:31:32,0,0,1
2017-06-04,09:31:33,0,0,1
2017-06-04,09:31:34,0,0,1
2017-06-04,09:31:35,0,0,1
2017-06-04,09:31:36,0,0,1
2017-06-04,09:31:37,0,0,1
2017-06-04,09:31:38,0,0,1
2017-06-04,09:31:39,0,0,1
2017-06-04,09:31:40,0,0,1
2017-06-04,09:31:41,0,0,1
2017-06-04,09:31:42,0,0,1
2017-06-04,09:31:43,0,0,1
2017-06-04,09:31:44,0,0,1
2017-06-04,09:31:45,0,0,1
2017-06-04,09:31:46,0,0,1
2017-06-04,09:31:47,0,0,1
2017-06-04,09:31:48,0,0,1
2017-06-04,09:31:49,0,0,1
2017-06-04,09:31:50,0,0,1
2017-06-04,09:31:51,0,0,1
2017-06-04,09:31:52,0,0,1
2017-06-04,09:31:53,0,0,1
2017-06-04,09:31:54,0,0,1
2017-06-04,09:31:55,0,0,1
2017-06-04,09:31:56,0,0,1
2017-06-04,09:31:57,0,0,1
2017-06-04,09:31:58,0,0,1
2017-06-04,09:31:59,0,0,1
2017-06-04,09:32:00,0,0,1
2017-06-04,09:32:01,0,0,1
2017-06-04,09:32:02,0,0,1
2017-06-04,09:32:03,0,0,1
2017-06-04,09:32:04,0,0,1
2017-06-04,09:32:05,0,0,1
2017-06-04,09:32:06,0,0,1
2017-06-04,09:32:07,0,0,1
2017-06-04,09:32:08,0,0,1
2017-06-04,09:32:09,0,0,1
2017-06-04,09:32:10,0,0,1
2017-06-04,09:32:11,0,0,1
2017-06-04,09:32:12,0,0,1
2017-06-04,09:32:13,0,0,1
2017-06-04,09:32:14,0,0,1
2017-06-04,09:32:15,0,0,1
2017-06-04,09:32:16,0,0,1
2017-06-04,09:32:17,0,0,1
2017-06-04,09:32:18,0,0,1
2017-06-04,09:32:19,0,0,1
2017-06-04,09:32:20,0,0,1
2017-06-04,09:32:21,0,0,1
2017-06-04,09:32:22,0,0,1
2017-06-04,09:32:23,0,0,1
2017-06-04,09:32:24,0,0,1
2017-06-04,09:32:25,0,0,1
2017-06-04,09:32:26,0,0,1
2017-06-04,09:32:27,0,0,1
2017-06-04,09:32:28,0,0,1
2017-06-04,09:32:29,0,0,1
2017-06-04,09:32:30,0,0,1
2017-06-04,09:32:31,0,0,1
2017-06-04,09:32:32,0,0,1
2017-06-04,09:32:33,0,0,1
2017-06-04,09:32:34,0,0,1
2017-06-04,09:32:35,0,0,1
2017-06-04,09:32:36,0,0,1
2017-06-04,09:32:37,0,0,1
2017-06-04,09:32:38,0,0,1
2017-06-04,09:32:39,0,0,1
2017-06-04,09:32:40,0,0,1
2017-06-04,09:32:41,0,0,1
2017-06-04,09:32:42,0,0,1
2017-06-04,09:32:43,0,0,1
2017-06-04,09:32:44,0,0,1
2017-06-04,09:32:45,0,0,1
2017-06-04,09:32:46,0,0,1
2017-06-04,09:32:47,0,0,1
2017-06-04,09:32:48,0,0,1
2017-06-04,09:32:49,0,0,1
2017-06-04,09:32:50,0,0,1
2017-06-04,09:32:51,0,0,1
2017-06-04,09:32:52,0,0,1
2017-06-04,09:32:53,0,0,1
2017-06-04,09:32:54,0,0,1
2017-06-04,09:32:55,0,0,1
2017-06-04,09:32:56,0,0,1
2017-06-04,09:32:57,0,0,1
2017-06-04,09:32:58,40542,0,1
2017-06-04,09:32:59,0,0,1
2017-06-04,09:33:00,0,0,1
2017-06-04,09:33:01,0,0,1
2017-06-04,09:33:02,0,0,1
2017-06-04,09:33:03,0,0,1
2017-06-04,09:33:04,0,0,1
2017-06-04,09:33:05,0,0,1
2017-06-04,09:33:06,0,0,1
2017-06-04,09:33:07,0,0,1
2017-06-04,09:33:08,0,0,1
2017-06-04,09:33:09,0,0,1
2017-06-04,09:33:10,0,0,1
2017-06-04,09:33:11,0,0,1
2017-06-04,09:33:12,0,0,1
2017-06-04,09:33:13,0,0,1
2017-06-04,09:33:14,0,0,1
2017-06-04,09:33:15,0,0,1
2017-06-04,09:33:16,0,0,1
2017-06-04,09:33:17,0,0,1
2017-06-04,09:33:18,0,0,1
2017-06-04,09:33:19,0,0,1
2017-06-04,09:33:20,0,0,1
2017-06-04,09:33:21,0,0,1
2017-06-04,09:33:22,0,0,1
2017-06-04,09:33:23,0,0,1
2017-06-04,09:33:24,0,0,1
2017-06-04,09:33:25,0,0,1
2017-06-04,09:33:26,0,0,1
2017-06-04,09:33:27,40539,0,1
2017-06-04,09:33:28,0,0,1
2017-06-04,09:33:29,0,0,1
2017-06-04,09:33:30,0,0,1
2017-06-04,09:33:31,0,0,1
2017-06-04,09:33:32,0,0,1
2017-06-04,09:33:33,0,0,1
2017-06-04,09:33:34,0,0,1
2017-06-04,09:33:35,0,0,1
2017-06-04,09:33:36,0,0,1
2017-06-04,09:33:37,0,0,1
2017-06-04,09:33:38,0,0,1
2017-06-04,09:33:39,0,0,1
2017-06-04,09:33:40,0,0,1
2017-06-04,09:33:41,0,0,1
2017-06-04,09:33:42,0,0,1
2017-06-04,09:33:43,0,0,1
2017-06-04,09:33:44,0,0,1
2017-06-04,09:33:45,0,0,1
2017-06-04,09:33:46,0,0,1
2017-06-04,09:33:47,0,0,1
2017-06-04,09:33:48,0,0,1
2017-06-04,09:33:49,0,0,1
2017-06-04,09:33:50,0,0,1
2017-06-04,09:33:51,0,0,1
2017-06-04,09:33:52,0,0,1
2017-06-04,09:33:53,0,0,1
2017-06-04,09:33:54,0,0,1
2017-06-04,09:33:55,0,0,1
2017-06-04,09:33:56,0,0,1
2017-06-04,09:33:57,0,0,1
2017-06-04,09:33:58,0,0,1
2017-06-04,09:33:59,0,0,1
2017-06-04,09:34:00,0,0,1
2017-06-04,09:34:01,0,0,1
2017-06-04,09:34:02,0,0,1
2017-06-04,09:34:03,0,0,1
2017-06-04,09:34:04,0,0,1
2017-06-04,09:34:05,0,0,1
2017-06-04,09:34:06,0,0,1
2017-06-04,09:34:07,0,0,1
2017-06-04,09:34:08,0,0,1
2017-06-04,09:34:09,0,0,1
2017-06-04,09:34:10,0,0,1
2017-06-04,09:34:11,0,0,1
2017-06-04,09:34:12,0,0,1
2017-06-04,09:34:13,0,0,1
2017-06-04,09:34:14,0,0,1
2017-06-04,09:34:15,0,0,1
2017-06-04,09:34:16,0,0,1
2017-06-04,09:34:17,0,0,1
2017-06-04,09:34:18,0,0,1
2017-06-04,09:34:19,0,0,1
2017-06-04,09:34:20,0,0,1
2017-06-04,09:34:21,0,0,1
2017-06-04,09:34:22,0,0,1
2017-06-04,09:34:23,0,0,1
2017-06-04,09:34:24,0,0,1
2017-06-04,09:34:25,40543,0,1
2017-06-04,09:34:26,0,0,1
2017-06-04,09:34:27,0,0,1
2017-06-04,09:34:28,0,0,1
2017-06-04,09:34:29,0,0,1
2017-06-04,09:34:30,0,0,1
2017-06-04,09:34:31,0,0,1
2017-06-04,09:34:32,0,0,1
2017-06-04,09:34:33,0,0,1
2017-06-04,09:34:34,0,0,1
2017-06-04,09:34:35,0,0,1
2017-06-04,09:34:36,0,0,1
2017-06-04,09:34:37,0,0,1
2017-06-04,09:34:38,0,0,1
2017-06-04,09:34:39,0,0,1
2017-06-04,09:34:40,0,0,1
2017-06-04,09:34:41,0,0,1
2017-06-04,09:34:42,0,0,1
2017-06-04,09:34:43,0,0,1
2017-06-04,09:34:44,0,0,1
2017-06-04,09:34:45,0,0,1
2017-06-04,09:34:46,0,0,1
2017-06-04,09:34:47,0,0,1
2017-06-04,09:34:48,0,0,1
2017-06-04,09:34:49,0,0,1
2017-06-04,09:34:50,0,0,1
2017-06-04,09:34:51,0,0,1
2017-06-04,09:34:52,0,0,1
2017-06-04,09:34:53,0,0,1
2017-06-04,09:34:54,0,0,1
2017-06-04,09:34:55,0,0,1
2017-06-04,09:34:56,0,0,1
2017-06-04,09:34:57,0,0,1
2017-06-04,09:34:58,0,0,1
2017-06-04,09:34:59,0,0,1
2017-06-04,09:35:00,0,0,1
2017-06-04,09:35:01,0,0,1
2017-06-04,09:35:02,0,0,1
2017-06-04,09:35:03,0,0,1
2017-06-04,09:35:04,0,0,1
2017-06-04,09:35:05,0,0,1
2017-06-04,09:35:06,40541,0,1
2017-06-04,09:35:07,0,0,1
2017-06-04,09:35:08,0,0,1
2017-06-04,09:35:09,0,0,1
2017-06-04,09:35:10,0,0,1
2017-06-04,09:35:11,0,0,1
2017-06-04,09:35:12,0,0,1
2017-06-04,09:35:13,0,0,1
2017-06-04,09:35:14,0,0,1
2017-06-04,09:35:15,0,0,1
2017-06-04,09:35:16,0,0,1
2017-06-04,09:35:17,0,0,1
2017-06-04,09:35:18,0,0,1
2017-06-04,09:35:19,0,0,1
2017-06-04,09:35:20,0,0,1
2017-06-04,09:35:21,0,0,1
2017-06-04,09:35:22,0,0,1
2017-06-04,09:35:23,0,0,1
2017-06-04,09:35:24,0,0,1
2017-06-04,09:35:25,0,0,1
2017-06-04,09:35:26,0,0,1
2017-06-04,09:35:27,0,0,1
2017-06-04,09:35:28,0,0,1
2017-06-04,09:35:29,0,0,1
2017-06-04,09:35:30,0,0,1
2017-06-04,09:35:31,0,0,1
2017-06-04,09:35:32,0,0,1
2017-06-04,09:35:33,0,0,1
2017-06-04,09:35:34,0,0,1
2017-06-04,09:35:35,0,0,1
2017-06-04,09:35:36,0,0,1
2017-06-04,09:35:37,0,0,1
2017-06-04,09:35:38,0,0,1
2017-06-04,09:35:39,0,0,1
2017-06-04,09:35:40,0,0,1
2017-06-04,09:35:41,0,0,1
2017-06-04,09:35:42,0,0,1
2017-06-04,09:35:43,0,0,1
2017-06-04,09:35:44,0,0,1
2017-06-04,09:35:45,0,0,1
2017-06-04,09:35:46,0,0,1
2017-06-04,09:35:47,40541,0,1
2017-06-04,09:35:48,40541,0,1
2017-06-04,09:35:49,0,0,1
2017-06-04,09:35:50,0,0,1
2017-06-04,09:35:51,0,0,1
2017-06-04,09:35:52,0,0,1
2017-06-04,09:35:53,0,0,1
2017-06-04,09:35:54,0,0,1
2017-06-04,09:35:55,0,0,1
2017-06-04,09:35:56,0,0,1
2017-06-04,09:35:57,0,0,1
2017-06-04,09:35:58,0,0,1
2017-06-04,09:35:59,0,0,1
2017-06-04,09:36:00,0,0,1
2017-06-04,09:36:01,0,0,1
2017-06-04,09:36:02,0,0,1
2017-06-04,09:36:03,0,0,1
2017-06-04,09:36:04,0,0,1
2017-06-04,09:36:05,0,0,1
2017-06-04,09:36:06,0,0,1
2017-06-04,09:36:07,0,0,1
2017-06-04,09:36:08,0,0,1
2017-06-04,09:36:09,0,0,1
2017-06-04,09:36:10,0,0,1
2017-06-04,09:36:11,0,0,1
2017-06-04,09:36:12,0,0,1
2017-06-04,09:36:13,0,0,1
2017-06-04,09:36:14,0,0,1
2017-06-04,09:36:15,0,0,1
2017-06-04,09:36:16,0,0,1
2017-06-04,09:36:17,0,0,1
2017-06-04,09:36:18,0,0,1
2017-06-04,09:36:19,0,0,1
2017-06-04,09:36:20,0,0,1
2017-06-04,09:36:21,0,0,1
2017-06-04,09:36:22,0,0,1
2017-06-04,09:36:23,0,0,1
2017-06-04,09:36:24,0,0,1
2017-06-04,09:36:25,0,0,1
2017-06-04,09:36:26,0,0,1
2017-06-04,09:36:27,0,0,1
2017-06-04,09:36:28,0,0,1
2017-06-04,09:36:29,40544,0,1
2017-06-04,09:36:30,0,0,1
2017-06-04,09:36:31,0,0,1
2017-06-04,09:36:32,0,0,1
2017-06-04,09:36:33,0,0,1
2017-06-04,09:36:34,0,0,1
2017-06-04,09:36:35,0,0,1
2017-06-04,09:36:36,0,0,1
2017-06-04,09:36:37,0,0,1
2017-06-04,09:36:38,0,0,1
2017-06-04,09:36:39,0,0,1
2017-06-04,09:36:40,0,0,1
2017-06-04,09:36:41,0,0,1
2017-06-04,09:36:42,0,0,1
2017-06-04,09:36:43,0,0,1
2017-06-04,09:36:44,0,0,1
2017-06-04,09:36:45,0,0,1
2017-06-04,09:36:46,0,0,1
2017-06-04,09:36:47,0,0,1
2017-06-04,09:36:48,0,0,1
2017-06-04,09:36:49,0,0,1
2017-06-04,09:36:50,0,0,1
2017-06-04,09:36:51,0,0,1
2017-06-04,09:36:52,0,0,2
2017-06-04,09:36:53,0,0,2
2017-06-04,09:36:54,0,0,2
2017-06-04,09:36:55,0,0,2
2017-06-04,09:36:56,0,0,2
2017-06-04,09:36:57,0,0,2
2017-06-04,09:36:58,0,0,2
2017-06-04,09:36:59,0,0,2
2017-06-04,09:37:00,0,0,2
2017-06-04,09:37:01,0,0,2
2017-06-04,09:37:02,0,0,2
2017-06-04,09:37:03,0,0,2
2017-06-04,09:37:04,0,0,2
2017-06-04,09:37:05,0,0,2
2017-06-04,09:37:06,0,0,2
2017-06-04,09:37:07,40542,0,2
2017-06-04,09:37:08,0,0,2
2017-06-04,09:37:09,0,0,2
2017-06-04,09:37:10,0,0,2
2017-06-04,09:37:11,0,0,2
2017-06-04,09:37:12,0,0,2
2017-06-04,09:37:13,0,0,2
2017-06-04,09:37:14,0,0,2
2017-06-04,09:37:15,0,0,2
2017-06-04,09:37:16,0,0,2
2017-06-04,09:37:17,0,0,2
2017-06-04,09:37:18,0,0,2
2017-06-04,09:37:19,0,0,2
2017-06-04,09:37:20,0,0,2
2017-06-04,09:37:21,0,0,2
2017-06-04,09:37:22,0,0,2
2017-06-04,09:37:23,0,0,2
2017-06-04,09:37:24,0,0,2
2017-06-04,09:37:25,0,0,2
2017-06-04,09:37:26,0,0,2
2017-06-04,09:37:27,40535,0,2
2017-06-04,09:37:28,0,0,2
2017-06-04,09:37:29,0,0,2
2017-06-04,09:37:30,0,0,2
2017-06-04,09:37:31,0,0,2
2017-06-04,09:37:32,0,0,2
2017-06-04,09:37:33,0,0,2
2017-06-04,09:37:34,0,0,2
2017-06-04,09:37:35,0,0,2
2017-06-04,09:37:36,0,0,2
2017-06-04,09:37:37,0,0,2
2017-06-04,09:37:38,0,0,2
2017-06-04,09:37:39,0,0,2
2017-06-04,09:37:40,0,0,2
2017-06-04,09:37:41,0,0,2
2017-06-04,09:37:42,40543,0,2
2017-06-04,09:37:43,0,0,2
2017-06-04,09:37:44,0,0,2
2017-06-04,09:37:45,0,0,2
2017-06-04,09:37:46,0,0,2
2017-06-04,09:37:47,0,0,2
2017-06-04,09:37:48,0,0,2
2017-06-04,09:37:49,0,0,2
2017-06-04,09:37:50,0,0,2
2017-06-04,09:37:51,0,0,2
2017-06-04,09:37:52,0,0,3
2017-06-04,09:37:53,0,0,3
2017-06-04,09:37:54,0,0,3
2017-06-04,09:37:55,0,0,3
2017-06-04,09:37:56,0,0,3
2017-06-04,09:37:57,0,0,3
2017-06-04,09:37:58,0,0,3
2017-06-04,09:37:59,0,0,3
2017-06-04,09:38:00,0,0,3
2017-06-04,09:38:01,0,0,3
2017-06-04,09:38:02,0,0,3
2017-06-04,09:38:03,0,0,3
2017-06-04,09:38:04,40542,0,3
2017-06-04,09:38:05,0,0,3
2017-06-04,09:38:06,0,0,3
2017-06-04,09:38:07,0,0,3
2017-06-04,09:38:08,0,0,3
2017-06-04,09:38:09,0,0,3
2017-06-04,09:38:10,0,0,3
2017-06-04,09:38:11,0,0,3
2017-06-04,09:38:12,0,0,3
2017-06-04,09:38:13,0,0,3
2017-06-04,09:38:14,0,0,3
2017-06-04,09:38:15,0,0,3
2017-06-04,09:38:16,0,0,3
2017-06-04,09:38:17,0,0,3
2017-06-04,09:38:18,0,0,3
2017-06-04,09:38:19,0,0,3
2017-06-04,09:38:20,0,0,3
2017-06-04,09:38:21,0,0,3
2017-06-04,09:38:22,0,0,3
2017-06-04,09:38:23,0,0,3
2017-06-04,09:38:24,0,0,3
2017-06-04,09:38:25,0,0,3
2017-06-04,09:38:26,0,0,3
2017-06-04,09:38:27,0,0,3
2017-06-04,09:38:28,0,0,3
2017-06-04,09:38:29,0,0,3
2017-06-04,09:38:30,0,0,3
2017-06-04,09:38:31,0,0,3
2017-06-04,09:38:32,0,0,3
2017-06-04,09:38:33,0,0,3
2017-06-04,09:38:34,0,0,3
2017-06-04,09:38:35,0,0,3
2017-06-04,09:38:36,40542,0,3
2017-06-04,09:38:37,0,0,3
2017-06-04,09:38:38,0,0,3
2017-06-04,09:38:39,0,0,3
2017-06-04,09:38:40,0,0,3
2017-06-04,09:38:41,0,0,3
2017-06-04,09:38:42,0,0,3
2017-06-04,09:38:43,0,0,3
2017-06-04,09:38:44,0,0,3
2017-06-04,09:38:45,0,0,3
2017-06-04,09:38:46,0,0,3
2017-06-04,09:38:47,0,0,3
2017-06-04,09:38:48,0,0,3
2017-06-04,09:38:49,0,0,3
2017-06-04,09:38:50,0,0,3
2017-06-04,09:38:51,0,0,3
2017-06-04,09:38:52,0,0,4
2017-06-04,09:38:53,0,0,4
2017-06-04,09:38:54,40541,0,4
2017-06-04,09:38:55,0,0,4
2017-06-04,09:38:56,0,0,4
2017-06-04,09:38:57,0,0,4
2017-06-04,09:38:58,0,0,4
2017-06-04,09:38:59,0,0,4
2017-06-04,09:39:00,0,0,4
2017-06-04,09:39:01,0,0,4
2017-06-04,09:39:02,0,0,4
2017-06-04,09:39:03,0,0,4
2017-06-04,09:39:04,0,0,4
2017-06-04,09:39:05,0,0,4
2017-06-04,09:39:06,0,0,4
2017-06-04,09:39:07,0,0,4
2017-06-04,09:39:08,0,0,4
2017-06-04,09:39:09,0,0,4
2017-06-04,09:39:10,0,0,4
2017-06-04,09:39:11,0,0,4
2017-06-04,09:39:12,0,0,4
2017-06-04,09:39:13,0,0,4
2017-06-04,09:39:14,0,0,4
2017-06-04,09:39:15,0,0,4
2017-06-04,09:39:16,0,0,4
2017-06-04,09:39:17,0,0,4
2017-06-04,09:39:18,0,0,4
2017-06-04,09:39:19,0,0,4
2017-06-04,09:39:20,0,0,4
2017-06-04,09:39:21,0,0,4
2017-06-04,09:39:22,0,0,4
2017-06-04,09:39:23,0,0,4
2017-06-04,09:39:24,0,0,4
2017-06-04,09:39:25,0,0,4
2017-06-04,09:39:26,0,0,4
2017-06-04,09:39:27,0,0,4
2017-06-04,09:39:28,0,0,4
2017-06-04,09:39:29,0,0,4
2017-06-04,09:39:30,0,0,4
2017-06-04,09:39:31,0,0,4
2017-06-04,09:39:32,0,0,4
2017-06-04,09:39:33,0,0,4
2017-06-04,09:39:34,0,0,4
2017-06-04,09:39:35,0,0,4
2017-06-04,09:39:36,0,0,4
2017-06-04,09:39:37,0,0,4
2017-06-04,09:39:38,0,0,4
2017-06-04,09:39:39,0,0,4
2017-06-04,09:39:40,0,0,4
2017-06-04,09:39:41,0,0,4
2017-06-04,09:39:42,0,0,4
2017-06-04,09:39:43,0,0,4
2017-06-04,09:39:44,0,0,4
2017-06-04,09:39:45,0,0,4
2017-06-04,09:39:46,0,0,4
2017-06-04,09:39:47,0,0,4
2017-06-04,09:39:48,0,0,4
2017-06-04,09:39:49,0,0,4
2017-06-04,09:39:50,40543,0,4
2017-06-04,09:39:51,0,0,4
2017-06-04,09:39:52,0,0,5
2017-06-04,09:39:53,0,0,5
2017-06-04,09:39:54,0,0,5
2017-06-04,09:39:55,0,0,5
2017-06-04,09:39:56,0,0,5
2017-06-04,09:39:57,0,0,5
2017-06-04,09:39:58,0,0,5
2017-06-04,09:39:59,0,0,5
2017-06-04,09:40:00,0,0,5
2017-06-04,09:40:01,0,0,5
2017-06-04,09:40:02,0,0,5
2017-06-04,09:40:03,0,0,5
2017-06-04,09:40:04,0,0,5
2017-06-04,09:40:05,0,0,5
2017-06-04,09:40:06,0,0,5
2017-06-04,09:40:07,0,0,5
2017-06-04,09:40:08,0,0,5
2017-06-04,09:40:09,0,0,5
2017-06-04,09:40:10,0,0,5
2017-06-04,09:40:11,40543,0,5
2017-06-04,09:40:12,0,0,5
2017-06-04,09:40:13,0,0,5
2017-06-04,09:40:14,0,0,5
2017-06-04,09:40:15,0,0,5
2017-06-04,09:40:16,0,0,5
2017-06-04,09:40:17,0,0,5
2017-06-04,09:40:18,0,0,5
2017-06-04,09:40:19,0,0,5
2017-06-04,09:40:20,0,0,5
2017-06-04,09:40:21,0,0,5
2017-06-04,09:40:22,0,0,5
2017-06-04,09:40:23,0,0,5
2017-06-04,09:40:24,0,0,5
2017-06-04,09:40:25,0,0,5
2017-06-04,09:40:26,0,0,5
2017-06-04,09:40:27,0,0,5
2017-06-04,09:40:28,0,0,5
2017-06-04,09:40:29,0,0,5
2017-06-04,09:40:30,0,0,5
2017-06-04,09:40:31,40541,0,5
2017-06-04,09:40:32,0,0,5
2017-06-04,09:40:33,0,0,5
2017-06-04,09:40:34,0,0,5
2017-06-04,09:40:35,0,0,5
2017-06-04,09:40:36,0,0,5
2017-06-04,09:40:37,0,0,5
2017-06-04,09:40:38,0,0,5
2017-06-04,09:40:39,0,0,5
2017-06-04,09:40:40,0,0,5
2017-06-04,09:40:41,0,0,5
2017-06-04,09:40:42,0,0,5
2017-06-04,09:40:43,0,0,5
2017-06-04,09:40:44,0,0,5
2017-06-04,09:40:45,0,0,5
2017-06-04,09:40:46,0,0,5
2017-06-04,09:40:47,0,0,5
2017-06-04,09:40:48,0,0,5
2017-06-04,09:40:49,0,0,5
2017-06-04,09:40:50,0,0,5
2017-06-04,09:40:51,0,0,5
2017-06-04,09:40:52,0,0,6
2017-06-04,09:40:53,0,0,6
2017-06-04,09:40:54,0,0,6
2017-06-04,09:40:55,0,0,6
2017-06-04,09:40:56,0,0,6
2017-06-04,09:40:57,0,0,6
2017-06-04,09:40:58,0,0,6
2017-06-04,09:40:59,0,0,6
2017-06-04,09:41:00,0,0,6
2017-06-04,09:41:01,0,0,6
2017-06-04,09:41:02,0,0,6
2017-06-04,09:41:03,0,0,6
2017-06-04,09:41:04,0,0,6
2017-06-04,09:41:05,0,0,6
2017-06-04,09:41:06,0,0,6
2017-06-04,09:41:07,0,0,6
2017-06-04,09:41:08,0,0,6
2017-06-04,09:41:09,0,0,6
2017-06-04,09:41:10,0,0,6
2017-06-04,09:41:11,40544,0,6
2017-06-04,09:41:12,0,0,6
2017-06-04,09:41:13,0,0,6
2017-06-04,09:41:14,0,0,6
2017-06-04,09:41:15,0,0,6
2017-06-04,09:41:16,0,0,6
2017-06-04,09:41:17,0,0,6
2017-06-04,09:41:18,0,0,6
2017-06-04,09:41:19,0,0,6
2017-06-04,09:41:20,0,0,6
2017-06-04,09:41:21,0,0,6
2017-06-04,09:41:22,0,0,6
2017-06-04,09:41:23,0,0,6
2017-06-04,09:41:24,0,0,6
2017-06-04,09:41:25,0,0,6
2017-06-04,09:41:26,0,0,6
2017-06-04,09:41:27,0,0,6
2017-06-04,09:41:28,0,0,6
2017-06-04,09:41:29,0,0,6
2017-06-04,09:41:30,0,0,6
2017-06-04,09:41:31,0,0,6
2017-06-04,09:41:32,0,0,6
2017-06-04,09:41:33,0,0,6
2017-06-04,09:41:34,0,0,6
2017-06-04,09:41:35,0,0,6
2017-06-04,09:41:36,0,0,6
2017-06-04,09:41:37,0,0,6
2017-06-04,09:41:38,0,0,6
2017-06-04,09:41:39,0,0,6
2017-06-04,09:41:40,0,0,6
2017-06-04,09:41:41,0,0,6
2017-06-04,09:41:42,0,0,6
2017-06-04,09:41:43,0,0,6
2017-06-04,09:41:44,0,0,6
2017-06-04,09:41:45,0,0,6
2017-06-04,09:41:46,0,0,6
2017-06-04,09:41:47,0,0,6
2017-06-04,09:41:48,0,0,6
2017-06-04,09:41:49,0,0,6
2017-06-04,09:41:50,0,0,6
2017-06-04,09:41:51,0,0,6
2017-06-04,09:41:52,0,0,7
2017-06-04,09:41:53,0,0,7
2017-06-04,09:41:54,0,0,7
2017-06-04,09:41:55,0,0,7
2017-06-04,09:41:56,0,0,7
2017-06-04,09:41:57,0,0,7
2017-06-04,09:41:58,0,0,7
2017-06-04,09:41:59,0,0,7
2017-06-04,09:42:00,0,0,7
2017-06-04,09:42:01,0,0,7
2017-06-04,09:42:02,0,0,7
2017-06-04,09:42:03,0,0,7
2017-06-04,09:42:04,40542,0,7
2017-06-04,09:42:05,0,0,7
2017-06-04,09:42:06,0,0,7
2017-06-04,09:42:07,0,0,7
2017-06-04,09:42:08,0,0,7
2017-06-04,09:42:09,0,0,7
2017-06-04,09:42:10,0,0,7
2017-06-04,09:42:11,0,0,7
2017-06-04,09:42:12,0,0,7
2017-06-04,09:42:13,0,0,7
2017-06-04,09:42:14,0,0,7
2017-06-04,09:42:15,0,0,7
2017-06-04,09:42:16,0,0,7
2017-06-04,09:42:17,0,0,7
2017-06-04,09:42:18,0,0,7
2017-06-04,09:42:19,0,0,7
2017-06-04,09:42:20,0,0,7
2017-06-04,09:42:21,0,0,7
2017-06-04,09:42:22,0,0,7
2017-06-04,09:42:23,0,0,7
2017-06-04,09:42:24,0,0,7
2017-06-04,09:42:25,0,0,7
2017-06-04,09:42:26,0,0,7
2017-06-04,09:42:27,0,0,7
2017-06-04,09:42:28,0,0,7
2017-06-04,09:42:29,0,0,7
2017-06-04,09:42:30,0,0,7
2017-06-04,09:42:31,40543,0,7
2017-06-04,09:42:32,0,0,7
2017-06-04,09:42:33,0,0,7
2017-06-04,09:42:34,0,0,7
2017-06-04,09:42:35,0,0,7
2017-06-04,09:42:36,0,0,7
2017-06-04,09:42:37,0,0,7
2017-06-04,09:42:38,0,0,7
2017-06-04,09:42:39,0,0,7
2017-06-04,09:42:40,0,0,7
2017-06-04,09:42:41,0,0,7
2017-06-04,09:42:42,0,0,7
2017-06-04,09:42:43,0,0,7
2017-06-04,09:42:44,0,0,7
2017-06-04,09:42:45,0,0,7
2017-06-04,09:42:46,0,0,7
2017-06-04,09:42:47,40524,0,7
2017-06-04,09:42:48,40543,0,7
2017-06-04,09:42:49,0,0,7
2017-06-04,09:42:50,0,0,7
2017-06-04,09:42:51,0,0,7
2017-06-04,09:42:52,0,0,1
2017-06-04,09:42:53,0,0,1
2017-06-04,09:42:54,0,0,1
2017-06-04,09:42:55,0,0,1
2017-06-04,09:42:56,0,0,1
2017-06-04,09:42:57,0,0,1
2017-06-04,09:42:58,0,0,1
2017-06-04,09:42:59,0,0,1
2017-06-04,09:43:00,0,0,1
2017-06-04,09:43:01,0,0,1
2017-06-04,09:43:02,40543,0,1
2017-06-04,09:43:03,0,0,1
2017-06-04,09:43:04,0,0,1
2017-06-04,09:43:05,0,0,1
2017-06-04,09:43:06,0,0,1
2017-06-04,09:43:07,0,0,1
2017-06-04,09:43:08,0,0,1
2017-06-04,09:43:09,0,0,1
2017-06-04,09:43:10,0,0,1
2017-06-04,09:43:11,0,0,1
2017-06-04,09:43:12,0,0,1
2017-06-04,09:43:13,0,0,1
2017-06-04,09:43:14,0,0,1
2017-06-04,09:43:15,0,0,1
2017-06-04,09:43:16,0,0,1
2017-06-04,09:43:17,0,0,1
2017-06-04,09:43:18,0,0,1
2017-06-04,09:43:19,0,0,1
2017-06-04,09:43:20,0,0,1
2017-06-04,09:43:21,0,0,1
2017-06-04,09:43:22,0,0,1
2017-06-04,09:43:23,0,0,1
2017-06-04,09:43:24,40543,0,1
2017-06-04,09:43:25,0,0,1
2017-06-04,09:43:26,0,0,1
2017-06-04,09:43:27,0,0,1
2017-06-04,09:43:28,0,0,1
2017-06-04,09:43:29,0,0,1
2017-06-04,09:43:30,0,0,1
2017-06-04,09:43:31,0,0,1
2017-06-04,09:43:32,0,0,1
2017-06-04,09:43:33,0,0,1
2017-06-04,09:43:34,0,0,1
2017-06-04,09:43:35,0,0,1
2017-06-04,09:43:36,0,0,1
2017-06-04,09:43:37,0,0,1
2017-06-04,09:43:38,0,0,1
2017-06-04,09:43:39,0,0,1
2017-06-04,09:43:40,0,0,1
2017-06-04,09:43:41,0,0,1
2017-06-04,09:43:42,0,0,1
2017-06-04,09:43:43,0,0,1
2017-06-04,09:43:44,0,0,1
2017-06-04,09:43:45,0,0,1
2017-06-04,09:43:46,0,0,1
2017-06-04,09:43:47,0,0,1
2017-06-04,09:43:48,0,0,1
2017-06-04,09:43:49,0,0,1
2017-06-04,09:43:50,0,0,1
2017-06-04,09:43:51,0,0,1
2017-06-04,09:43:52,0,0,2
2017-06-04,09:43:53,0,0,2
2017-06-04,09:43:54,0,0,2
2017-06-04,09:43:55,0,0,2
2017-06-04,09:43:56,0,0,2
2017-06-04,09:43:57,0,0,2
2017-06-04,09:43:58,0,0,2
2017-06-04,09:43:59,0,0,2
2017-06-04,09:44:00,0,0,2
2017-06-04,09:44:01,0,0,2
2017-06-04,09:44:02,40542,0,2
2017-06-04,09:44:03,0,0,2
2017-06-04,09:44:04,0,0,2
2017-06-04,09:44:05,0,0,2
2017-06-04,09:44:06,0,0,2
2017-06-04,09:44:07,0,0,2
2017-06-04,09:44:08,0,0,2
2017-06-04,09:44:09,0,0,2
2017-06-04,09:44:10,0,0,2
2017-06-04,09:44:11,0,0,2
2017-06-04,09:44:12,0,0,2
2017-06-04,09:44:13,0,0,2
2017-06-04,09:44:14,0,0,2
2017-06-04,09:44:15,0,0,2
2017-06-04,09:44:16,0,0,2
2017-06-04,09:44:17,0,0,2
2017-06-04,09:44:18,0,0,2
2017-06-04,09:44:19,0,0,2
2017-06-04,09:44:20,0,0,2
2017-06-04,09:44:21,40539,0,2
2017-06-04,09:44:22,0,0,2
2017-06-04,09:44:23,0,0,2
2017-06-04,09:44:24,0,0,2
2017-06-04,09:44:25,0,0,2
2017-06-04,09:44:26,0,0,2
2017-06-04,09:44:27,0,0,2
2017-06-04,09:44:28,0,0,2
2017-06-04,09:44:29,0,0,2
2017-06-04,09:44:30,0,0,2
2017-06-04,09:44:31,0,0,2
2017-06-04,09:44:32,0,0,2
2017-06-04,09:44:33,0,0,2
2017-06-04,09:44:34,0,0,2
2017-06-04,09:44:35,0,0,2
2017-06-04,09:44:36,0,0,2
2017-06-04,09:44:37,0,0,2
2017-06-04,09:44:38,0,0,2
2017-06-04,09:44:39,0,0,2
2017-06-04,09:44:40,0,0,2
2017-06-04,09:44:41,0,0,2
2017-06-04,09:44:42,0,0,2
2017-06-04,09:44:43,0,0,2
2017-06-04,09:44:44,0,0,2
2017-06-04,09:44:45,0,0,2
2017-06-04,09:44:46,0,0,2
2017-06-04,09:44:47,0,0,2
2017-06-04,09:44:48,0,0,2
2017-06-04,09:44:49,0,0,2
2017-06-04,09:44:50,0,0,2
2017-06-04,09:44:51,0,0,2
2017-06-04,09:44:52,0,0,3
2017-06-04,09:44:53,0,0,3
2017-06-04,09:44:54,0,0,3
2017-06-04,09:44:55,0,0,3
2017-06-04,09:44:56,0,0,3
2017-06-04,09:44:57,0,0,3
2017-06-04,09:44:58,0,0,3
2017-06-04,09:44:59,0,0,3
2017-06-04,09:45:00,40543,0,3
2017-06-04,09:45:01,0,0,3
2017-06-04,09:45:02,0,0,3
2017-06-04,09:45:03,0,0,3
2017-06-04,09:45:04,0,0,3
2017-06-04,09:45:05,0,0,3
2017-06-04,09:45:06,0,0,3
2017-06-04,09:45:07,0,0,3
2017-06-04,09:45:08,0,0,3
2017-06-04,09:45:09,0,0,3
2017-06-04,09:45:10,0,0,3
2017-06-04,09:45:11,0,0,3
2017-06-04,09:45:12,0,0,3
2017-06-04,09:45:13,0,0,3
2017-06-04,09:45:14,0,0,3
2017-06-04,09:45:15,0,0,3
2017-06-04,09:45:16,40543,0,3
2017-06-04,09:45:17,0,0,3
2017-06-04,09:45:18,0,0,3
2017-06-04,09:45:19,0,0,3
2017-06-04,09:45:20,0,0,3
2017-06-04,09:45:21,0,0,3
2017-06-04,09:45:22,0,0,3
2017-06-04,09:45:23,0,0,3
2017-06-04,09:45:24,0,0,3
2017-06-04,09:45:25,0,0,3
2017-06-04,09:45:26,0,0,3
2017-06-04,09:45:27,0,0,3
2017-06-04,09:45:28,0,0,3
2017-06-04,09:45:29,0,0,3
2017-06-04,09:45:30,0,0,3
2017-06-04,09:45:31,0,0,3
2017-06-04,09:45:32,40536,0,3
2017-06-04,09:45:33,0,0,3
2017-06-04,09:45:34,0,0,3
2017-06-04,09:45:35,0,0,3
2017-06-04,09:45:36,0,0,3
2017-06-04,09:45:37,0,0,3
2017-06-04,09:45:38,0,0,3
2017-06-04,09:45:39,0,0,3
2017-06-04,09:45:40,0,0,3
2017-06-04,09:45:41,0,0,3
2017-06-04,09:45:42,0,0,3
2017-06-04,09:45:43,0,0,3
2017-06-04,09:45:44,0,0,3
2017-06-04,09:45:45,0,0,3
2017-06-04,09:45:46,0,0,3
2017-06-04,09:45:47,0,0,3
2017-06-04,09:45:48,0,0,3
2017-06-04,09:45:49,0,0,3
2017-06-04,09:45:50,0,0,3
2017-06-04,09:45:51,0,0,3
2017-06-04,09:45:52,40541,0,4
2017-06-04,09:45:53,0,0,4
2017-06-04,09:45:54,0,0,4
2017-06-04,09:45:55,0,0,4
2017-06-04,09:45:56,0,0,4
2017-06-04,09:45:57,0,0,4
2017-06-04,09:45:58,0,0,4
2017-06-04,09:45:59,0,0,4
2017-06-04,09:46:00,0,0,4
2017-06-04,09:46:01,0,0,4
2017-06-04,09:46:02,0,0,4
2017-06-04,09:46:03,0,0,4
2017-06-04,09:46:04,0,0,4
2017-06-04,09:46:05,0,0,4
2017-06-04,09:46:06,0,0,4
2017-06-04,09:46:07,0,0,4
2017-06-04,09:46:08,0,0,4
2017-06-04,09:46:09,40544,0,4
2017-06-04,09:46:10,0,0,4
2017-06-04,09:46:11,0,0,4
2017-06-04,09:46:12,0,0,4
2017-06-04,09:46:13,0,0,4
2017-06-04,09:46:14,0,0,4
2017-06-04,09:46:15,0,0,4
2017-06-04,09:46:16,0,0,4
2017-06-04,09:46:17,0,0,4
2017-06-04,09:46:18,0,0,4
2017-06-04,09:46:19,0,0,4
2017-06-04,09:46:20,0,0,4
2017-06-04,09:46:21,0,0,4
2017-06-04,09:46:22,0,0,4
2017-06-04,09:46:23,0,0,4
2017-06-04,09:46:24,0,0,4
2017-06-04,09:46:25,0,0,4
2017-06-04,09:46:26,0,0,4
2017-06-04,09:46:27,0,0,4
2017-06-04,09:46:28,0,0,4
2017-06-04,09:46:29,0,0,4
2017-06-04,09:46:30,40543,0,4
2017-06-04,09:46:31,0,0,4
2017-06-04,09:46:32,0,0,4
2017-06-04,09:46:33,0,0,4
2017-06-04,09:46:34,0,0,4
2017-06-04,09:46:35,0,0,4
2017-06-04,09:46:36,0,0,4
2017-06-04,09:46:37,0,0,4
2017-06-04,09:46:38,0,0,4
2017-06-04,09:46:39,0,0,4
2017-06-04,09:46:40,0,0,4
2017-06-04,09:46:41,0,0,4
2017-06-04,09:46:42,0,0,4
2017-06-04,09:46:43,0,0,4
2017-06-04,09:46:44,0,0,4
2017-06-04,09:46:45,0,0,4
2017-06-04,09:46:46,0,0,4
2017-06-04,09:46:47,0,0,4
2017-06-04,09:46:48,0,0,4
2017-06-04,09:46:49,0,0,4
2017-06-04,09:46:50,0,0,4
2017-06-04,09:46:51,0,0,4
2017-06-04,09:46:52,0,0,5
2017-06-04,09:46:53,0,0,5
2017-06-04,09:46:54,0,0,5
2017-06-04,09:46:55,0,0,5
2017-06-04,09:46:56,0,0,5
2017-06-04,09:46:57,0,0,5
2017-06-04,09:46:58,0,0,5
2017-06-04,09:46:59,0,0,5
2017-06-04,09:47:00,40541,0,5
2017-06-04,09:47:01,0,0,5
2017-06-04,09:47:02,0,0,5
2017-06-04,09:47:03,0,0,5
2017-06-04,09:47:04,0,0,5
2017-06-04,09:47:05,0,0,5
2017-06-04,09:47:06,0,0,5
2017-06-04,09:47:07,0,0,5
2017-06-04,09:47:08,0,0,5
2017-06-04,09:47:09,0,0,5
2017-06-04,09:47:10,0,0,5
2017-06-04,09:47:11,0,0,5
2017-06-04,09:47:12,0,0,5
2017-06-04,09:47:13,0,0,5
2017-06-04,09:47:14,0,0,5
2017-06-04,09:47:15,0,0,5
2017-06-04,09:47:16,0,0,5
2017-06-04,09:47:17,0,0,5
2017-06-04,09:47:18,0,0,5
2017-06-04,09:47:19,0,0,5
2017-06-04,09:47:20,0,0,5
2017-06-04,09:47:21,0,0,5
2017-06-04,09:47:22,0,0,5
2017-06-04,09:47:23,0,0,5
2017-06-04,09:47:24,0,0,5
2017-06-04,09:47:25,0,0,5
2017-06-04,09:47:26,0,0,5
2017-06-04,09:47:27,0,0,5
2017-06-04,09:47:28,0,0,5
2017-06-04,09:47:29,0,0,5
2017-06-04,09:47:30,0,0,5
2017-06-04,09:47:31,0,0,5
2017-06-04,09:47:32,0,0,5
2017-06-04,09:47:33,0,0,5
2017-06-04,09:47:34,0,0,5
2017-06-04,09:47:35,0,0,5
2017-06-04,09:47:36,0,0,5
2017-06-04,09:47:37,0,0,5
2017-06-04,09:47:38,0,0,5
2017-06-04,09:47:39,0,0,5
2017-06-04,09:47:40,0,0,5
2017-06-04,09:47:41,0,0,5
2017-06-04,09:47:42,0,0,5
2017-06-04,09:47:43,0,0,5
2017-06-04,09:47:44,0,0,5
2017-06-04,09:47:45,0,0,5
2017-06-04,09:47:46,0,0,5
2017-06-04,09:47:47,0,0,5
2017-06-04,09:47:48,0,0,5
2017-06-04,09:47:49,0,0,5
2017-06-04,09:47:50,0,0,5
2017-06-04,09:47:51,0,0,5
2017-06-04,09:47:52,0,0,6
2017-06-04,09:47:53,0,0,6
2017-06-04,09:47:54,0,0,6
2017-06-04,09:47:55,0,0,6
2017-06-04,09:47:56,0,0,6
2017-06-04,09:47:57,0,0,6
2017-06-04,09:47:58,0,0,6
2017-06-04,09:47:59,0,0,6
2017-06-04,09:48:00,0,0,6
2017-06-04,09:48:01,0,0,6
2017-06-04,09:48:02,0,0,6
2017-06-04,09:48:03,0,0,6
2017-06-04,09:48:04,0,0,6
2017-06-04,09:48:05,0,0,6
2017-06-04,09:48:06,0,0,6
2017-06-04,09:48:07,0,0,6
2017-06-04,09:48:08,0,0,6
2017-06-04,09:48:09,0,0,6
2017-06-04,09:48:10,0,0,6
2017-06-04,09:48:11,0,0,6
2017-06-04,09:48:12,0,0,6
2017-06-04,09:48:13,0,0,6
2017-06-04,09:48:14,0,0,6
2017-06-04,09:48:15,0,0,6
2017-06-04,09:48:16,0,0,6
2017-06-04,09:48:17,0,0,6
2017-06-04,09:48:18,0,0,6
2017-06-04,09:48:19,0,0,6
2017-06-04,09:48:20,40542,0,6
2017-06-04,09:48:21,0,0,6
2017-06-04,09:48:22,0,0,6
2017-06-04,09:48:23,0,0,6
2017-06-04,09:48:24,0,0,6
2017-06-04,09:48:25,0,0,6
2017-06-04,09:48:26,0,0,6
2017-06-04,09:48:27,0,0,6
2017-06-04,09:48:28,0,0,6
2017-06-04,09:48:29,0,0,6
2017-06-04,09:48:30,0,0,6
2017-06-04,09:48:31,0,0,6
2017-06-04,09:48:32,0,0,6
2017-06-04,09:48:33,0,0,6
2017-06-04,09:48:34,0,0,6
2017-06-04,09:48:35,0,0,6
2017-06-04,09:48:36,0,0,6
2017-06-04,09:48:37,0,0,6
2017-06-04,09:48:38,0,0,6
2017-06-04,09:48:39,0,0,6
2017-06-04,09:48:40,0,0,6
2017-06-04,09:48:41,0,0,6
2017-06-04,09:48:42,0,0,6
2017-06-04,09:48:43,0,0,6
2017-06-04,09:48:44,0,0,6
2017-06-04,09:48:45,0,0,6
2017-06-04,09:48:46,0,0,6
2017-06-04,09:48:47,0,0,6
2017-06-04,09:48:48,0,0,6
2017-06-04,09:48:49,0,0,6
2017-06-04,09:48:50,0,0,6
2017-06-04,09:48:51,0,0,6
2017-06-04,09:48:52,0,0,7
2017-06-04,09:48:53,0,0,7
2017-06-04,09:48:54,0,0,7
2017-06-04,09:48:55,0,0,7
2017-06-04,09:48:56,0,0,7
2017-06-04,09:48:57,0,0,7
2017-06-04,09:48:58,0,0,7
2017-06-04,09:48:59,0,0,7
2017-06-04,09:49:00,0,0,7
2017-06-04,09:49:01,0,0,7
2017-06-04,09:49:02,0,0,7
2017-06-04,09:49:03,0,0,7
2017-06-04,09:49:04,0,0,7
2017-06-04,09:49:05,0,0,7
2017-06-04,09:49:06,0,0,7
2017-06-04,09:49:07,0,0,7
2017-06-04,09:49:08,0,0,7
2017-06-04,09:49:09,0,0,7
2017-06-04,09:49:10,0,0,7
2017-06-04,09:49:11,0,0,7
2017-06-04,09:49:12,0,0,7
2017-06-04,09:49:13,0,0,7
2017-06-04,09:49:14,0,0,7
2017-06-04,09:49:15,0,0,7
2017-06-04,09:49:16,0,0,7
2017-06-04,09:49:17,0,0,7
2017-06-04,09:49:18,0,0,7
2017-06-04,09:49:19,0,0,7
2017-06-04,09:49:20,0,0,7
2017-06-04,09:49:21,0,0,7
2017-06-04,09:49:22,0,0,7
2017-06-04,09:49:23,0,0,7
2017-06-04,09:49:24,0,0,7
2017-06-04,09:49:25,0,0,7
2017-06-04,09:49:26,0,0,7
2017-06-04,09:49:27,0,0,7
2017-06-04,09:49:28,0,0,7
2017-06-04,09:49:29,0,0,7
2017-06-04,09:49:30,0,0,7
2017-06-04,09:49:31,0,0,7
2017-06-04,09:49:32,0,0,7
2017-06-04,09:49:33,0,0,7
2017-06-04,09:49:34,0,0,7
2017-06-04,09:49:35,0,0,7
2017-06-04,09:49:36,0,0,7
2017-06-04,09:49:37,0,0,7
2017-06-04,09:49:38,0,0,7
2017-06-04,09:49:39,0,0,7
2017-06-04,09:49:40,0,0,7
2017-06-04,09:49:41,0,0,7
2017-06-04,09:49:42,0,0,7
2017-06-04,09:49:43,0,0,7
2017-06-04,09:49:44,0,0,7
2017-06-04,09:49:45,0,0,7
2017-06-04,09:49:46,0,0,7
2017-06-04,09:49:47,0,0,7
2017-06-04,09:49:48,0,0,7
2017-06-04,09:49:49,0,0,7
2017-06-04,09:49:50,0,0,7
2017-06-04,09:49:51,0,0,7
2017-06-04,09:49:52,0,0,1
2017-06-04,09:49:53,0,0,1
2017-06-04,09:49:54,40541,0,1
2017-06-04,09:49:55,0,0,1
2017-06-04,09:49:56,0,0,1
2017-06-04,09:49:57,0,0,1
2017-06-04,09:49:58,0,0,1
2017-06-04,09:49:59,0,0,1
2017-06-04,09:50:00,0,0,1
2017-06-04,09:50:01,0,0,1
2017-06-04,09:50:02,0,0,1
2017-06-04,09:50:03,0,0,1
2017-06-04,09:50:04,0,0,1
2017-06-04,09:50:05,0,0,1
2017-06-04,09:50:06,0,0,1
2017-06-04,09:50:07,0,0,1
2017-06-04,09:50:08,0,0,1
2017-06-04,09:50:09,0,0,1
2017-06-04,09:50:10,0,0,1
2017-06-04,09:50:11,0,0,1
2017-06-04,09:50:12,0,0,1
2017-06-04,09:50:13,0,0,1
2017-06-04,09:50:14,0,0,1
2017-06-04,09:50:15,0,0,1
2017-06-04,09:50:16,0,0,1
2017-06-04,09:50:17,0,0,1
2017-06-04,09:50:18,0,0,1
2017-06-04,09:50:19,40543,0,1
2017-06-04,09:50:20,0,0,1
2017-06-04,09:50:21,0,0,1
2017-06-04,09:50:22,0,0,1
2017-06-04,09:50:23,0,0,1
2017-06-04,09:50:24,0,0,1
2017-06-04,09:50:25,0,0,1
2017-06-04,09:50:26,0,0,1
2017-06-04,09:50:27,0,0,1
2017-06-04,09:50:28,0,0,1
2017-06-04,09:50:29,0,0,1
2017-06-04,09:50:30,0,0,1
2017-06-04,09:50:31,0,0,1
2017-06-04,09:50:32,0,0,1
2017-06-04,09:50:33,0,0,1
2017-06-04,09:50:34,0,0,1
2017-06-04,09:50:35,40542,0,1
2017-06-04,09:50:36,0,0,1
2017-06-04,09:50:37,0,0,1
2017-06-04,09:50:38,0,0,1
2017-06-04,09:50:39,0,0,1
2017-06-04,09:50:40,0,0,1
2017-06-04,09:50:41,0,0,1
2017-06-04,09:50:42,0,0,1
2017-06-04,09:50:43,0,0,1
2017-06-04,09:50:44,0,0,1
2017-06-04,09:50:45,0,0,1
2017-06-04,09:50:46,0,0,1
2017-06-04,09:50:47,0,0,1
2017-06-04,09:50:48,0,0,1
2017-06-04,09:50:49,0,0,1
2017-06-04,09:50:50,0,0,1
2017-06-04,09:50:51,0,0,1
2017-06-04,09:50:52,0,0,2
2017-06-04,09:50:53,0,0,2
2017-06-04,09:50:54,0,0,2
2017-06-04,09:50:55,0,0,2
2017-06-04,09:50:56,0,0,2
2017-06-04,09:50:57,0,0,2
2017-06-04,09:50:58,0,0,2
2017-06-04,09:50:59,0,0,2
2017-06-04,09:51:00,0,0,2
2017-06-04,09:51:01,0,0,2
2017-06-04,09:51:02,0,0,2
2017-06-04,09:51:03,40543,0,2
2017-06-04,09:51:04,0,0,2
2017-06-04,09:51:05,0,0,2
2017-06-04,09:51:06,0,0,2
2017-06-04,09:51:07,0,0,2
2017-06-04,09:51:08,0,0,2
2017-06-04,09:51:09,0,0,2
2017-06-04,09:51:10,0,0,2
2017-06-04,09:51:11,0,0,2
2017-06-04,09:51:12,0,0,2
2017-06-04,09:51:13,0,0,2
2017-06-04,09:51:14,0,0,2
2017-06-04,09:51:15,0,0,2
2017-06-04,09:51:16,0,0,2
2017-06-04,09:51:17,0,0,2
2017-06-04,09:51:18,0,0,2
2017-06-04,09:51:19,0,0,2
2017-06-04,09:51:20,0,0,2
2017-06-04,09:51:21,0,0,2
2017-06-04,09:51:22,0,0,2
2017-06-04,09:51:23,0,0,2
2017-06-04,09:51:24,0,0,2
2017-06-04,09:51:25,0,0,2
2017-06-04,09:51:26,0,0,2
2017-06-04,09:51:27,0,0,2
2017-06-04,09:51:28,0,0,2
2017-06-04,09:51:29,0,0,2
2017-06-04,09:51:30,0,0,2
2017-06-04,09:51:31,0,0,2
2017-06-04,09:51:32,0,0,2
2017-06-04,09:51:33,0,0,2
2017-06-04,09:51:34,0,0,2
2017-06-04,09:51:35,0,0,2
2017-06-04,09:51:36,0,0,2
2017-06-04,09:51:37,0,0,2
2017-06-04,09:51:38,0,0,2
2017-06-04,09:51:39,0,0,2
2017-06-04,09:51:40,0,0,2
2017-06-04,09:51:41,0,0,2
2017-06-04,09:51:42,0,0,2
2017-06-04,09:51:43,0,0,2
2017-06-04,09:51:44,0,0,2
2017-06-04,09:51:45,0,0,2
2017-06-04,09:51:46,0,0,2
2017-06-04,09:51:47,0,0,2
2017-06-04,09:51:48,0,0,2
2017-06-04,09:51:49,0,0,2
2017-06-04,09:51:50,0,0,2
2017-06-04,09:51:51,0,0,2
2017-06-04,09:51:52,0,0,3
2017-06-04,09:51:53,0,0,3
2017-06-04,09:51:54,0,0,3
2017-06-04,09:51:55,0,0,3
2017-06-04,09:51:56,0,0,3
2017-06-04,09:51:57,0,0,3
2017-06-04,09:51:58,0,0,3
2017-06-04,09:51:59,0,0,3
2017-06-04,09:52:00,0,0,3
2017-06-04,09:52:01,0,0,3
2017-06-04,09:52:02,0,0,3
2017-06-04,09:52:03,0,0,3
2017-06-04,09:52:04,0,0,3
2017-06-04,09:52:05,0,0,3
2017-06-04,09:52:06,0,0,3
2017-06-04,09:52:07,0,0,3
2017-06-04,09:52:08,0,0,3
2017-06-04,09:52:09,0,0,3
2017-06-04,09:52:10,0,0,3
2017-06-04,09:52:11,0,0,3
2017-06-04,09:52:12,0,0,3
2017-06-04,09:52:13,0,0,3
2017-06-04,09:52:14,0,0,3
2017-06-04,09:52:15,0,0,3
2017-06-04,09:52:16,0,0,3
2017-06-04,09:52:17,0,0,3
2017-06-04,09:52:18,0,0,3
2017-06-04,09:52:19,0,0,3
2017-06-04,09:52:20,0,0,3
2017-06-04,09:52:21,0,0,3
2017-06-04,09:52:22,0,0,3
2017-06-04,09:52:23,0,0,3
2017-06-04,09:52:24,0,0,3
2017-06-04,09:52:25,0,0,3
2017-06-04,09:52:26,0,0,3
2017-06-04,09:52:27,0,0,3
2017-06-04,09:52:28,0,0,3
2017-06-04,09:52:29,0,0,3
2017-06-04,09:52:30,0,0,3
2017-06-04,09:52:31,40543,0,3
2017-06-04,09:52:32,0,0,3
2017-06-04,09:52:33,0,0,3
2017-06-04,09:52:34,0,0,3
2017-06-04,09:52:35,0,0,3
2017-06-04,09:52:36,0,0,3
2017-06-04,09:52:37,0,0,3
2017-06-04,09:52:38,0,0,3
2017-06-04,09:52:39,0,0,3
2017-06-04,09:52:40,0,0,3
2017-06-04,09:52:41,0,0,3
2017-06-04,09:52:42,0,0,3
2017-06-04,09:52:43,0,0,3
2017-06-04,09:52:44,0,0,3
2017-06-04,09:52:45,0,0,3
2017-06-04,09:52:46,0,0,3
2017-06-04,09:52:47,0,0,3
2017-06-04,09:52:48,0,0,3
2017-06-04,09:52:49,0,0,3
2017-06-04,09:52:50,0,0,3
2017-06-04,09:52:51,0,0,3
2017-06-04,09:52:52,0,0,4
2017-06-04,09:52:53,0,0,4
2017-06-04,09:52:54,0,0,4
2017-06-04,09:52:55,0,0,4
2017-06-04,09:52:56,0,0,4
2017-06-04,09:52:57,0,0,4
2017-06-04,09:52:58,40542,0,4
2017-06-04,09:52:59,0,0,4
2017-06-04,09:53:00,0,0,4
2017-06-04,09:53:01,0,0,4
2017-06-04,09:53:02,0,0,4
2017-06-04,09:53:03,0,0,4
2017-06-04,09:53:04,0,0,4
2017-06-04,09:53:05,0,0,4
2017-06-04,09:53:06,0,0,4
2017-06-04,09:53:07,0,0,4
2017-06-04,09:53:08,0,0,4
2017-06-04,09:53:09,0,0,4
2017-06-04,09:53:10,0,0,4
2017-06-04,09:53:11,0,0,4
2017-06-04,09:53:12,0,0,4
2017-06-04,09:53:13,0,0,4
2017-06-04,09:53:14,0,0,4
2017-06-04,09:53:15,0,0,4
2017-06-04,09:53:16,0,0,4
2017-06-04,09:53:17,0,0,4
2017-06-04,09:53:18,0,0,4
2017-06-04,09:53:19,0,0,4
2017-06-04,09:53:20,0,0,4
2017-06-04,09:53:21,0,0,4
2017-06-04,09:53:22,0,0,4
2017-06-04,09:53:23,0,0,4
2017-06-04,09:53:24,0,0,4
2017-06-04,09:53:25,0,0,4
2017-06-04,09:53:26,0,0,4
2017-06-04,09:53:27,0,0,4
2017-06-04,09:53:28,0,0,4
2017-06-04,09:53:29,0,0,4
2017-06-04,09:53:30,0,0,4
2017-06-04,09:53:31,0,0,4
2017-06-04,09:53:32,0,0,4
2017-06-04,09:53:33,0,0,4
2017-06-04,09:53:34,0,0,4
2017-06-04,09:53:35,0,0,4
2017-06-04,09:53:36,0,0,4
2017-06-04,09:53:37,0,0,4
2017-06-04,09:53:38,0,0,4
2017-06-04,09:53:39,0,0,4
2017-06-04,09:53:40,0,0,4
2017-06-04,09:53:41,0,0,4
2017-06-04,09:53:42,0,0,4
2017-06-04,09:53:43,40542,0,4
2017-06-04,09:53:44,0,0,4
2017-06-04,09:53:45,0,0,4
2017-06-04,09:53:46,0,0,4
2017-06-04,09:53:47,0,0,4
2017-06-04,09:53:48,0,0,4
2017-06-04,09:53:49,0,0,4
2017-06-04,09:53:50,0,0,4
2017-06-04,09:53:51,0,0,4
2017-06-04,09:53:52,0,0,5
2017-06-04,09:53:53,0,0,5
2017-06-04,09:53:54,0,0,5
2017-06-04,09:53:55,0,0,5
2017-06-04,09:53:56,0,0,5
2017-06-04,09:53:57,0,0,5
2017-06-04,09:53:58,0,0,5
2017-06-04,09:53:59,0,0,5
2017-06-04,09:54:00,0,0,5
2017-06-04,09:54:01,0,0,5
2017-06-04,09:54:02,0,0,5
2017-06-04,09:54:03,0,0,5
2017-06-04,09:54:04,0,0,5
2017-06-04,09:54:05,0,0,5
2017-06-04,09:54:06,0,0,5
2017-06-04,09:54:07,0,0,5
2017-06-04,09:54:08,0,0,5
2017-06-04,09:54:09,0,0,5
2017-06-04,09:54:10,0,0,5
2017-06-04,09:54:11,0,0,5
2017-06-04,09:54:12,0,0,5
2017-06-04,09:54:13,0,0,5
2017-06-04,09:54:14,0,0,5
2017-06-04,09:54:15,0,0,5
2017-06-04,09:54:16,0,0,5
2017-06-04,09:54:17,0,0,5
2017-06-04,09:54:18,0,0,5
2017-06-04,09:54:19,0,0,5
2017-06-04,09:54:20,0,0,5
2017-06-04,09:54:21,0,0,5
2017-06-04,09:54:22,0,0,5
2017-06-04,09:54:23,0,0,5
2017-06-04,09:54:24,0,0,5
2017-06-04,09:54:25,0,0,5
2017-06-04,09:54:26,0,0,5
2017-06-04,09:54:27,0,0,5
2017-06-04,09:54:28,0,0,5
2017-06-04,09:54:29,0,0,5
2017-06-04,09:54:30,0,0,5
2017-06-04,09:54:31,0,0,5
2017-06-04,09:54:32,0,0,5
2017-06-04,09:54:33,0,0,5
2017-06-04,09:54:34,0,0,5
2017-06-04,09:54:35,0,0,5
2017-06-04,09:54:36,0,0,5
2017-06-04,09:54:37,0,0,5
2017-06-04,09:54:38,0,0,5
2017-06-04,09:54:39,0,0,5
2017-06-04,09:54:40,0,0,5
2017-06-04,09:54:41,0,0,5
2017-06-04,09:54:42,0,0,5
2017-06-04,09:54:43,0,0,5
2017-06-04,09:54:44,0,0,5
2017-06-04,09:54:45,40543,0,5
2017-06-04,09:54:46,0,0,5
2017-06-04,09:54:47,0,0,5
2017-06-04,09:54:48,0,0,5
2017-06-04,09:54:49,0,0,5
2017-06-04,09:54:50,0,0,5
2017-06-04,09:54:51,0,0,5
2017-06-04,09:54:52,0,0,6
2017-06-04,09:54:53,0,0,6
2017-06-04,09:54:54,0,0,6
2017-06-04,09:54:55,0,0,6
2017-06-04,09:54:56,0,0,6
2017-06-04,09:54:57,0,0,6
2017-06-04,09:54:58,0,0,6
2017-06-04,09:54:59,0,0,6
2017-06-04,09:55:00,0,0,6
2017-06-04,09:55:01,0,0,6
2017-06-04,09:55:02,0,0,6
2017-06-04,09:55:03,0,0,6
2017-06-04,09:55:04,0,0,6
2017-06-04,09:55:05,0,0,6
2017-06-04,09:55:06,0,0,6
2017-06-04,09:55:07,0,0,6
2017-06-04,09:55:08,0,0,6
2017-06-04,09:55:09,0,0,6
2017-06-04,09:55:10,0,0,6
2017-06-04,09:55:11,0,0,6
2017-06-04,09:55:12,0,0,6
2017-06-04,09:55:13,0,0,6
2017-06-04,09:55:14,0,0,6
2017-06-04,09:55:15,0,0,6
2017-06-04,09:55:16,0,0,6
2017-06-04,09:55:17,0,0,6
2017-06-04,09:55:18,0,0,6
2017-06-04,09:55:19,0,0,6
2017-06-04,09:55:20,0,0,6
2017-06-04,09:55:21,0,0,6
2017-06-04,09:55:22,0,0,6
2017-06-04,09:55:23,0,0,6
2017-06-04,09:55:24,0,0,6
2017-06-04,09:55:25,0,0,6
2017-06-04,09:55:26,0,0,6
2017-06-04,09:55:27,0,0,6
2017-06-04,09:55:28,0,0,6
2017-06-04,09:55:29,0,0,6
2017-06-04,09:55:30,0,0,6
2017-06-04,09:55:31,0,0,6
2017-06-04,09:55:32,0,0,6
2017-06-04,09:55:33,0,0,6
2017-06-04,09:55:34,0,0,6
2017-06-04,09:55:35,40544,0,6
2017-06-04,09:55:36,0,0,6
2017-06-04,09:55:37,0,0,6
2017-06-04,09:55:38,0,0,6
2017-06-04,09:55:39,0,0,6
2017-06-04,09:55:40,0,0,6
2017-06-04,09:55:41,0,0,6
2017-06-04,09:55:42,0,0,6
2017-06-04,09:55:43,0,0,6
2017-06-04,09:55:44,0,0,6
2017-06-04,09:55:45,0,0,6
2017-06-04,09:55:46,0,0,6
2017-06-04,09:55:47,0,0,6
2017-06-04,09:55:48,0,0,6
2017-06-04,09:55:49,0,0,6
2017-06-04,09:55:50,0,0,6
2017-06-04,09:55:51,0,0,6
2017-06-04,09:55:52,0,0,7
2017-06-04,09:55:53,0,0,7
2017-06-04,09:55:54,0,0,7
2017-06-04,09:55:55,0,0,7
2017-06-04,09:55:56,0,0,7
2017-06-04,09:55:57,0,0,7
2017-06-04,09:55:58,0,0,7
2017-06-04,09:55:59,0,0,7
2017-06-04,09:56:00,0,0,7
2017-06-04,09:56:01,0,0,7
2017-06-04,09:56:02,0,0,7
2017-06-04,09:56:03,0,0,7
2017-06-04,09:56:04,0,0,7
2017-06-04,09:56:05,0,0,7
2017-06-04,09:56:06,0,0,7
2017-06-04,09:56:07,0,0,7
2017-06-04,09:56:08,0,0,7
2017-06-04,09:56:09,0,0,7
2017-06-04,09:56:10,0,0,7
2017-06-04,09:56:11,0,0,7
2017-06-04,09:56:12,0,0,7
2017-06-04,09:56:13,0,0,7
2017-06-04,09:56:14,0,0,7
2017-06-04,09:56:15,0,0,7
2017-06-04,09:56:16,0,0,7
2017-06-04,09:56:17,0,0,7
2017-06-04,09:56:18,0,0,7
2017-06-04,09:56:19,0,0,7
2017-06-04,09:56:20,0,0,7
2017-06-04,09:56:21,0,0,7
2017-06-04,09:56:22,0,0,7
2017-06-04,09:56:23,0,0,7
2017-06-04,09:56:24,0,0,7
2017-06-04,09:56:25,0,0,7
2017-06-04,09:56:26,0,0,7
2017-06-04,09:56:27,0,0,7
2017-06-04,09:56:28,0,0,7
2017-06-04,09:56:29,0,0,7
2017-06-04,09:56:30,0,0,7
2017-06-04,09:56:31,0,0,7
2017-06-04,09:56:32,0,0,7
2017-06-04,09:56:33,0,0,7
2017-06-04,09:56:34,0,0,7
2017-06-04,09:56:35,0,0,7
2017-06-04,09:56:36,0,0,7
2017-06-04,09:56:37,0,0,7
2017-06-04,09:56:38,0,0,7
2017-06-04,09:56:39,40542,0,7
2017-06-04,09:56:40,0,0,7
2017-06-04,09:56:41,0,0,7
2017-06-04,09:56:42,0,0,7
2017-06-04,09:56:43,0,0,7
2017-06-04,09:56:44,0,0,7
2017-06-04,09:56:45,0,0,7
2017-06-04,09:56:46,0,0,7
2017-06-04,09:56:47,0,0,7
2017-06-04,09:56:48,0,0,7
2017-06-04,09:56:49,0,0,7
2017-06-04,09:56:50,0,0,7
2017-06-04,09:56:51,0,0,7
2017-06-04,09:56:52,0,0,1
2017-06-04,09:56:53,0,0,1
2017-06-04,09:56:54,0,0,1
2017-06-04,09:56:55,0,0,1
2017-06-04,09:56:56,0,0,1
2017-06-04,09:56:57,0,0,1
2017-06-04,09:56:58,0,0,1
2017-06-04,09:56:59,0,0,1
2017-06-04,09:57:00,0,0,1
2017-06-04,09:57:01,0,0,1
2017-06-04,09:57:02,40541,0,1
2017-06-04,09:57:03,0,0,1
2017-06-04,09:57:04,0,0,1
2017-06-04,09:57:05,0,0,1
2017-06-04,09:57:06,0,0,1
2017-06-04,09:57:07,0,0,1
2017-06-04,09:57:08,0,0,1
2017-06-04,09:57:09,0,0,1
2017-06-04,09:57:10,0,0,1
2017-06-04,09:57:11,0,0,1
2017-06-04,09:57:12,0,0,1
2017-06-04,09:57:13,0,0,1
2017-06-04,09:57:14,0,0,1
2017-06-04,09:57:15,0,0,1
2017-06-04,09:57:16,0,0,1
2017-06-04,09:57:17,0,0,1
2017-06-04,09:57:18,0,0,1
2017-06-04,09:57:19,0,0,1
2017-06-04,09:57:20,0,0,1
2017-06-04,09:57:21,0,0,1
2017-06-04,09:57:22,0,0,1
2017-06-04,09:57:23,0,0,1
2017-06-04,09:57:24,0,0,1
2017-06-04,09:57:25,0,0,1
2017-06-04,09:57:26,0,0,1
2017-06-04,09:57:27,0,0,1
2017-06-04,09:57:28,0,0,1
2017-06-04,09:57:29,0,0,1
2017-06-04,09:57:30,0,0,1
2017-06-04,09:57:31,0,0,1
2017-06-04,09:57:32,26327,0,1
2017-06-04,09:57:33,0,0,1
2017-06-04,09:57:34,0,0,1
2017-06-04,09:57:35,0,0,1
2017-06-04,09:57:36,0,0,1
2017-06-04,09:57:37,0,0,1
2017-06-04,09:57:38,0,0,1
2017-06-04,09:57:39,0,0,1
2017-06-04,09:57:40,0,0,1
2017-06-04,09:57:41,0,0,1
2017-06-04,09:57:42,0,0,1
2017-06-04,09:57:43,0,0,1
2017-06-04,09:57:44,0,0,1
2017-06-04,09:57:45,0,0,1
2017-06-04,09:57:46,0,0,1
2017-06-04,09:57:47,0,0,1
2017-06-04,09:57:48,0,0,1
2017-06-04,09:57:49,0,0,1
2017-06-04,09:57:50,0,0,1
2017-06-04,09:57:51,0,0,1
2017-06-04,09:57:52,0,0,2
2017-06-04,09:57:53,0,0,2
2017-06-04,09:57:54,0,0,2
2017-06-04,09:57:55,0,0,2
2017-06-04,09:57:56,0,0,2
2017-06-04,09:57:57,0,0,2
2017-06-04,09:57:58,0,0,2
2017-06-04,09:57:59,0,0,2
2017-06-04,09:58:00,0,0,2
2017-06-04,09:58:01,0,0,2
2017-06-04,09:58:02,40544,0,2
2017-06-04,09:58:03,0,0,2
2017-06-04,09:58:04,0,0,2
2017-06-04,09:58:05,0,0,2
2017-06-04,09:58:06,0,0,2
2017-06-04,09:58:07,0,0,2
2017-06-04,09:58:08,0,0,2
2017-06-04,09:58:09,0,0,2
2017-06-04,09:58:10,0,0,2
2017-06-04,09:58:11,0,0,2
2017-06-04,09:58:12,0,0,2
2017-06-04,09:58:13,0,0,2
2017-06-04,09:58:14,0,0,2
2017-06-04,09:58:15,0,0,2
2017-06-04,09:58:16,0,0,2
2017-06-04,09:58:17,0,0,2
2017-06-04,09:58:18,0,0,2
2017-06-04,09:58:19,0,0,2
2017-06-04,09:58:20,0,0,2
2017-06-04,09:58:21,0,0,2
2017-06-04,09:58:22,0,0,2
2017-06-04,09:58:23,0,0,2
2017-06-04,09:58:24,0,0,2
2017-06-04,09:58:25,0,0,2
2017-06-04,09:58:26,0,0,2
2017-06-04,09:58:27,0,0,2
2017-06-04,09:58:28,0,0,2
2017-06-04,09:58:29,0,0,2
2017-06-04,09:58:30,0,0,2
2017-06-04,09:58:31,0,0,2
2017-06-04,09:58:32,0,0,2
2017-06-04,09:58:33,0,0,2
2017-06-04,09:58:34,0,0,2
2017-06-04,09:58:35,0,0,2
2017-06-04,09:58:36,0,0,2
2017-06-04,09:58:37,0,0,2
2017-06-04,09:58:38,0,0,2
2017-06-04,09:58:39,0,0,2
2017-06-04,09:58:40,0,0,2
2017-06-04,09:58:41,0,0,2
2017-06-04,09:58:42,0,0,2
2017-06-04,09:58:43,0,0,2
2017-06-04,09:58:44,0,0,2
2017-06-04,09:58:45,0,0,2
2017-06-04,09:58:46,0,0,2
2017-06-04,09:58:47,0,0,2
2017-06-04,09:58:48,0,0,2
2017-06-04,09:58:49,0,0,2
2017-06-04,09:58:50,40542,0,2
2017-06-04,09:58:51,0,0,2
2017-06-04,09:58:52,0,0,3
2017-06-04,09:58:53,0,0,3
2017-06-04,09:58:54,0,0,3
2017-06-04,09:58:55,0,0,3
2017-06-04,09:58:56,0,0,3
2017-06-04,09:58:57,0,0,3
2017-06-04,09:58:58,0,0,3
2017-06-04,09:58:59,0,0,3
2017-06-04,09:59:00,0,0,3
2017-06-04,09:59:01,0,0,3
2017-06-04,09:59:02,0,0,3
2017-06-04,09:59:03,0,0,3
2017-06-04,09:59:04,0,0,3
2017-06-04,09:59:05,0,0,3
2017-06-04,09:59:06,0,0,3
2017-06-04,09:59:07,0,0,3
2017-06-04,09:59:08,0,0,3
2017-06-04,09:59:09,0,0,3
2017-06-04,09:59:10,0,0,3
2017-06-04,09:59:11,0,0,3
2017-06-04,09:59:12,0,0,3
2017-06-04,09:59:13,0,0,3
2017-06-04,09:59:14,0,0,3
2017-06-04,09:59:15,0,0,3
2017-06-04,09:59:16,0,0,3
2017-06-04,09:59:17,0,0,3
2017-06-04,09:59:18,0,0,3
2017-06-04,09:59:19,0,0,3
2017-06-04,09:59:20,0,0,3
2017-06-04,09:59:21,0,0,3
2017-06-04,09:59:22,0,0,3
2017-06-04,09:59:23,0,0,3
2017-06-04,09:59:24,40544,0,3
2017-06-04,09:59:25,0,0,3
2017-06-04,09:59:26,0,0,3
2017-06-04,09:59:27,0,0,3
2017-06-04,09:59:28,0,0,3
2017-06-04,09:59:29,0,0,3
2017-06-04,09:59:30,0,0,3
2017-06-04,09:59:31,0,0,3
2017-06-04,09:59:32,0,0,3
2017-06-04,09:59:33,0,0,3
2017-06-04,09:59:34,0,0,3
2017-06-04,09:59:35,0,0,3
2017-06-04,09:59:36,0,0,3
2017-06-04,09:59:37,0,0,3
2017-06-04,09:59:38,0,0,3
2017-06-04,09:59:39,0,0,3
2017-06-04,09:59:40,0,0,3
2017-06-04,09:59:41,0,0,3
2017-06-04,09:59:42,0,0,3
2017-06-04,09:59:43,0,0,3
2017-06-04,09:59:44,0,0,3
2017-06-04,09:59:45,0,0,3
2017-06-04,09:59:46,0,0,3
2017-06-04,09:59:47,0,0,3
2017-06-04,09:59:48,0,0,3
2017-06-04,09:59:49,0,0,3
2017-06-04,09:59:50,0,0,3
2017-06-04,09:59:51,0,0,3
2017-06-04,09:59:52,0,0,4
2017-06-04,09:59:53,0,0,4
2017-06-04,09:59:54,0,0,4
2017-06-04,09:59:55,0,0,4
2017-06-04,09:59:56,0,0,4
2017-06-04,09:59:57,0,0,4
2017-06-04,09:59:58,0,0,4
2017-06-04,09:59:59,0,0,4
2017-06-04,10:00:00,0,0,4
2017-06-04,10:00:01,0,0,4
2017-06-04,10:00:02,0,0,4
2017-06-04,10:00:03,0,0,4
2017-06-04,10:00:04,0,0,4
2017-06-04,10:00:05,0,0,4
2017-06-04,10:00:06,0,0,4
2017-06-04,10:00:07,0,0,4
2017-06-04,10:00:08,0,0,4
2017-06-04,10:00:09,0,0,4
2017-06-04,10:00:10,0,0,4
2017-06-04,10:00:11,0,0,4
2017-06-04,10:00:12,0,0,4
2017-06-04,10:00:13,0,0,4
2017-06-04,10:00:14,0,0,4
2017-06-04,10:00:15,0,0,4
2017-06-04,10:00:16,0,0,4
2017-06-04,10:00:17,0,0,4
2017-06-04,10:00:18,0,0,4
2017-06-04,10:00:19,0,0,4
2017-06-04,10:00:20,0,0,4
2017-06-04,10:00:21,0,0,4
2017-06-04,10:00:22,40543,0,4
2017-06-04,10:00:23,0,0,4
2017-06-04,10:00:24,0,0,4
2017-06-04,10:00:25,0,0,4
2017-06-04,10:00:26,0,0,4
2017-06-04,10:00:27,0,0,4
2017-06-04,10:00:28,0,0,4
2017-06-04,10:00:29,0,0,4
2017-06-04,10:00:30,0,0,4
2017-06-04,10:00:31,0,0,4
2017-06-04,10:00:32,0,0,4
2017-06-04,10:00:33,0,0,4
2017-06-04,10:00:34,0,0,4
2017-06-04,10:00:35,0,0,4
2017-06-04,10:00:36,0,0,4
2017-06-04,10:00:37,0,0,4
2017-06-04,10:00:38,0,0,4
2017-06-04,10:00:39,0,0,4
2017-06-04,10:00:40,0,0,4
2017-06-04,10:00:41,0,0,4
2017-06-04,10:00:42,0,0,4
2017-06-04,10:00:43,0,0,4
2017-06-04,10:00:44,0,0,4
2017-06-04,10:00:45,0,0,4
2017-06-04,10:00:46,0,0,4
2017-06-04,10:00:47,0,0,4
2017-06-04,10:00:48,0,0,4
2017-06-04,10:00:49,0,0,4
2017-06-04,10:00:50,0,0,4
2017-06-04,10:00:51,0,0,4
2017-06-04,10:00:52,0,0,5
2017-06-04,10:00:53,0,0,5
2017-06-04,10:00:54,0,0,5
2017-06-04,10:00:55,0,0,5
2017-06-04,10:00:56,0,0,5
2017-06-04,10:00:57,0,0,5
2017-06-04,10:00:58,0,0,5
2017-06-04,10:00:59,0,0,5
2017-06-04,10:01:00,0,0,5
2017-06-04,10:01:01,0,0,5
2017-06-04,10:01:02,40540,0,5
2017-06-04,10:01:03,0,0,5
2017-06-04,10:01:04,0,0,5
2017-06-04,10:01:05,0,0,5
2017-06-04,10:01:06,0,0,5
2017-06-04,10:01:07,0,0,5
2017-06-04,10:01:08,0,0,5
2017-06-04,10:01:09,0,0,5
2017-06-04,10:01:10,0,0,5
2017-06-04,10:01:11,0,0,5
2017-06-04,10:01:12,0,0,5
2017-06-04,10:01:13,0,0,5
2017-06-04,10:01:14,0,0,5
2017-06-04,10:01:15,0,0,5
2017-06-04,10:01:16,0,0,5
2017-06-04,10:01:17,0,0,5
2017-06-04,10:01:18,0,0,5
2017-06-04,10:01:19,0,0,5
2017-06-04,10:01:20,0,0,5
2017-06-04,10:01:21,0,0,5
2017-06-04,10:01:22,0,0,5
2017-06-04,10:01:23,0,0,5
2017-06-04,10:01:24,0,0,5
2017-06-04,10:01:25,0,0,5
2017-06-04,10:01:26,0,0,5
2017-06-04,10:01:27,0,0,5
2017-06-04,10:01:28,0,0,5
2017-06-04,10:01:29,40542,0,5
2017-06-04,10:01:30,0,0,5
2017-06-04,10:01:31,0,0,5
2017-06-04,10:01:32,0,0,5
2017-06-04,10:01:33,0,0,5
2017-06-04,10:01:34,0,0,5
2017-06-04,10:01:35,0,0,5
2017-06-04,10:01:36,0,0,5
2017-06-04,10:01:37,0,0,5
2017-06-04,10:01:38,0,0,5
2017-06-04,10:01:39,0,0,5
2017-06-04,10:01:40,0,0,5
2017-06-04,10:01:41,0,0,5
2017-06-04,10:01:42,0,0,5
2017-06-04,10:01:43,0,0,5
2017-06-04,10:01:44,0,0,5
2017-06-04,10:01:45,0,0,5
2017-06-04,10:01:46,0,0,5
2017-06-04,10:01:47,0,0,5
2017-06-04,10:01:48,0,0,5
2017-06-04,10:01:49,0,0,5
2017-06-04,10:01:50,0,0,5
2017-06-04,10:01:51,0,0,5
2017-06-04,10:01:52,0,0,6
2017-06-04,10:01:53,0,0,6
2017-06-04,10:01:54,0,0,6
2017-06-04,10:01:55,0,0,6
2017-06-04,10:01:56,0,0,6
2017-06-04,10:01:57,0,0,6
2017-06-04,10:01:58,0,0,6
2017-06-04,10:01:59,0,0,6
2017-06-04,10:02:00,0,0,6
2017-06-04,10:02:01,40542,0,6
2017-06-04,10:02:02,0,0,6
2017-06-04,10:02:03,0,0,6
2017-06-04,10:02:04,0,0,6
2017-06-04,10:02:05,0,0,6
2017-06-04,10:02:06,0,0,6
2017-06-04,10:02:07,0,0,6
2017-06-04,10:02:08,0,0,6
2017-06-04,10:02:09,0,0,6
2017-06-04,10:02:10,0,0,6
2017-06-04,10:02:11,0,0,6
2017-06-04,10:02:12,0,0,6
2017-06-04,10:02:13,0,0,6
2017-06-04,10:02:14,0,0,6
2017-06-04,10:02:15,0,0,6
2017-06-04,10:02:16,0,0,6
2017-06-04,10:02:17,0,0,6
2017-06-04,10:02:18,0,0,6
2017-06-04,10:02:19,0,0,6
2017-06-04,10:02:20,0,0,6
2017-06-04,10:02:21,0,0,6
2017-06-04,10:02:22,0,0,6
2017-06-04,10:02:23,0,0,6
2017-06-04,10:02:24,0,0,6
2017-06-04,10:02:25,0,0,6
2017-06-04,10:02:26,0,0,6
2017-06-04,10:02:27,0,0,6
2017-06-04,10:02:28,0,0,6
2017-06-04,10:02:29,0,0,6
2017-06-04,10:02:30,0,0,6
2017-06-04,10:02:31,0,0,6
2017-06-04,10:02:32,0,0,6
2017-06-04,10:02:33,0,0,6
2017-06-04,10:02:34,0,0,6
2017-06-04,10:02:35,0,0,6
2017-06-04,10:02:36,0,0,6
2017-06-04,10:02:37,0,0,6
2017-06-04,10:02:38,0,0,6
2017-06-04,10:02:39,0,0,6
2017-06-04,10:02:40,0,0,6
2017-06-04,10:02:41,0,0,6
2017-06-04,10:02:42,0,0,6
2017-06-04,10:02:43,0,0,6
2017-06-04,10:02:44,0,0,6
2017-06-04,10:02:45,0,0,6
2017-06-04,10:02:46,0,0,6
2017-06-04,10:02:47,0,0,6
2017-06-04,10:02:48,0,0,6
2017-06-04,10:02:49,0,0,6
2017-06-04,10:02:50,0,0,6
2017-06-04,10:02:51,0,0,6
2017-06-04,10:02:52,0,0,7
2017-06-04,10:02:53,0,0,7
2017-06-04,10:02:54,0,0,7
2017-06-04,10:02:55,0,0,7
2017-06-04,10:02:56,0,0,7
2017-06-04,10:02:57,0,0,7
2017-06-04,10:02:58,0,0,7
2017-06-04,10:02:59,0,0,7
2017-06-04,10:03:00,0,0,7
2017-06-04,10:03:01,0,0,7
2017-06-04,10:03:02,0,0,7
2017-06-04,10:03:03,0,0,7
2017-06-04,10:03:04,0,0,7
2017-06-04,10:03:05,0,0,7
2017-06-04,10:03:06,0,0,7
2017-06-04,10:03:07,0,0,7
2017-06-04,10:03:08,0,0,7
2017-06-04,10:03:09,0,0,7
2017-06-04,10:03:10,0,0,7
2017-06-04,10:03:11,0,0,7
2017-06-04,10:03:12,0,0,7
2017-06-04,10:03:13,0,0,7
2017-06-04,10:03:14,0,0,7
2017-06-04,10:03:15,0,0,7
2017-06-04,10:03:16,0,0,7
2017-06-04,10:03:17,0,0,7
2017-06-04,10:03:18,0,0,7
2017-06-04,10:03:19,0,0,7
2017-06-04,10:03:20,0,0,7
2017-06-04,10:03:21,0,0,7
2017-06-04,10:03:22,0,0,7
2017-06-04,10:03:23,0,0,7
2017-06-04,10:03:24,0,0,7
2017-06-04,10:03:25,0,0,7
2017-06-04,10:03:26,0,0,7
2017-06-04,10:03:27,0,0,7
2017-06-04,10:03:28,0,0,7
2017-06-04,10:03:29,0,0,7
2017-06-04,10:03:30,0,0,7
2017-06-04,10:03:31,0,0,7
2017-06-04,10:03:32,0,0,7
2017-06-04,10:03:33,0,0,7
2017-06-04,10:03:34,0,0,7
2017-06-04,10:03:35,0,0,7
2017-06-04,10:03:36,0,0,7
2017-06-04,10:03:37,0,0,7
2017-06-04,10:03:38,0,0,7
2017-06-04,10:03:39,0,0,7
2017-06-04,10:03:40,0,0,7
2017-06-04,10:03:41,0,0,7
2017-06-04,10:03:42,0,0,7
2017-06-04,10:03:43,0,0,7
2017-06-04,10:03:44,0,0,7
2017-06-04,10:03:45,0,0,7
2017-06-04,10:03:46,0,0,7
2017-06-04,10:03:47,0,0,7
2017-06-04,10:03:48,0,0,7
2017-06-04,10:03:49,0,0,7
2017-06-04,10:03:50,0,0,7
2017-06-04,10:03:51,0,0,7
2017-06-04,10:03:52,0,0,1
2017-06-04,10:03:53,0,0,1
2017-06-04,10:03:54,0,0,1
2017-06-04,10:03:55,0,0,1
2017-06-04,10:03:56,0,0,1
2017-06-04,10:03:57,0,0,1
2017-06-04,10:03:58,0,0,1
2017-06-04,10:03:59,0,0,1
2017-06-04,10:04:00,0,0,1
2017-06-04,10:04:01,0,0,1
2017-06-04,10:04:02,0,0,1
2017-06-04,10:04:03,0,0,1
2017-06-04,10:04:04,40544,0,1
2017-06-04,10:04:05,0,0,1
2017-06-04,10:04:06,0,0,1
2017-06-04,10:04:07,0,0,1
2017-06-04,10:04:08,0,0,1
2017-06-04,10:04:09,0,0,1
2017-06-04,10:04:10,0,0,1
2017-06-04,10:04:11,0,0,1
2017-06-04,10:04:12,0,0,1
2017-06-04,10:04:13,0,0,1
2017-06-04,10:04:14,0,0,1
2017-06-04,10:04:15,0,0,1
2017-06-04,10:04:16,0,0,1
2017-06-04,10:04:17,0,0,1
2017-06-04,10:04:18,0,0,1
2017-06-04,10:04:19,40541,0,1
2017-06-04,10:04:20,0,0,1
2017-06-04,10:04:21,0,0,1
2017-06-04,10:04:22,0,0,1
2017-06-04,10:04:23,0,0,1
2017-06-04,10:04:24,0,0,1
2017-06-04,10:04:25,0,0,1
2017-06-04,10:04:26,0,0,1
2017-06-04,10:04:27,0,0,1
2017-06-04,10:04:28,0,0,1
2017-06-04,10:04:29,0,0,1
2017-06-04,10:04:30,0,0,1
2017-06-04,10:04:31,0,0,1
2017-06-04,10:04:32,0,0,1
2017-06-04,10:04:33,0,0,1
2017-06-04,10:04:34,0,0,1
2017-06-04,10:04:35,0,0,1
2017-06-04,10:04:36,0,0,1
2017-06-04,10:04:37,0,0,1
2017-06-04,10:04:38,0,0,1
2017-06-04,10:04:39,0,0,1
2017-06-04,10:04:40,0,0,1
2017-06-04,10:04:41,0,0,1
2017-06-04,10:04:42,0,0,1
2017-06-04,10:04:43,0,0,1
2017-06-04,10:04:44,0,0,1
2017-06-04,10:04:45,0,0,1
2017-06-04,10:04:46,0,0,1
2017-06-04,10:04:47,0,0,1
2017-06-04,10:04:48,0,0,1
2017-06-04,10:04:49,0,0,1
2017-06-04,10:04:50,0,0,1
2017-06-04,10:04:51,0,0,1
2017-06-04,10:04:52,0,0,2
2017-06-04,10:04:53,0,0,2
2017-06-04,10:04:54,0,0,2
2017-06-04,10:04:55,0,0,2
2017-06-04,10:04:56,0,0,2
2017-06-04,10:04:57,40542,0,2
2017-06-04,10:04:58,0,0,2
2017-06-04,10:04:59,0,0,2
2017-06-04,10:05:00,0,0,2
2017-06-04,10:05:01,0,0,2
2017-06-04,10:05:02,0,0,2
2017-06-04,10:05:03,0,0,2
2017-06-04,10:05:04,0,0,2
2017-06-04,10:05:05,0,0,2
2017-06-04,10:05:06,0,0,2
2017-06-04,10:05:07,0,0,2
2017-06-04,10:05:08,0,0,2
2017-06-04,10:05:09,0,0,2
2017-06-04,10:05:10,0,0,2
2017-06-04,10:05:11,0,0,2
2017-06-04,10:05:12,0,0,2
2017-06-04,10:05:13,0,0,2
2017-06-04,10:05:14,0,0,2
2017-06-04,10:05:15,0,0,2
2017-06-04,10:05:16,0,0,2
2017-06-04,10:05:17,40540,0,2
2017-06-04,10:05:18,0,0,2
2017-06-04,10:05:19,0,0,2
2017-06-04,10:05:20,0,0,2
2017-06-04,10:05:21,0,0,2
2017-06-04,10:05:22,0,0,2
2017-06-04,10:05:23,0,0,2
2017-06-04,10:05:24,0,0,2
2017-06-04,10:05:25,0,0,2
2017-06-04,10:05:26,0,0,2
2017-06-04,10:05:27,0,0,2
2017-06-04,10:05:28,0,0,2
2017-06-04,10:05:29,0,0,2
2017-06-04,10:05:30,0,0,2
2017-06-04,10:05:31,0,0,2
2017-06-04,10:05:32,0,0,2
2017-06-04,10:05:33,0,0,2
2017-06-04,10:05:34,0,0,2
2017-06-04,10:05:35,0,0,2
2017-06-04,10:05:36,0,0,2
2017-06-04,10:05:37,0,0,2
2017-06-04,10:05:38,0,0,2
2017-06-04,10:05:39,0,0,2
2017-06-04,10:05:40,0,0,2
2017-06-04,10:05:41,0,0,2
2017-06-04,10:05:42,0,0,2
2017-06-04,10:05:43,0,0,2
2017-06-04,10:05:44,0,0,2
2017-06-04,10:05:45,0,0,2
2017-06-04,10:05:46,0,0,2
2017-06-04,10:05:47,0,0,2
2017-06-04,10:05:48,0,0,2
2017-06-04,10:05:49,0,0,2
2017-06-04,10:05:50,0,0,2
2017-06-04,10:05:51,0,0,2
2017-06-04,10:05:52,0,0,3
2017-06-04,10:05:53,0,0,3
2017-06-04,10:05:54,0,0,3
2017-06-04,10:05:55,0,0,3
2017-06-04,10:05:56,0,0,3
2017-06-04,10:05:57,0,0,3
2017-06-04,10:05:58,40543,0,3
2017-06-04,10:05:59,40541,0,3
2017-06-04,10:06:00,0,0,3
2017-06-04,10:06:01,0,0,3
2017-06-04,10:06:02,0,0,3
2017-06-04,10:06:03,0,0,3
2017-06-04,10:06:04,0,0,3
2017-06-04,10:06:05,0,0,3
2017-06-04,10:06:06,0,0,3
2017-06-04,10:06:07,0,0,3
2017-06-04,10:06:08,0,0,3
2017-06-04,10:06:09,0,0,3
2017-06-04,10:06:10,0,0,3
2017-06-04,10:06:11,0,0,3
2017-06-04,10:06:12,0,0,3
2017-06-04,10:06:13,0,0,3
2017-06-04,10:06:14,0,0,3
2017-06-04,10:06:15,0,0,3
2017-06-04,10:06:16,0,0,3
2017-06-04,10:06:17,0,0,3
2017-06-04,10:06:18,0,0,3
2017-06-04,10:06:19,0,0,3
2017-06-04,10:06:20,0,0,3
2017-06-04,10:06:21,0,0,3
2017-06-04,10:06:22,0,0,3
2017-06-04,10:06:23,0,0,3
2017-06-04,10:06:24,0,0,3
2017-06-04,10:06:25,0,0,3
2017-06-04,10:06:26,0,0,3
2017-06-04,10:06:27,0,0,3
2017-06-04,10:06:28,40544,0,3
2017-06-04,10:06:29,0,0,3
2017-06-04,10:06:30,0,0,3
2017-06-04,10:06:31,0,0,3
2017-06-04,10:06:32,0,0,3
2017-06-04,10:06:33,0,0,3
2017-06-04,10:06:34,0,0,3
2017-06-04,10:06:35,0,0,3
2017-06-04,10:06:36,0,0,3
2017-06-04,10:06:37,0,0,3
2017-06-04,10:06:38,0,0,3
2017-06-04,10:06:39,0,0,3
2017-06-04,10:06:40,0,0,3
2017-06-04,10:06:41,0,0,3
2017-06-04,10:06:42,0,0,3
2017-06-04,10:06:43,0,0,3
2017-06-04,10:06:44,0,0,3
2017-06-04,10:06:45,0,0,3
2017-06-04,10:06:46,0,0,3
2017-06-04,10:06:47,0,0,3
2017-06-04,10:06:48,0,0,3
2017-06-04,10:06:49,0,0,3
2017-06-04,10:06:50,0,0,3
2017-06-04,10:06:51,0,0,3
2017-06-04,10:06:52,0,0,4
2017-06-04,10:06:53,0,0,4
2017-06-04,10:06:54,0,0,4
2017-06-04,10:06:55,0,0,4
2017-06-04,10:06:56,0,0,4
2017-06-04,10:06:57,40269,0,4
2017-06-04,10:06:58,0,0,4
2017-06-04,10:06:59,0,0,4
2017-06-04,10:07:00,0,0,4
2017-06-04,10:07:01,0,0,4
2017-06-04,10:07:02,0,0,4
2017-06-04,10:07:03,0,0,4
2017-06-04,10:07:04,0,0,4
2017-06-04,10:07:05,0,0,4
2017-06-04,10:07:06,0,0,4
2017-06-04,10:07:07,0,0,4
2017-06-04,10:07:08,0,0,4
2017-06-04,10:07:09,0,0,4
2017-06-04,10:07:10,0,0,4
2017-06-04,10:07:11,0,0,4
2017-06-04,10:07:12,0,0,4
2017-06-04,10:07:13,0,0,4
2017-06-04,10:07:14,0,0,4
2017-06-04,10:07:15,0,0,4
2017-06-04,10:07:16,0,0,4
2017-06-04,10:07:17,0,0,4
2017-06-04,10:07:18,0,0,4
2017-06-04,10:07:19,0,0,4
2017-06-04,10:07:20,0,0,4
2017-06-04,10:07:21,0,0,4
2017-06-04,10:07:22,40543,0,4
2017-06-04,10:07:23,0,0,4
2017-06-04,10:07:24,0,0,4
2017-06-04,10:07:25,0,0,4
2017-06-04,10:07:26,0,0,4
2017-06-04,10:07:27,0,0,4
2017-06-04,10:07:28,0,0,4
2017-06-04,10:07:29,0,0,4
2017-06-04,10:07:30,0,0,4
2017-06-04,10:07:31,0,0,4
2017-06-04,10:07:32,0,0,4
2017-06-04,10:07:33,0,0,4
2017-06-04,10:07:34,0,0,4
2017-06-04,10:07:35,0,0,4
2017-06-04,10:07:36,0,0,4
2017-06-04,10:07:37,0,0,4
2017-06-04,10:07:38,0,0,4
2017-06-04,10:07:39,0,0,4
2017-06-04,10:07:40,0,0,4
2017-06-04,10:07:41,0,0,4
2017-06-04,10:07:42,0,0,4
2017-06-04,10:07:43,0,0,4
2017-06-04,10:07:44,0,0,4
2017-06-04,10:07:45,0,0,4
2017-06-04,10:07:46,0,0,4
2017-06-04,10:07:47,0,0,4
2017-06-04,10:07:48,0,0,4
2017-06-04,10:07:49,0,0,4
2017-06-04,10:07:50,0,0,4
2017-06-04,10:07:51,0,0,4
2017-06-04,10:07:52,0,0,5
2017-06-04,10:07:53,0,0,5
2017-06-04,10:07:54,0,0,5
2017-06-04,10:07:55,0,0,5
2017-06-04,10:07:56,0,0,5
2017-06-04,10:07:57,0,0,5
2017-06-04,10:07:58,0,0,5
2017-06-04,10:07:59,0,0,5
2017-06-04,10:08:00,0,0,5
2017-06-04,10:08:01,0,0,5
2017-06-04,10:08:02,0,0,5
2017-06-04,10:08:03,0,0,5
2017-06-04,10:08:04,0,0,5
2017-06-04,10:08:05,0,0,5
2017-06-04,10:08:06,0,0,5
2017-06-04,10:08:07,0,0,5
2017-06-04,10:08:08,0,0,5
2017-06-04,10:08:09,0,0,5
2017-06-04,10:08:10,0,0,5
2017-06-04,10:08:11,0,0,5
2017-06-04,10:08:12,0,0,5
2017-06-04,10:08:13,0,0,5
2017-06-04,10:08:14,0,0,5
2017-06-04,10:08:15,0,0,5
2017-06-04,10:08:16,0,0,5
2017-06-04,10:08:17,0,0,5
2017-06-04,10:08:18,0,0,5
2017-06-04,10:08:19,0,0,5
2017-06-04,10:08:20,0,0,5
2017-06-04,10:08:21,0,0,5
2017-06-04,10:08:22,0,0,5
2017-06-04,10:08:23,0,0,5
2017-06-04,10:08:24,0,0,5
2017-06-04,10:08:25,0,0,5
2017-06-04,10:08:26,0,0,5
2017-06-04,10:08:27,0,0,5
2017-06-04,10:08:28,0,0,5
2017-06-04,10:08:29,0,0,5
2017-06-04,10:08:30,0,0,5
2017-06-04,10:08:31,0,0,5
2017-06-04,10:08:32,0,0,5
2017-06-04,10:08:33,40541,0,5
2017-06-04,10:08:34,0,0,5
2017-06-04,10:08:35,0,0,5
2017-06-04,10:08:36,0,0,5
2017-06-04,10:08:37,0,0,5
2017-06-04,10:08:38,0,0,5
2017-06-04,10:08:39,0,0,5
2017-06-04,10:08:40,0,0,5
2017-06-04,10:08:41,0,0,5
2017-06-04,10:08:42,0,0,5
2017-06-04,10:08:43,0,0,5
2017-06-04,10:08:44,0,0,5
2017-06-04,10:08:45,0,0,5
2017-06-04,10:08:46,0,0,5
2017-06-04,10:08:47,0,0,5
2017-06-04,10:08:48,0,0,5
2017-06-04,10:08:49,0,0,5
2017-06-04,10:08:50,0,0,5
2017-06-04,10:08:51,0,0,5
2017-06-04,10:08:52,0,0,6
2017-06-04,10:08:53,0,0,6
2017-06-04,10:08:54,0,0,6
2017-06-04,10:08:55,0,0,6
2017-06-04,10:08:56,0,0,6
2017-06-04,10:08:57,0,0,6
2017-06-04,10:08:58,0,0,6
2017-06-04,10:08:59,0,0,6
2017-06-04,10:09:00,0,0,6
2017-06-04,10:09:01,0,0,6
2017-06-04,10:09:02,0,0,6
2017-06-04,10:09:03,0,0,6
2017-06-04,10:09:04,0,0,6
2017-06-04,10:09:05,0,0,6
2017-06-04,10:09:06,0,0,6
2017-06-04,10:09:07,0,0,6
2017-06-04,10:09:08,0,0,6
2017-06-04,10:09:09,0,0,6
2017-06-04,10:09:10,0,0,6
2017-06-04,10:09:11,0,0,6
2017-06-04,10:09:12,0,0,6
2017-06-04,10:09:13,0,0,6
2017-06-04,10:09:14,0,0,6
2017-06-04,10:09:15,0,0,6
2017-06-04,10:09:16,0,0,6
2017-06-04,10:09:17,0,0,6
2017-06-04,10:09:18,0,0,6
2017-06-04,10:09:19,0,0,6
2017-06-04,10:09:20,0,0,6
2017-06-04,10:09:21,0,0,6
2017-06-04,10:09:22,0,0,6
2017-06-04,10:09:23,0,0,6
2017-06-04,10:09:24,0,0,6
2017-06-04,10:09:25,0,0,6
2017-06-04,10:09:26,0,0,6
2017-06-04,10:09:27,0,0,6
2017-06-04,10:09:28,0,0,6
2017-06-04,10:09:29,0,0,6
2017-06-04,10:09:30,0,0,6
2017-06-04,10:09:31,0,0,6
2017-06-04,10:09:32,0,0,6
2017-06-04,10:09:33,0,0,6
2017-06-04,10:09:34,0,0,6
2017-06-04,10:09:35,0,0,6
2017-06-04,10:09:36,0,0,6
2017-06-04,10:09:37,0,0,6
2017-06-04,10:09:38,0,0,6
2017-06-04,10:09:39,40542,0,6
2017-06-04,10:09:40,0,0,6
2017-06-04,10:09:41,0,0,6
2017-06-04,10:09:42,0,0,6
2017-06-04,10:09:43,0,0,6
2017-06-04,10:09:44,0,0,6
2017-06-04,10:09:45,0,0,6
2017-06-04,10:09:46,0,0,6
2017-06-04,10:09:47,0,0,6
2017-06-04,10:09:48,0,0,6
2017-06-04,10:09:49,0,0,6
2017-06-04,10:09:50,0,0,6
2017-06-04,10:09:51,0,0,6
2017-06-04,10:09:52,0,0,7
2017-06-04,10:09:53,0,0,7
2017-06-04,10:09:54,0,0,7
2017-06-04,10:09:55,0,0,7
2017-06-04,10:09:56,0,0,7
2017-06-04,10:09:57,0,0,7
2017-06-04,10:09:58,0,0,7
2017-06-04,10:09:59,0,0,7
2017-06-04,10:10:00,0,0,7
2017-06-04,10:10:01,40542,0,7
2017-06-04,10:10:02,0,0,7
2017-06-04,10:10:03,0,0,7
2017-06-04,10:10:04,0,0,7
2017-06-04,10:10:05,0,0,7
2017-06-04,10:10:06,0,0,7
2017-06-04,10:10:07,0,0,7
2017-06-04,10:10:08,0,0,7
2017-06-04,10:10:09,0,0,7
2017-06-04,10:10:10,0,0,7
2017-06-04,10:10:11,0,0,7
2017-06-04,10:10:12,0,0,7
2017-06-04,10:10:13,0,0,7
2017-06-04,10:10:14,0,0,7
2017-06-04,10:10:15,0,0,7
2017-06-04,10:10:16,0,0,7
2017-06-04,10:10:17,0,0,7
2017-06-04,10:10:18,0,0,7
2017-06-04,10:10:19,0,0,7
2017-06-04,10:10:20,0,0,7
2017-06-04,10:10:21,0,0,7
2017-06-04,10:10:22,0,0,7
2017-06-04,10:10:23,0,0,7
2017-06-04,10:10:24,0,0,7
2017-06-04,10:10:25,0,0,7
2017-06-04,10:10:26,0,0,7
2017-06-04,10:10:27,0,0,7
2017-06-04,10:10:28,0,0,7
2017-06-04,10:10:29,0,0,7
2017-06-04,10:10:30,0,0,7
2017-06-04,10:10:31,0,0,7
2017-06-04,10:10:32,40544,0,7
2017-06-04,10:10:33,0,0,7
2017-06-04,10:10:34,0,0,7
2017-06-04,10:10:35,0,0,7
2017-06-04,10:10:36,0,0,7
2017-06-04,10:10:37,0,0,7
2017-06-04,10:10:38,0,0,7
2017-06-04,10:10:39,0,0,7
2017-06-04,10:10:40,0,0,7
2017-06-04,10:10:41,0,0,7
2017-06-04,10:10:42,0,0,7
2017-06-04,10:10:43,0,0,7
2017-06-04,10:10:44,0,0,7
2017-06-04,10:10:45,0,0,7
2017-06-04,10:10:46,0,0,7
2017-06-04,10:10:47,0,0,7
2017-06-04,10:10:48,0,0,7
2017-06-04,10:10:49,0,0,7
2017-06-04,10:10:50,0,0,7
2017-06-04,10:10:51,0,0,7
2017-06-04,10:10:52,0,0,1
2017-06-04,10:10:53,0,0,1
2017-06-04,10:10:54,0,0,1
2017-06-04,10:10:55,0,0,1
2017-06-04,10:10:56,0,0,1
2017-06-04,10:10:57,0,0,1
2017-06-04,10:10:58,0,0,1
2017-06-04,10:10:59,0,0,1
2017-06-04,10:11:00,0,0,1
2017-06-04,10:11:01,0,0,1
2017-06-04,10:11:02,0,0,1
2017-06-04,10:11:03,0,0,1
2017-06-04,10:11:04,0,0,1
2017-06-04,10:11:05,0,0,1
2017-06-04,10:11:06,0,0,1
2017-06-04,10:11:07,0,0,1
2017-06-04,10:11:08,0,0,1
2017-06-04,10:11:09,0,0,1
2017-06-04,10:11:10,0,0,1
2017-06-04,10:11:11,0,0,1
2017-06-04,10:11:12,0,0,1
2017-06-04,10:11:13,0,0,1
2017-06-04,10:11:14,0,0,1
2017-06-04,10:11:15,0,0,1
2017-06-04,10:11:16,0,0,1
2017-06-04,10:11:17,0,0,1
2017-06-04,10:11:18,0,0,1
2017-06-04,10:11:19,0,0,1
2017-06-04,10:11:20,0,0,1
2017-06-04,10:11:21,0,0,1
2017-06-04,10:11:22,0,0,1
2017-06-04,10:11:23,40544,0,1
2017-06-04,10:11:24,0,0,1
2017-06-04,10:11:25,0,0,1
2017-06-04,10:11:26,0,0,1
2017-06-04,10:11:27,0,0,1
2017-06-04,10:11:28,0,0,1
2017-06-04,10:11:29,0,0,1
2017-06-04,10:11:30,0,0,1
2017-06-04,10:11:31,0,0,1
2017-06-04,10:11:32,0,0,1
2017-06-04,10:11:33,0,0,1
2017-06-04,10:11:34,0,0,1
2017-06-04,10:11:35,0,0,1
2017-06-04,10:11:36,0,0,1
2017-06-04,10:11:37,0,0,1
2017-06-04,10:11:38,0,0,1
2017-06-04,10:11:39,0,0,1
2017-06-04,10:11:40,0,0,1
2017-06-04,10:11:41,0,0,1
2017-06-04,10:11:42,0,0,1
2017-06-04,10:11:43,0,0,1
2017-06-04,10:11:44,0,0,1
2017-06-04,10:11:45,40541,0,1
2017-06-04,10:11:46,0,0,1
2017-06-04,10:11:47,0,0,1
2017-06-04,10:11:48,0,0,1
2017-06-04,10:11:49,0,0,1
2017-06-04,10:11:50,0,0,1
2017-06-04,10:11:51,0,0,1
2017-06-04,10:11:52,0,0,2
2017-06-04,10:11:53,0,0,2
2017-06-04,10:11:54,0,0,2
2017-06-04,10:11:55,0,0,2
2017-06-04,10:11:56,0,0,2
2017-06-04,10:11:57,0,0,2
2017-06-04,10:11:58,0,0,2
2017-06-04,10:11:59,40542,0,2
2017-06-04,10:12:00,0,0,2
2017-06-04,10:12:01,0,0,2
2017-06-04,10:12:02,0,0,2
2017-06-04,10:12:03,0,0,2
2017-06-04,10:12:04,0,0,2
2017-06-04,10:12:05,0,0,2
2017-06-04,10:12:06,0,0,2
2017-06-04,10:12:07,0,0,2
2017-06-04,10:12:08,0,0,2
2017-06-04,10:12:09,0,0,2
2017-06-04,10:12:10,0,0,2
2017-06-04,10:12:11,0,0,2
2017-06-04,10:12:12,0,0,2
2017-06-04,10:12:13,0,0,2
2017-06-04,10:12:14,0,0,2
2017-06-04,10:12:15,0,0,2
2017-06-04,10:12:16,0,0,2
2017-06-04,10:12:17,0,0,2
2017-06-04,10:12:18,0,0,2
2017-06-04,10:12:19,0,0,2
2017-06-04,10:12:20,0,0,2
2017-06-04,10:12:21,0,0,2
2017-06-04,10:12:22,0,0,2
2017-06-04,10:12:23,0,0,2
2017-06-04,10:12:24,0,0,2
2017-06-04,10:12:25,0,0,2
2017-06-04,10:12:26,0,0,2
2017-06-04,10:12:27,0,0,2
2017-06-04,10:12:28,0,0,2
2017-06-04,10:12:29,0,0,2
2017-06-04,10:12:30,0,0,2
2017-06-04,10:12:31,0,0,2
2017-06-04,10:12:32,0,0,2
2017-06-04,10:12:33,0,0,2
2017-06-04,10:12:34,0,0,2
2017-06-04,10:12:35,0,0,2
2017-06-04,10:12:36,0,0,2
2017-06-04,10:12:37,0,0,2
2017-06-04,10:12:38,0,0,2
2017-06-04,10:12:39,0,0,2
2017-06-04,10:12:40,0,0,2
2017-06-04,10:12:41,0,0,2
2017-06-04,10:12:42,0,0,2
2017-06-04,10:12:43,0,0,2
2017-06-04,10:12:44,0,0,2
2017-06-04,10:12:45,0,0,2
2017-06-04,10:12:46,0,0,2
2017-06-04,10:12:47,40541,0,2
2017-06-04,10:12:48,0,0,2
2017-06-04,10:12:49,0,0,2
2017-06-04,10:12:50,0,0,2
2017-06-04,10:12:51,0,0,2
2017-06-04,10:12:52,0,0,3
2017-06-04,10:12:53,0,0,3
2017-06-04,10:12:54,0,0,3
2017-06-04,10:12:55,0,0,3
2017-06-04,10:12:56,0,0,3
2017-06-04,10:12:57,0,0,3
2017-06-04,10:12:58,0,0,3
2017-06-04,10:12:59,0,0,3
2017-06-04,10:13:00,0,0,3
2017-06-04,10:13:01,0,0,3
2017-06-04,10:13:02,0,0,3
2017-06-04,10:13:03,0,0,3
2017-06-04,10:13:04,0,0,3
2017-06-04,10:13:05,0,0,3
2017-06-04,10:13:06,0,0,3
2017-06-04,10:13:07,0,0,3
2017-06-04,10:13:08,0,0,3
2017-06-04,10:13:09,0,0,3
2017-06-04,10:13:10,0,0,3
2017-06-04,10:13:11,0,0,3
2017-06-04,10:13:12,0,0,3
2017-06-04,10:13:13,0,0,3
2017-06-04,10:13:14,0,0,3
2017-06-04,10:13:15,0,0,3
2017-06-04,10:13:16,0,0,3
2017-06-04,10:13:17,0,0,3
2017-06-04,10:13:18,0,0,3
2017-06-04,10:13:19,0,0,3
2017-06-04,10:13:20,0,0,3
2017-06-04,10:13:21,0,0,3
2017-06-04,10:13:22,0,0,3
2017-06-04,10:13:23,0,0,3
2017-06-04,10:13:24,0,0,3
2017-06-04,10:13:25,0,0,3
2017-06-04,10:13:26,0,0,3
2017-06-04,10:13:27,0,0,3
2017-06-04,10:13:28,0,0,3
2017-06-04,10:13:29,0,0,3
2017-06-04,10:13:30,0,0,3
2017-06-04,10:13:31,0,0,3
2017-06-04,10:13:32,0,0,3
2017-06-04,10:13:33,0,0,3
2017-06-04,10:13:34,0,0,3
2017-06-04,10:13:35,0,0,3
2017-06-04,10:13:36,0,0,3
2017-06-04,10:13:37,0,0,3
2017-06-04,10:13:38,0,0,3
2017-06-04,10:13:39,0,0,3
2017-06-04,10:13:40,0,0,3
2017-06-04,10:13:41,0,0,3
2017-06-04,10:13:42,0,0,3
2017-06-04,10:13:43,0,0,3
2017-06-04,10:13:44,0,0,3
2017-06-04,10:13:45,0,0,3
2017-06-04,10:13:46,0,0,3
2017-06-04,10:13:47,0,0,3
2017-06-04,10:13:48,0,0,3
2017-06-04,10:13:49,40543,0,3
2017-06-04,10:13:50,0,0,3
2017-06-04,10:13:51,0,0,3
2017-06-04,10:13:52,0,0,4
2017-06-04,10:13:53,0,0,4
2017-06-04,10:13:54,0,0,4
2017-06-04,10:13:55,0,0,4
2017-06-04,10:13:56,0,0,4
2017-06-04,10:13:57,0,0,4
2017-06-04,10:13:58,0,0,4
2017-06-04,10:13:59,0,0,4
2017-06-04,10:14:00,0,0,4
2017-06-04,10:14:01,0,0,4
2017-06-04,10:14:02,0,0,4
2017-06-04,10:14:03,0,0,4
2017-06-04,10:14:04,0,0,4
2017-06-04,10:14:05,0,0,4
2017-06-04,10:14:06,0,0,4
2017-06-04,10:14:07,0,0,4
2017-06-04,10:14:08,0,0,4
2017-06-04,10:14:09,0,0,4
2017-06-04,10:14:10,0,0,4
2017-06-04,10:14:11,0,0,4
2017-06-04,10:14:12,0,0,4
2017-06-04,10:14:13,0,0,4
2017-06-04,10:14:14,0,0,4
2017-06-04,10:14:15,0,0,4
2017-06-04,10:14:16,0,0,4
2017-06-04,10:14:17,0,0,4
2017-06-04,10:14:18,0,0,4
2017-06-04,10:14:19,0,0,4
2017-06-04,10:14:20,0,0,4
2017-06-04,10:14:21,0,0,4
2017-06-04,10:14:22,0,0,4
2017-06-04,10:14:23,0,0,4
2017-06-04,10:14:24,0,0,4
2017-06-04,10:14:25,0,0,4
2017-06-04,10:14:26,0,0,4
2017-06-04,10:14:27,0,0,4
2017-06-04,10:14:28,0,0,4
2017-06-04,10:14:29,0,0,4
2017-06-04,10:14:30,0,0,4
2017-06-04,10:14:31,0,0,4
2017-06-04,10:14:32,0,0,4
2017-06-04,10:14:33,0,0,4
2017-06-04,10:14:34,0,0,4
2017-06-04,10:14:35,0,0,4
2017-06-04,10:14:36,0,0,4
2017-06-04,10:14:37,0,0,4
2017-06-04,10:14:38,0,0,4
2017-06-04,10:14:39,0,0,4
2017-06-04,10:14:40,0,0,4
2017-06-04,10:14:41,0,0,4
2017-06-04,10:14:42,0,0,4
2017-06-04,10:14:43,0,0,4
2017-06-04,10:14:44,0,0,4
2017-06-04,10:14:45,0,0,4
2017-06-04,10:14:46,0,0,4
2017-06-04,10:14:47,0,0,4
2017-06-04,10:14:48,0,0,4
2017-06-04,10:14:49,0,0,4
2017-06-04,10:14:50,0,0,4
2017-06-04,10:14:51,0,0,4
2017-06-04,10:14:52,0,0,5
2017-06-04,10:14:53,0,0,5
2017-06-04,10:14:54,0,0,5
2017-06-04,10:14:55,0,0,5
2017-06-04,10:14:56,0,0,5
2017-06-04,10:14:57,0,0,5
2017-06-04,10:14:58,0,0,5
2017-06-04,10:14:59,0,0,5
2017-06-04,10:15:00,0,0,5
2017-06-04,10:15:01,0,0,5
2017-06-04,10:15:02,0,0,5
2017-06-04,10:15:03,0,0,5
2017-06-04,10:15:04,0,0,5
2017-06-04,10:15:05,40544,0,5
2017-06-04,10:15:06,0,0,5
2017-06-04,10:15:07,0,0,5
2017-06-04,10:15:08,0,0,5
2017-06-04,10:15:09,0,0,5
2017-06-04,10:15:10,0,0,5
2017-06-04,10:15:11,0,0,5
2017-06-04,10:15:12,0,0,5
2017-06-04,10:15:13,0,0,5
2017-06-04,10:15:14,0,0,5
2017-06-04,10:15:15,0,0,5
2017-06-04,10:15:16,0,0,5
2017-06-04,10:15:17,0,0,5
2017-06-04,10:15:18,0,0,5
2017-06-04,10:15:19,0,0,5
2017-06-04,10:15:20,0,0,5
2017-06-04,10:15:21,0,0,5
2017-06-04,10:15:22,0,0,5
2017-06-04,10:15:23,0,0,5
2017-06-04,10:15:24,0,0,5
2017-06-04,10:15:25,0,0,5
2017-06-04,10:15:26,0,0,5
2017-06-04,10:15:27,0,0,5
2017-06-04,10:15:28,0,0,5
2017-06-04,10:15:29,0,0,5
2017-06-04,10:15:30,0,0,5
2017-06-04,10:15:31,0,0,5
2017-06-04,10:15:32,0,0,5
2017-06-04,10:15:33,0,0,5
2017-06-04,10:15:34,0,0,5
2017-06-04,10:15:35,0,0,5
2017-06-04,10:15:36,0,0,5
2017-06-04,10:15:37,0,0,5
2017-06-04,10:15:38,0,0,5
2017-06-04,10:15:39,0,0,5
2017-06-04,10:15:40,0,0,5
2017-06-04,10:15:41,0,0,5
2017-06-04,10:15:42,0,0,5
2017-06-04,10:15:43,0,0,5
2017-06-04,10:15:44,0,0,5
2017-06-04,10:15:45,0,0,5
2017-06-04,10:15:46,0,0,5
2017-06-04,10:15:47,0,0,5
2017-06-04,10:15:48,0,0,5
2017-06-04,10:15:49,0,0,5
2017-06-04,10:15:50,0,0,5
2017-06-04,10:15:51,0,0,5
2017-06-04,10:15:52,0,0,6
2017-06-04,10:15:53,0,0,6
2017-06-04,10:15:54,0,0,6
2017-06-04,10:15:55,0,0,6
2017-06-04,10:15:56,0,0,6
2017-06-04,10:15:57,0,0,6
2017-06-04,10:15:58,0,0,6
2017-06-04,10:15:59,0,0,6
2017-06-04,10:16:00,0,0,6
2017-06-04,10:16:01,0,0,6
2017-06-04,10:16:02,0,0,6
2017-06-04,10:16:03,0,0,6
2017-06-04,10:16:04,0,0,6
2017-06-04,10:16:05,0,0,6
2017-06-04,10:16:06,0,0,6
2017-06-04,10:16:07,0,0,6
2017-06-04,10:16:08,0,0,6
2017-06-04,10:16:09,0,0,6
2017-06-04,10:16:10,0,0,6
2017-06-04,10:16:11,0,0,6
2017-06-04,10:16:12,0,0,6
2017-06-04,10:16:13,0,0,6
2017-06-04,10:16:14,0,0,6
2017-06-04,10:16:15,0,0,6
2017-06-04,10:16:16,0,0,6
2017-06-04,10:16:17,0,0,6
2017-06-04,10:16:18,0,0,6
2017-06-04,10:16:19,0,0,6
2017-06-04,10:16:20,0,0,6
2017-06-04,10:16:21,0,0,6
2017-06-04,10:16:22,0,0,6
2017-06-04,10:16:23,0,0,6
2017-06-04,10:16:24,0,0,6
2017-06-04,10:16:25,40543,0,6
2017-06-04,10:16:26,0,0,6
2017-06-04,10:16:27,0,0,6
2017-06-04,10:16:28,0,0,6
2017-06-04,10:16:29,0,0,6
2017-06-04,10:16:30,0,0,6
2017-06-04,10:16:31,0,0,6
2017-06-04,10:16:32,0,0,6
2017-06-04,10:16:33,0,0,6
2017-06-04,10:16:34,0,0,6
2017-06-04,10:16:35,0,0,6
2017-06-04,10:16:36,0,0,6
2017-06-04,10:16:37,0,0,6
2017-06-04,10:16:38,0,0,6
2017-06-04,10:16:39,0,0,6
2017-06-04,10:16:40,0,0,6
2017-06-04,10:16:41,0,0,6
2017-06-04,10:16:42,0,0,6
2017-06-04,10:16:43,0,0,6
2017-06-04,10:16:44,0,0,6
2017-06-04,10:16:45,0,0,6
2017-06-04,10:16:46,0,0,6
2017-06-04,10:16:47,0,0,6
2017-06-04,10:16:48,0,0,6
2017-06-04,10:16:49,0,0,6
2017-06-04,10:16:50,0,0,6
2017-06-04,10:16:51,0,0,6
2017-06-04,10:16:52,0,0,7
2017-06-04,10:16:53,0,0,7
2017-06-04,10:16:54,0,0,7
2017-06-04,10:16:55,0,0,7
2017-06-04,10:16:56,0,0,7
2017-06-04,10:16:57,0,0,7
2017-06-04,10:16:58,0,0,7
2017-06-04,10:16:59,0,0,7
2017-06-04,10:17:00,0,0,7
2017-06-04,10:17:01,0,0,7
2017-06-04,10:17:02,0,0,7
2017-06-04,10:17:03,0,0,7
2017-06-04,10:17:04,0,0,7
2017-06-04,10:17:05,40543,0,7
2017-06-04,10:17:06,0,0,7
2017-06-04,10:17:07,0,0,7
2017-06-04,10:17:08,0,0,7
2017-06-04,10:17:09,0,0,7
2017-06-04,10:17:10,0,0,7
2017-06-04,10:17:11,0,0,7
2017-06-04,10:17:12,0,0,7
2017-06-04,10:17:13,0,0,7
2017-06-04,10:17:14,0,0,7
2017-06-04,10:17:15,0,0,7
2017-06-04,10:17:16,0,0,7
2017-06-04,10:17:17,0,0,7
2017-06-04,10:17:18,0,0,7
2017-06-04,10:17:19,0,0,7
2017-06-04,10:17:20,0,0,7
2017-06-04,10:17:21,0,0,7
2017-06-04,10:17:22,0,0,7
2017-06-04,10:17:23,0,0,7
2017-06-04,10:17:24,0,0,7
2017-06-04,10:17:25,0,0,7
2017-06-04,10:17:26,0,0,7
2017-06-04,10:17:27,0,0,7
2017-06-04,10:17:28,0,0,7
2017-06-04,10:17:29,0,0,7
2017-06-04,10:17:30,0,0,7
2017-06-04,10:17:31,0,0,7
2017-06-04,10:17:32,0,0,7
2017-06-04,10:17:33,0,0,7
2017-06-04,10:17:34,0,0,7
2017-06-04,10:17:35,0,0,7
2017-06-04,10:17:36,0,0,7
2017-06-04,10:17:37,0,0,7
2017-06-04,10:17:38,0,0,7
2017-06-04,10:17:39,0,0,7
2017-06-04,10:17:40,0,0,7
2017-06-04,10:17:41,0,0,7
2017-06-04,10:17:42,0,0,7
2017-06-04,10:17:43,0,0,7
2017-06-04,10:17:44,0,0,7
2017-06-04,10:17:45,0,0,7
2017-06-04,10:17:46,0,0,7
2017-06-04,10:17:47,0,0,7
2017-06-04,10:17:48,0,0,7
2017-06-04,10:17:49,0,0,7
2017-06-04,10:17:50,0,0,7
2017-06-04,10:17:51,0,0,7
2017-06-04,10:17:52,0,0,1
2017-06-04,10:17:53,0,0,1
2017-06-04,10:17:54,0,0,1
2017-06-04,10:17:55,0,0,1
2017-06-04,10:17:56,0,0,1
2017-06-04,10:17:57,0,0,1
2017-06-04,10:17:58,0,0,1
2017-06-04,10:17:59,0,0,1
2017-06-04,10:18:00,0,0,1
2017-06-04,10:18:01,0,0,1
2017-06-04,10:18:02,0,0,1
2017-06-04,10:18:03,0,0,1
2017-06-04,10:18:04,0,0,1
2017-06-04,10:18:05,0,0,1
2017-06-04,10:18:06,0,0,1
2017-06-04,10:18:07,0,0,1
2017-06-04,10:18:08,0,0,1
2017-06-04,10:18:09,0,0,1
2017-06-04,10:18:10,0,0,1
2017-06-04,10:18:11,0,0,1
2017-06-04,10:18:12,0,0,1
2017-06-04,10:18:13,40544,0,1
2017-06-04,10:18:14,0,0,1
2017-06-04,10:18:15,0,0,1
2017-06-04,10:18:16,0,0,1
2017-06-04,10:18:17,0,0,1
2017-06-04,10:18:18,0,0,1
2017-06-04,10:18:19,0,0,1
2017-06-04,10:18:20,0,0,1
2017-06-04,10:18:21,0,0,1
2017-06-04,10:18:22,0,0,1
2017-06-04,10:18:23,0,0,1
2017-06-04,10:18:24,0,0,1
2017-06-04,10:18:25,0,0,1
2017-06-04,10:18:26,0,0,1
2017-06-04,10:18:27,0,0,1
2017-06-04,10:18:28,0,0,1
2017-06-04,10:18:29,0,0,1
2017-06-04,10:18:30,0,0,1
2017-06-04,10:18:31,0,0,1
2017-06-04,10:18:32,0,0,1
2017-06-04,10:18:33,0,0,1
2017-06-04,10:18:34,0,0,1
2017-06-04,10:18:35,0,0,1
2017-06-04,10:18:36,0,0,1
2017-06-04,10:18:37,0,0,1
2017-06-04,10:18:38,0,0,1
2017-06-04,10:18:39,0,0,1
2017-06-04,10:18:40,0,0,1
2017-06-04,10:18:41,0,0,1
2017-06-04,10:18:42,0,0,1
2017-06-04,10:18:43,0,0,1
2017-06-04,10:18:44,0,0,1
2017-06-04,10:18:45,0,0,1
2017-06-04,10:18:46,0,0,1
2017-06-04,10:18:47,0,0,1
2017-06-04,10:18:48,0,0,1
2017-06-04,10:18:49,0,0,1
2017-06-04,10:18:50,0,0,1
2017-06-04,10:18:51,0,0,1
2017-06-04,10:18:52,0,0,2
2017-06-04,10:18:53,0,0,2
2017-06-04,10:18:54,0,0,2
2017-06-04,10:18:55,0,0,2
2017-06-04,10:18:56,0,0,2
2017-06-04,10:18:57,40543,0,2
2017-06-04,10:18:58,0,0,2
2017-06-04,10:18:59,0,0,2
2017-06-04,10:19:00,0,0,2
2017-06-04,10:19:01,0,0,2
2017-06-04,10:19:02,0,0,2
2017-06-04,10:19:03,0,0,2
2017-06-04,10:19:04,0,0,2
2017-06-04,10:19:05,0,0,2
2017-06-04,10:19:06,0,0,2
2017-06-04,10:19:07,0,0,2
2017-06-04,10:19:08,0,0,2
2017-06-04,10:19:09,0,0,2
2017-06-04,10:19:10,0,0,2
2017-06-04,10:19:11,0,0,2
2017-06-04,10:19:12,0,0,2
2017-06-04,10:19:13,0,0,2
2017-06-04,10:19:14,0,0,2
2017-06-04,10:19:15,0,0,2
2017-06-04,10:19:16,0,0,2
2017-06-04,10:19:17,0,0,2
2017-06-04,10:19:18,0,0,2
2017-06-04,10:19:19,0,0,2
2017-06-04,10:19:20,0,0,2
2017-06-04,10:19:21,0,0,2
2017-06-04,10:19:22,0,0,2
2017-06-04,10:19:23,0,0,2
2017-06-04,10:19:24,0,0,2
2017-06-04,10:19:25,0,0,2
2017-06-04,10:19:26,0,0,2
2017-06-04,10:19:27,0,0,2
2017-06-04,10:19:28,0,0,2
2017-06-04,10:19:29,0,0,2
2017-06-04,10:19:30,0,0,2
2017-06-04,10:19:31,0,0,2
2017-06-04,10:19:32,0,0,2
2017-06-04,10:19:33,0,0,2
2017-06-04,10:19:34,0,0,2
2017-06-04,10:19:35,0,0,2
2017-06-04,10:19:36,0,0,2
2017-06-04,10:19:37,0,0,2
2017-06-04,10:19:38,0,0,2
2017-06-04,10:19:39,0,0,2
2017-06-04,10:19:40,0,0,2
2017-06-04,10:19:41,40532,0,2
2017-06-04,10:19:42,0,0,2
2017-06-04,10:19:43,0,0,2
2017-06-04,10:19:44,0,0,2
2017-06-04,10:19:45,0,0,2
2017-06-04,10:19:46,0,0,2
2017-06-04,10:19:47,0,0,2
2017-06-04,10:19:48,0,0,2
2017-06-04,10:19:49,0,0,2
2017-06-04,10:19:50,0,0,2
2017-06-04,10:19:51,0,0,2
2017-06-04,10:19:52,0,0,3
2017-06-04,10:19:53,0,0,3
2017-06-04,10:19:54,0,0,3
2017-06-04,10:19:55,0,0,3
2017-06-04,10:19:56,0,0,3
2017-06-04,10:19:57,0,0,3
2017-06-04,10:19:58,0,0,3
2017-06-04,10:19:59,0,0,3
2017-06-04,10:20:00,0,0,3
2017-06-04,10:20:01,0,0,3
2017-06-04,10:20:02,0,0,3
2017-06-04,10:20:03,0,0,3
2017-06-04,10:20:04,40542,0,3
2017-06-04,10:20:05,0,0,3
2017-06-04,10:20:06,0,0,3
2017-06-04,10:20:07,0,0,3
2017-06-04,10:20:08,0,0,3
2017-06-04,10:20:09,0,0,3
2017-06-04,10:20:10,0,0,3
2017-06-04,10:20:11,0,0,3
2017-06-04,10:20:12,0,0,3
2017-06-04,10:20:13,0,0,3
2017-06-04,10:20:14,0,0,3
2017-06-04,10:20:15,0,0,3
2017-06-04,10:20:16,0,0,3
2017-06-04,10:20:17,0,0,3
2017-06-04,10:20:18,0,0,3
2017-06-04,10:20:19,0,0,3
2017-06-04,10:20:20,0,0,3
2017-06-04,10:20:21,0,0,3
2017-06-04,10:20:22,0,0,3
2017-06-04,10:20:23,0,0,3
2017-06-04,10:20:24,0,0,3
2017-06-04,10:20:25,0,0,3
2017-06-04,10:20:26,0,0,3
2017-06-04,10:20:27,0,0,3
2017-06-04,10:20:28,0,0,3
2017-06-04,10:20:29,0,0,3
2017-06-04,10:20:30,0,0,3
2017-06-04,10:20:31,0,0,3
2017-06-04,10:20:32,0,0,3
2017-06-04,10:20:33,0,0,3
2017-06-04,10:20:34,0,0,3
2017-06-04,10:20:35,0,0,3
2017-06-04,10:20:36,0,0,3
2017-06-04,10:20:37,0,0,3
2017-06-04,10:20:38,0,0,3
2017-06-04,10:20:39,0,0,3
2017-06-04,10:20:40,0,0,3
2017-06-04,10:20:41,0,0,3
2017-06-04,10:20:42,0,0,3
2017-06-04,10:20:43,0,0,3
2017-06-04,10:20:44,0,0,3
2017-06-04,10:20:45,0,0,3
2017-06-04,10:20:46,0,0,3
2017-06-04,10:20:47,0,0,3
2017-06-04,10:20:48,0,0,3
2017-06-04,10:20:49,0,0,3
2017-06-04,10:20:50,40544,0,3
2017-06-04,10:20:51,0,0,3
2017-06-04,10:20:52,0,0,4
2017-06-04,10:20:53,0,0,4
2017-06-04,10:20:54,0,0,4
2017-06-04,10:20:55,0,0,4
2017-06-04,10:20:56,0,0,4
2017-06-04,10:20:57,0,0,4
2017-06-04,10:20:58,0,0,4
2017-06-04,10:20:59,0,0,4
2017-06-04,10:21:00,0,0,4
2017-06-04,10:21:01,0,0,4
2017-06-04,10:21:02,0,0,4
2017-06-04,10:21:03,0,0,4
2017-06-04,10:21:04,0,0,4
2017-06-04,10:21:05,0,0,4
2017-06-04,10:21:06,0,0,4
2017-06-04,10:21:07,0,0,4
2017-06-04,10:21:08,0,0,4
2017-06-04,10:21:09,0,0,4
2017-06-04,10:21:10,0,0,4
2017-06-04,10:21:11,0,0,4
2017-06-04,10:21:12,0,0,4
2017-06-04,10:21:13,0,0,4
2017-06-04,10:21:14,40541,0,4
2017-06-04,10:21:15,0,0,4
2017-06-04,10:21:16,0,0,4
2017-06-04,10:21:17,0,0,4
2017-06-04,10:21:18,0,0,4
2017-06-04,10:21:19,0,0,4
2017-06-04,10:21:20,0,0,4
2017-06-04,10:21:21,0,0,4
2017-06-04,10:21:22,0,0,4
2017-06-04,10:21:23,0,0,4
2017-06-04,10:21:24,0,0,4
2017-06-04,10:21:25,0,0,4
2017-06-04,10:21:26,0,0,4
2017-06-04,10:21:27,0,0,4
2017-06-04,10:21:28,0,0,4
2017-06-04,10:21:29,0,0,4
2017-06-04,10:21:30,0,0,4
2017-06-04,10:21:31,0,0,4
2017-06-04,10:21:32,0,0,4
2017-06-04,10:21:33,0,0,4
2017-06-04,10:21:34,0,0,4
2017-06-04,10:21:35,0,0,4
2017-06-04,10:21:36,0,0,4
2017-06-04,10:21:37,0,0,4
2017-06-04,10:21:38,0,0,4
2017-06-04,10:21:39,0,0,4
2017-06-04,10:21:40,0,0,4
2017-06-04,10:21:41,0,0,4
2017-06-04,10:21:42,0,0,4
2017-06-04,10:21:43,0,0,4
2017-06-04,10:21:44,0,0,4
2017-06-04,10:21:45,0,0,4
2017-06-04,10:21:46,0,0,4
2017-06-04,10:21:47,0,0,4
2017-06-04,10:21:48,0,0,4
2017-06-04,10:21:49,0,0,4
2017-06-04,10:21:50,0,0,4
2017-06-04,10:21:51,0,0,4
2017-06-04,10:21:52,0,0,5
2017-06-04,10:21:53,0,0,5
2017-06-04,10:21:54,0,0,5
2017-06-04,10:21:55,0,0,5
2017-06-04,10:21:56,0,0,5
2017-06-04,10:21:57,0,0,5
2017-06-04,10:21:58,0,0,5
2017-06-04,10:21:59,0,0,5
2017-06-04,10:22:00,0,0,5
2017-06-04,10:22:01,0,0,5
2017-06-04,10:22:02,0,0,5
2017-06-04,10:22:03,0,0,5
2017-06-04,10:22:04,0,0,5
2017-06-04,10:22:05,0,0,5
2017-06-04,10:22:06,0,0,5
2017-06-04,10:22:07,0,0,5
2017-06-04,10:22:08,0,0,5
2017-06-04,10:22:09,0,0,5
2017-06-04,10:22:10,0,0,5
2017-06-04,10:22:11,0,0,5
2017-06-04,10:22:12,0,0,5
2017-06-04,10:22:13,0,0,5
2017-06-04,10:22:14,0,0,5
2017-06-04,10:22:15,0,0,5
2017-06-04,10:22:16,0,0,5
2017-06-04,10:22:17,0,0,5
2017-06-04,10:22:18,0,0,5
2017-06-04,10:22:19,0,0,5
2017-06-04,10:22:20,0,0,5
2017-06-04,10:22:21,0,0,5
2017-06-04,10:22:22,0,0,5
2017-06-04,10:22:23,0,0,5
2017-06-04,10:22:24,0,0,5
2017-06-04,10:22:25,0,0,5
2017-06-04,10:22:26,0,0,5
2017-06-04,10:22:27,0,0,5
2017-06-04,10:22:28,0,0,5
2017-06-04,10:22:29,0,0,5
2017-06-04,10:22:30,0,0,5
2017-06-04,10:22:31,0,0,5
2017-06-04,10:22:32,0,0,5
2017-06-04,10:22:33,0,0,5
2017-06-04,10:22:34,0,0,5
2017-06-04,10:22:35,0,0,5
2017-06-04,10:22:36,0,0,5
2017-06-04,10:22:37,0,0,5
2017-06-04,10:22:38,40542,0,5
2017-06-04,10:22:39,0,0,5
2017-06-04,10:22:40,0,0,5
2017-06-04,10:22:41,0,0,5
2017-06-04,10:22:42,0,0,5
2017-06-04,10:22:43,0,0,5
2017-06-04,10:22:44,0,0,5
2017-06-04,10:22:45,0,0,5
2017-06-04,10:22:46,0,0,5
2017-06-04,10:22:47,0,0,5
2017-06-04,10:22:48,0,0,5
2017-06-04,10:22:49,0,0,5
2017-06-04,10:22:50,0,0,5
2017-06-04,10:22:51,0,0,5
2017-06-04,10:22:52,0,0,6
2017-06-04,10:22:53,0,0,6
2017-06-04,10:22:54,0,0,6
2017-06-04,10:22:55,0,0,6
2017-06-04,10:22:56,0,0,6
2017-06-04,10:22:57,0,0,6
2017-06-04,10:22:58,40543,0,6
2017-06-04,10:22:59,0,0,6
2017-06-04,10:23:00,0,0,6
2017-06-04,10:23:01,0,0,6
2017-06-04,10:23:02,0,0,6
2017-06-04,10:23:03,0,0,6
2017-06-04,10:23:04,0,0,6
2017-06-04,10:23:05,0,0,6
2017-06-04,10:23:06,0,0,6
2017-06-04,10:23:07,0,0,6
2017-06-04,10:23:08,0,0,6
2017-06-04,10:23:09,0,0,6
2017-06-04,10:23:10,0,0,6
2017-06-04,10:23:11,0,0,6
2017-06-04,10:23:12,0,0,6
2017-06-04,10:23:13,0,0,6
2017-06-04,10:23:14,0,0,6
2017-06-04,10:23:15,0,0,6
2017-06-04,10:23:16,0,0,6
2017-06-04,10:23:17,0,0,6
2017-06-04,10:23:18,0,0,6
2017-06-04,10:23:19,0,0,6
2017-06-04,10:23:20,40543,0,6
2017-06-04,10:23:21,0,0,6
2017-06-04,10:23:22,0,0,6
2017-06-04,10:23:23,0,0,6
2017-06-04,10:23:24,0,0,6
2017-06-04,10:23:25,0,0,6
2017-06-04,10:23:26,0,0,6
2017-06-04,10:23:27,0,0,6
2017-06-04,10:23:28,0,0,6
2017-06-04,10:23:29,0,0,6
2017-06-04,10:23:30,0,0,6
2017-06-04,10:23:31,0,0,6
2017-06-04,10:23:32,0,0,6
2017-06-04,10:23:33,0,0,6
2017-06-04,10:23:34,0,0,6
2017-06-04,10:23:35,0,0,6
2017-06-04,10:23:36,0,0,6
2017-06-04,10:23:37,0,0,6
2017-06-04,10:23:38,0,0,6
2017-06-04,10:23:39,0,0,6
2017-06-04,10:23:40,0,0,6
2017-06-04,10:23:41,0,0,6
2017-06-04,10:23:42,0,0,6
2017-06-04,10:23:43,0,0,6
2017-06-04,10:23:44,0,0,6
2017-06-04,10:23:45,0,0,6
2017-06-04,10:23:46,0,0,6
2017-06-04,10:23:47,0,0,6
2017-06-04,10:23:48,0,0,6
2017-06-04,10:23:49,0,0,6
2017-06-04,10:23:50,0,0,6
2017-06-04,10:23:51,0,0,6
2017-06-04,10:23:52,0,0,7
2017-06-04,10:23:53,0,0,7
2017-06-04,10:23:54,0,0,7
2017-06-04,10:23:55,0,0,7
2017-06-04,10:23:56,0,0,7
2017-06-04,10:23:57,0,0,7
2017-06-04,10:23:58,40543,0,7
2017-06-04,10:23:59,0,0,7
2017-06-04,10:24:00,0,0,7
2017-06-04,10:24:01,0,0,7
2017-06-04,10:24:02,0,0,7
2017-06-04,10:24:03,0,0,7
2017-06-04,10:24:04,0,0,7
2017-06-04,10:24:05,0,0,7
2017-06-04,10:24:06,0,0,7
2017-06-04,10:24:07,0,0,7
2017-06-04,10:24:08,0,0,7
2017-06-04,10:24:09,0,0,7
2017-06-04,10:24:10,0,0,7
2017-06-04,10:24:11,0,0,7
2017-06-04,10:24:12,0,0,7
2017-06-04,10:24:13,0,0,7
2017-06-04,10:24:14,0,0,7
2017-06-04,10:24:15,0,0,7
2017-06-04,10:24:16,0,0,7
2017-06-04,10:24:17,0,0,7
2017-06-04,10:24:18,0,0,7
2017-06-04,10:24:19,0,0,7
2017-06-04,10:24:20,0,0,7
2017-06-04,10:24:21,0,0,7
2017-06-04,10:24:22,0,0,7
2017-06-04,10:24:23,0,0,7
2017-06-04,10:24:24,0,0,7
2017-06-04,10:24:25,0,0,7
2017-06-04,10:24:26,0,0,7
2017-06-04,10:24:27,0,0,7
2017-06-04,10:24:28,0,0,7
2017-06-04,10:24:29,0,0,7
2017-06-04,10:24:30,0,0,7
2017-06-04,10:24:31,0,0,7
2017-06-04,10:24:32,0,0,7
2017-06-04,10:24:33,0,0,7
2017-06-04,10:24:34,0,0,7
2017-06-04,10:24:35,0,0,7
2017-06-04,10:24:36,0,0,7
2017-06-04,10:24:37,40542,0,7
2017-06-04,10:24:38,0,0,7
2017-06-04,10:24:39,0,0,7
2017-06-04,10:24:40,0,0,7
2017-06-04,10:24:41,0,0,7
2017-06-04,10:24:42,0,0,7
2017-06-04,10:24:43,0,0,7
2017-06-04,10:24:44,0,0,7
2017-06-04,10:24:45,0,0,7
2017-06-04,10:24:46,0,0,7
2017-06-04,10:24:47,0,0,7
2017-06-04,10:24:48,0,0,7
2017-06-04,10:24:49,0,0,7
2017-06-04,10:24:50,0,0,7
2017-06-04,10:24:51,0,0,7
2017-06-04,10:24:52,0,0,1
2017-06-04,10:24:53,0,0,1
2017-06-04,10:24:54,0,0,1
2017-06-04,10:24:55,0,0,1
2017-06-04,10:24:56,0,0,1
2017-06-04,10:24:57,0,0,1
2017-06-04,10:24:58,0,0,1
2017-06-04,10:24:59,40543,0,1
2017-06-04,10:25:00,0,0,1
2017-06-04,10:25:01,0,0,1
2017-06-04,10:25:02,0,0,1
2017-06-04,10:25:03,0,0,1
2017-06-04,10:25:04,0,0,1
2017-06-04,10:25:05,0,0,1
2017-06-04,10:25:06,0,0,1
2017-06-04,10:25:07,0,0,1
2017-06-04,10:25:08,0,0,1
2017-06-04,10:25:09,0,0,1
2017-06-04,10:25:10,0,0,1
2017-06-04,10:25:11,0,0,1
2017-06-04,10:25:12,0,0,1
2017-06-04,10:25:13,0,0,1
2017-06-04,10:25:14,0,0,1
2017-06-04,10:25:15,0,0,1
2017-06-04,10:25:16,0,0,1
2017-06-04,10:25:17,0,0,1
2017-06-04,10:25:18,0,0,1
2017-06-04,10:25:19,0,0,1
2017-06-04,10:25:20,0,0,1
2017-06-04,10:25:21,0,0,1
2017-06-04,10:25:22,0,0,1
2017-06-04,10:25:23,0,0,1
2017-06-04,10:25:24,0,0,1
2017-06-04,10:25:25,0,0,1
2017-06-04,10:25:26,0,0,1
2017-06-04,10:25:27,0,0,1
2017-06-04,10:25:28,0,0,1
2017-06-04,10:25:29,0,0,1
2017-06-04,10:25:30,0,0,1
2017-06-04,10:25:31,0,0,1
2017-06-04,10:25:32,0,0,1
2017-06-04,10:25:33,0,0,1
2017-06-04,10:25:34,0,0,1
2017-06-04,10:25:35,0,0,1
2017-06-04,10:25:36,0,0,1
2017-06-04,10:25:37,0,0,1
2017-06-04,10:25:38,0,0,1
2017-06-04,10:25:39,0,0,1
2017-06-04,10:25:40,0,0,1
2017-06-04,10:25:41,40543,0,1
2017-06-04,10:25:42,0,0,1
2017-06-04,10:25:43,0,0,1
2017-06-04,10:25:44,0,0,1
2017-06-04,10:25:45,0,0,1
2017-06-04,10:25:46,0,0,1
2017-06-04,10:25:47,0,0,1
2017-06-04,10:25:48,0,0,1
2017-06-04,10:25:49,0,0,1
2017-06-04,10:25:50,0,0,1
2017-06-04,10:25:51,0,0,1
2017-06-04,10:25:52,0,0,2
2017-06-04,10:25:53,0,0,2
2017-06-04,10:25:54,0,0,2
2017-06-04,10:25:55,0,0,2
2017-06-04,10:25:56,0,0,2
2017-06-04,10:25:57,0,0,2
2017-06-04,10:25:58,0,0,2
2017-06-04,10:25:59,0,0,2
2017-06-04,10:26:00,0,0,2
2017-06-04,10:26:01,0,0,2
2017-06-04,10:26:02,0,0,2
2017-06-04,10:26:03,0,0,2
2017-06-04,10:26:04,0,0,2
2017-06-04,10:26:05,0,0,2
2017-06-04,10:26:06,0,0,2
2017-06-04,10:26:07,0,0,2
2017-06-04,10:26:08,0,0,2
2017-06-04,10:26:09,0,0,2
2017-06-04,10:26:10,0,0,2
2017-06-04,10:26:11,0,0,2
2017-06-04,10:26:12,0,0,2
2017-06-04,10:26:13,0,0,2
2017-06-04,10:26:14,0,0,2
2017-06-04,10:26:15,0,0,2
2017-06-04,10:26:16,0,0,2
2017-06-04,10:26:17,0,0,2
2017-06-04,10:26:18,0,0,2
2017-06-04,10:26:19,40542,0,2
2017-06-04,10:26:20,0,0,2
2017-06-04,10:26:21,0,0,2
2017-06-04,10:26:22,0,0,2
2017-06-04,10:26:23,0,0,2
2017-06-04,10:26:24,0,0,2
2017-06-04,10:26:25,0,0,2
2017-06-04,10:26:26,0,0,2
2017-06-04,10:26:27,0,0,2
2017-06-04,10:26:28,0,0,2
2017-06-04,10:26:29,0,0,2
2017-06-04,10:26:30,0,0,2
2017-06-04,10:26:31,0,0,2
2017-06-04,10:26:32,0,0,2
2017-06-04,10:26:33,0,0,2
2017-06-04,10:26:34,0,0,2
2017-06-04,10:26:35,0,0,2
2017-06-04,10:26:36,0,0,2
2017-06-04,10:26:37,0,0,2
2017-06-04,10:26:38,0,0,2
2017-06-04,10:26:39,0,0,2
2017-06-04,10:26:40,0,0,2
2017-06-04,10:26:41,0,0,2
2017-06-04,10:26:42,0,0,2
2017-06-04,10:26:43,0,0,2
2017-06-04,10:26:44,0,0,2
2017-06-04,10:26:45,0,0,2
2017-06-04,10:26:46,0,0,2
2017-06-04,10:26:47,0,0,2
2017-06-04,10:26:48,0,0,2
2017-06-04,10:26:49,0,0,2
2017-06-04,10:26:50,0,0,2
2017-06-04,10:26:51,0,0,2
2017-06-04,10:26:52,0,0,3
2017-06-04,10:26:53,0,0,3
2017-06-04,10:26:54,0,0,3
2017-06-04,10:26:55,0,0,3
2017-06-04,10:26:56,0,0,3
2017-06-04,10:26:57,0,0,3
2017-06-04,10:26:58,0,0,3
2017-06-04,10:26:59,0,0,3
2017-06-04,10:27:00,0,0,3
2017-06-04,10:27:01,0,0,3
2017-06-04,10:27:02,40533,0,3
2017-06-04,10:27:03,0,0,3
2017-06-04,10:27:04,0,0,3
2017-06-04,10:27:05,0,0,3
2017-06-04,10:27:06,0,0,3
2017-06-04,10:27:07,0,0,3
2017-06-04,10:27:08,0,0,3
2017-06-04,10:27:09,0,0,3
2017-06-04,10:27:10,0,0,3
2017-06-04,10:27:11,0,0,3
2017-06-04,10:27:12,0,0,3
2017-06-04,10:27:13,0,0,3
2017-06-04,10:27:14,0,0,3
2017-06-04,10:27:15,0,0,3
2017-06-04,10:27:16,0,0,3
2017-06-04,10:27:17,0,0,3
2017-06-04,10:27:18,0,0,3
2017-06-04,10:27:19,0,0,3
2017-06-04,10:27:20,0,0,3
2017-06-04,10:27:21,0,0,3
2017-06-04,10:27:22,0,0,3
2017-06-04,10:27:23,0,0,3
2017-06-04,10:27:24,0,0,3
2017-06-04,10:27:25,0,0,3
2017-06-04,10:27:26,0,0,3
2017-06-04,10:27:27,0,0,3
2017-06-04,10:27:28,0,0,3
2017-06-04,10:27:29,0,0,3
2017-06-04,10:27:30,0,0,3
2017-06-04,10:27:31,0,0,3
2017-06-04,10:27:32,0,0,3
2017-06-04,10:27:33,0,0,3
2017-06-04,10:27:34,0,0,3
2017-06-04,10:27:35,0,0,3
2017-06-04,10:27:36,0,0,3
2017-06-04,10:27:37,40543,0,3
2017-06-04,10:27:38,0,0,3
2017-06-04,10:27:39,0,0,3
2017-06-04,10:27:40,0,0,3
2017-06-04,10:27:41,0,0,3
2017-06-04,10:27:42,0,0,3
2017-06-04,10:27:43,0,0,3
2017-06-04,10:27:44,0,0,3
2017-06-04,10:27:45,0,0,3
2017-06-04,10:27:46,0,0,3
2017-06-04,10:27:47,0,0,3
2017-06-04,10:27:48,0,0,3
2017-06-04,10:27:49,0,0,3
2017-06-04,10:27:50,0,0,3
2017-06-04,10:27:51,0,0,3
2017-06-04,10:27:52,0,0,4
2017-06-04,10:27:53,0,0,4
2017-06-04,10:27:54,0,0,4
2017-06-04,10:27:55,0,0,4
2017-06-04,10:27:56,0,0,4
2017-06-04,10:27:57,0,0,4
2017-06-04,10:27:58,0,0,4
2017-06-04,10:27:59,0,0,4
2017-06-04,10:28:00,0,0,4
2017-06-04,10:28:01,0,0,4
2017-06-04,10:28:02,0,0,4
2017-06-04,10:28:03,40543,0,4
2017-06-04,10:28:04,0,0,4
2017-06-04,10:28:05,0,0,4
2017-06-04,10:28:06,0,0,4
2017-06-04,10:28:07,0,0,4
2017-06-04,10:28:08,0,0,4
2017-06-04,10:28:09,0,0,4
2017-06-04,10:28:10,0,0,4
2017-06-04,10:28:11,0,0,4
2017-06-04,10:28:12,0,0,4
2017-06-04,10:28:13,0,0,4
2017-06-04,10:28:14,0,0,4
2017-06-04,10:28:15,0,0,4
2017-06-04,10:28:16,0,0,4
2017-06-04,10:28:17,0,0,4
2017-06-04,10:28:18,0,0,4
2017-06-04,10:28:19,0,0,4
2017-06-04,10:28:20,0,0,4
2017-06-04,10:28:21,0,0,4
2017-06-04,10:28:22,0,0,4
2017-06-04,10:28:23,0,0,4
2017-06-04,10:28:24,0,0,4
2017-06-04,10:28:25,0,0,4
2017-06-04,10:28:26,0,0,4
2017-06-04,10:28:27,0,0,4
2017-06-04,10:28:28,0,0,4
2017-06-04,10:28:29,0,0,4
2017-06-04,10:28:30,0,0,4
2017-06-04,10:28:31,0,0,4
2017-06-04,10:28:32,0,0,4
2017-06-04,10:28:33,0,0,4
2017-06-04,10:28:34,0,0,4
2017-06-04,10:28:35,0,0,4
2017-06-04,10:28:36,0,0,4
2017-06-04,10:28:37,0,0,4
2017-06-04,10:28:38,0,0,4
2017-06-04,10:28:39,0,0,4
2017-06-04,10:28:40,0,0,4
2017-06-04,10:28:41,0,0,4
2017-06-04,10:28:42,0,0,4
2017-06-04,10:28:43,0,0,4
2017-06-04,10:28:44,0,0,4
2017-06-04,10:28:45,0,0,4
2017-06-04,10:28:46,0,0,4
2017-06-04,10:28:47,40543,0,4
2017-06-04,10:28:48,0,0,4
2017-06-04,10:28:49,0,0,4
2017-06-04,10:28:50,0,0,4
2017-06-04,10:28:51,0,0,4
2017-06-04,10:28:52,0,0,5
2017-06-04,10:28:53,0,0,5
2017-06-04,10:28:54,0,0,5
2017-06-04,10:28:55,0,0,5
2017-06-04,10:28:56,0,0,5
2017-06-04,10:28:57,0,0,5
2017-06-04,10:28:58,0,0,5
2017-06-04,10:28:59,0,0,5
2017-06-04,10:29:00,0,0,5
2017-06-04,10:29:01,0,0,5
2017-06-04,10:29:02,0,0,5
2017-06-04,10:29:03,0,0,5
2017-06-04,10:29:04,0,0,5
2017-06-04,10:29:05,0,0,5
2017-06-04,10:29:06,0,0,5
2017-06-04,10:29:07,0,0,5
2017-06-04,10:29:08,0,0,5
2017-06-04,10:29:09,0,0,5
2017-06-04,10:29:10,0,0,5
2017-06-04,10:29:11,40544,0,5
2017-06-04,10:29:12,0,0,5
2017-06-04,10:29:13,0,0,5
2017-06-04,10:29:14,0,0,5
2017-06-04,10:29:15,0,0,5
2017-06-04,10:29:16,0,0,5
2017-06-04,10:29:17,0,0,5
2017-06-04,10:29:18,0,0,5
2017-06-04,10:29:19,0,0,5
2017-06-04,10:29:20,0,0,5
2017-06-04,10:29:21,0,0,5
2017-06-04,10:29:22,0,0,5
2017-06-04,10:29:23,0,0,5
2017-06-04,10:29:24,0,0,5
2017-06-04,10:29:25,0,0,5
2017-06-04,10:29:26,0,0,5
2017-06-04,10:29:27,0,0,5
2017-06-04,10:29:28,0,0,5
2017-06-04,10:29:29,0,0,5
2017-06-04,10:29:30,0,0,5
2017-06-04,10:29:31,0,0,5
2017-06-04,10:29:32,0,0,5
2017-06-04,10:29:33,0,0,5
2017-06-04,10:29:34,0,0,5
2017-06-04,10:29:35,40541,0,5
2017-06-04,10:29:36,0,0,5
2017-06-04,10:29:37,0,0,5
2017-06-04,10:29:38,0,0,5
2017-06-04,10:29:39,0,0,5
2017-06-04,10:29:40,0,0,5
2017-06-04,10:29:41,0,0,5
2017-06-04,10:29:42,0,0,5
2017-06-04,10:29:43,0,0,5
2017-06-04,10:29:44,0,0,5
2017-06-04,10:29:45,0,0,5
2017-06-04,10:29:46,0,0,5
2017-06-04,10:29:47,0,0,5
2017-06-04,10:29:48,0,0,5
2017-06-04,10:29:49,0,0,5
2017-06-04,10:29:50,0,0,5
2017-06-04,10:29:51,0,0,5
2017-06-04,10:29:52,0,0,6
2017-06-04,10:29:53,0,0,6
2017-06-04,10:29:54,0,0,6
2017-06-04,10:29:55,0,0,6
2017-06-04,10:29:56,0,0,6
2017-06-04,10:29:57,0,0,6
2017-06-04,10:29:58,0,0,6
2017-06-04,10:29:59,0,0,6
2017-06-04,10:30:00,0,0,6
2017-06-04,10:30:01,0,0,6
2017-06-04,10:30:02,0,0,6
2017-06-04,10:30:03,0,0,6
2017-06-04,10:30:04,0,0,6
2017-06-04,10:30:05,0,0,6
2017-06-04,10:30:06,0,0,6
2017-06-04,10:30:07,0,0,6
2017-06-04,10:30:08,0,0,6
2017-06-04,10:30:09,0,0,6
2017-06-04,10:30:10,0,0,6
2017-06-04,10:30:11,0,0,6
2017-06-04,10:30:12,0,0,6
2017-06-04,10:30:13,0,0,6
2017-06-04,10:30:14,40544,0,6
2017-06-04,10:30:15,0,0,6
2017-06-04,10:30:16,0,0,6
2017-06-04,10:30:17,0,0,6
2017-06-04,10:30:18,0,0,6
2017-06-04,10:30:19,0,0,6
2017-06-04,10:30:20,0,0,6
2017-06-04,10:30:21,0,0,6
2017-06-04,10:30:22,0,0,6
2017-06-04,10:30:23,0,0,6
2017-06-04,10:30:24,0,0,6
2017-06-04,10:30:25,0,0,6
2017-06-04,10:30:26,0,0,6
2017-06-04,10:30:27,0,0,6
2017-06-04,10:30:28,0,1,6
2017-06-04,10:30:29,0,0,6
2017-06-04,10:30:30,0,0,6
2017-06-04,10:30:31,0,0,6
2017-06-04,10:30:32,0,0,6
2017-06-04,10:30:33,1030,0,6
2017-06-04,10:30:34,40541,0,6
2017-06-04,10:30:35,0,0,6
2017-06-04,10:30:36,0,0,6
2017-06-04,10:30:37,0,0,6
2017-06-04,10:30:38,0,0,6
2017-06-04,10:30:39,0,0,6
2017-06-04,10:30:40,0,0,6
2017-06-04,10:30:41,0,0,6
2017-06-04,10:30:42,0,0,6
2017-06-04,10:30:43,0,0,6
2017-06-04,10:30:44,0,0,6
2017-06-04,10:30:45,0,0,6
2017-06-04,10:30:46,0,0,6
2017-06-04,10:30:47,0,0,6
2017-06-04,10:30:48,0,0,6
2017-06-04,10:30:49,0,0,6
2017-06-04,10:30:50,0,0,6
2017-06-04,10:30:51,0,0,6
2017-06-04,10:30:52,0,0,6
2017-06-04,10:30:53,0,0,6
2017-06-04,10:30:54,0,0,6
2017-06-04,10:30:55,0,0,6
2017-06-04,10:30:56,0,0,6
2017-06-04,10:30:57,0,0,6
2017-06-04,10:30:58,0,0,6
2017-06-04,10:30:59,0,0,6
2017-06-04,10:31:00,0,0,6
2017-06-04,10:31:01,0,0,6
2017-06-04,10:31:02,0,0,6
2017-06-04,10:31:03,0,0,6
2017-06-04,10:31:04,0,0,6
2017-06-04,10:31:05,0,0,6
2017-06-04,10:31:06,0,0,6
2017-06-04,10:31:07,0,0,6
2017-06-04,10:31:08,0,0,6
2017-06-04,10:31:09,0,0,6
2017-06-04,10:31:10,0,0,6
2017-06-04,10:31:11,0,0,6
2017-06-04,10:31:12,0,0,6
2017-06-04,10:31:13,0,0,6
2017-06-04,10:31:14,0,0,6
2017-06-04,10:31:15,0,0,6
2017-06-04,10:31:16,0,0,6
2017-06-04,10:31:17,0,0,6
2017-06-04,10:31:18,0,0,6
2017-06-04,10:31:19,0,0,6
2017-06-04,10:31:20,0,0,6
2017-06-04,10:31:21,0,0,6
2017-06-04,10:31:22,0,0,6
2017-06-04,10:31:23,0,0,6
2017-06-04,10:31:24,0,0,6
2017-06-04,10:31:25,0,0,6
2017-06-04,10:31:26,0,0,6
2017-06-04,10:31:27,0,0,6
2017-06-04,10:31:28,0,0,6
2017-06-04,10:31:29,0,0,6
2017-06-04,10:31:30,40543,0,6
2017-06-04,10:31:31,0,0,6
2017-06-04,10:31:32,0,0,6
2017-06-04,10:31:33,0,0,6
2017-06-04,10:31:34,0,0,6
2017-06-04,10:31:35,0,0,6
2017-06-04,10:31:36,0,0,6
2017-06-04,10:31:37,0,0,6
2017-06-04,10:31:38,0,0,6
2017-06-04,10:31:39,0,0,6
2017-06-04,10:31:40,0,0,6
2017-06-04,10:31:41,0,0,6
2017-06-04,10:31:42,0,0,6
2017-06-04,10:31:43,0,0,6
2017-06-04,10:31:44,0,0,6
2017-06-04,10:31:45,0,0,6
2017-06-04,10:31:46,0,0,6
2017-06-04,10:31:47,0,0,6
2017-06-04,10:31:48,0,0,6
2017-06-04,10:31:49,0,0,6
2017-06-04,10:31:50,0,0,6
2017-06-04,10:31:51,0,0,6
2017-06-04,10:31:52,0,0,6
2017-06-04,10:31:53,0,0,6
2017-06-04,10:31:54,0,0,6
2017-06-04,10:31:55,40542,0,6
2017-06-04,10:31:56,0,0,6
2017-06-04,10:31:57,0,0,6
2017-06-04,10:31:58,0,0,6
2017-06-04,10:31:59,0,0,6
2017-06-04,10:32:00,0,0,6
2017-06-04,10:32:01,0,0,6
2017-06-04,10:32:02,0,0,6
2017-06-04,10:32:03,0,0,6
2017-06-04,10:32:04,0,0,6
2017-06-04,10:32:05,0,0,6
2017-06-04,10:32:06,0,0,6
2017-06-04,10:32:07,0,0,6
2017-06-04,10:32:08,0,0,6
2017-06-04,10:32:09,0,0,6
2017-06-04,10:32:10,0,0,6
2017-06-04,10:32:11,0,0,6
2017-06-04,10:32:12,0,0,6
2017-06-04,10:32:13,0,0,6
2017-06-04,10:32:14,0,0,6
2017-06-04,10:32:15,0,0,6
2017-06-04,10:32:16,40543,0,6
2017-06-04,10:32:17,0,0,6
2017-06-04,10:32:18,0,0,6
2017-06-04,10:32:19,0,0,6
2017-06-04,10:32:20,0,0,6
2017-06-04,10:32:21,0,0,6
2017-06-04,10:32:22,0,0,6
2017-06-04,10:32:23,0,0,6
2017-06-04,10:32:24,0,0,6
2017-06-04,10:32:25,0,0,6
2017-06-04,10:32:26,0,0,6
2017-06-04,10:32:27,0,0,6
2017-06-04,10:32:28,0,0,6
2017-06-04,10:32:29,0,0,6
2017-06-04,10:32:30,0,0,6
2017-06-04,10:32:31,0,0,6
2017-06-04,10:32:32,0,0,6
2017-06-04,10:32:33,0,0,6
2017-06-04,10:32:34,0,0,6
2017-06-04,10:32:35,0,0,6
2017-06-04,10:32:36,0,0,6
2017-06-04,10:32:37,0,0,6
2017-06-04,10:32:38,0,0,6
2017-06-04,10:32:39,0,0,6
2017-06-04,10:32:40,0,0,6
2017-06-04,10:32:41,0,0,6
2017-06-04,10:32:42,0,0,6
2017-06-04,10:32:43,0,0,6
2017-06-04,10:32:44,0,0,6
2017-06-04,10:32:45,0,0,6
2017-06-04,10:32:46,0,0,6
2017-06-04,10:32:47,0,0,6
2017-06-04,10:32:48,0,0,6
2017-06-04,10:32:49,0,0,6
2017-06-04,10:32:50,0,0,6
2017-06-04,10:32:51,0,0,6
2017-06-04,10:32:52,0,0,6
2017-06-04,10:32:53,40542,0,6
2017-06-04,10:32:54,0,0,6
2017-06-04,10:32:55,0,0,6
2017-06-04,10:32:56,0,0,6
2017-06-04,10:32:57,0,0,6
2017-06-04,10:32:58,0,0,6
2017-06-04,10:32:59,0,0,6
2017-06-04,10:33:00,0,0,6
2017-06-04,10:33:01,0,0,6
2017-06-04,10:33:02,0,0,6
2017-06-04,10:33:03,0,0,6
2017-06-04,10:33:04,0,0,6
2017-06-04,10:33:05,0,0,6
2017-06-04,10:33:06,0,0,6
2017-06-04,10:33:07,0,0,6
2017-06-04,10:33:08,0,0,6
2017-06-04,10:33:09,0,0,6
2017-06-04,10:33:10,0,0,6
2017-06-04,10:33:11,0,0,6
2017-06-04,10:33:12,0,0,6
2017-06-04,10:33:13,0,0,6
2017-06-04,10:33:14,0,0,6
2017-06-04,10:33:15,0,0,6
2017-06-04,10:33:16,0,0,6
2017-06-04,10:33:17,0,0,6
2017-06-04,10:33:18,0,0,6
2017-06-04,10:33:19,0,0,6
2017-06-04,10:33:20,0,0,6
2017-06-04,10:33:21,0,0,6
2017-06-04,10:33:22,0,0,6
2017-06-04,10:33:23,0,0,6
2017-06-04,10:33:24,0,0,6
2017-06-04,10:33:25,0,0,6
2017-06-04,10:33:26,0,0,6
2017-06-04,10:33:27,0,0,6
2017-06-04,10:33:28,0,0,6
2017-06-04,10:33:29,0,0,6
2017-06-04,10:33:30,0,0,6
2017-06-04,10:33:31,0,0,6
2017-06-04,10:33:32,0,0,6
2017-06-04,10:33:33,0,0,6
2017-06-04,10:33:34,0,0,6
2017-06-04,10:33:35,0,0,6
2017-06-04,10:33:36,0,0,6
2017-06-04,10:33:37,0,0,6
2017-06-04,10:33:38,0,0,6
2017-06-04,10:33:39,0,0,6
2017-06-04,10:33:40,0,0,6
2017-06-04,10:33:41,0,0,6
2017-06-04,10:33:42,0,0,6
2017-06-04,10:33:43,0,0,6
2017-06-04,10:33:44,0,0,6
2017-06-04,10:33:45,0,0,6
2017-06-04,10:33:46,0,0,6
2017-06-04,10:33:47,0,0,6
2017-06-04,10:33:48,0,0,6
2017-06-04,10:33:49,0,0,6
2017-06-04,10:33:50,0,0,6
2017-06-04,10:33:51,0,0,6
2017-06-04,10:33:52,0,0,6
2017-06-04,10:33:53,0,0,6
2017-06-04,10:33:54,0,0,6
2017-06-04,10:33:55,0,0,6
2017-06-04,10:33:56,0,0,6
2017-06-04,10:33:57,0,0,6
2017-06-04,10:33:58,0,0,6
2017-06-04,10:33:59,0,0,6
2017-06-04,10:34:00,0,0,6
2017-06-04,10:34:01,0,0,6
2017-06-04,10:34:02,0,0,6
2017-06-04,10:34:03,0,0,6
2017-06-04,10:34:04,0,0,6
2017-06-04,10:34:05,0,0,6
2017-06-04,10:34:06,0,0,6
2017-06-04,10:34:07,0,0,6
2017-06-04,10:34:08,0,0,6
2017-06-04,10:34:09,0,0,6
2017-06-04,10:34:10,0,0,6
2017-06-04,10:34:11,0,0,6
2017-06-04,10:34:12,0,0,6
2017-06-04,10:34:13,0,0,6
2017-06-04,10:34:14,0,0,6
2017-06-04,10:34:15,40542,0,6
2017-06-04,10:34:16,0,0,6
2017-06-04,10:34:17,0,0,6
2017-06-04,10:34:18,0,0,6
2017-06-04,10:34:19,0,0,6
2017-06-04,10:34:20,0,0,6
2017-06-04,10:34:21,0,0,6
2017-06-04,10:34:22,0,0,6
2017-06-04,10:34:23,0,0,6
2017-06-04,10:34:24,0,0,6
2017-06-04,10:34:25,0,0,6
2017-06-04,10:34:26,0,0,6
2017-06-04,10:34:27,0,0,6
2017-06-04,10:34:28,0,0,6
2017-06-04,10:34:29,0,0,6
2017-06-04,10:34:30,0,0,6
2017-06-04,10:34:31,0,0,6
2017-06-04,10:34:32,0,0,6
2017-06-04,10:34:33,0,0,6
2017-06-04,10:34:34,0,0,6
2017-06-04,10:34:35,0,0,6
2017-06-04,10:34:36,40542,0,6
2017-06-04,10:34:37,0,0,6
2017-06-04,10:34:38,0,0,6
2017-06-04,10:34:39,0,0,6
2017-06-04,10:34:40,0,0,6
2017-06-04,10:34:41,0,0,6
2017-06-04,10:34:42,0,0,6
2017-06-04,10:34:43,0,0,6
2017-06-04,10:34:44,0,0,6
2017-06-04,10:34:45,0,0,6
2017-06-04,10:34:46,0,0,6
2017-06-04,10:34:47,0,0,6
2017-06-04,10:34:48,0,0,6
2017-06-04,10:34:49,0,0,6
2017-06-04,10:34:50,0,0,6
2017-06-04,10:34:51,0,0,6
2017-06-04,10:34:52,0,0,6
2017-06-04,10:34:53,0,0,6
2017-06-04,10:34:54,0,0,6
2017-06-04,10:34:55,0,0,6
2017-06-04,10:34:56,0,0,6
2017-06-04,10:34:57,0,0,6
2017-06-04,10:34:58,0,0,6
2017-06-04,10:34:59,0,0,6
2017-06-04,10:35:00,0,0,6
2017-06-04,10:35:01,0,0,6
2017-06-04,10:35:02,0,0,6
2017-06-04,10:35:03,0,0,6
2017-06-04,10:35:04,0,0,6
2017-06-04,10:35:05,0,0,6
2017-06-04,10:35:06,0,0,6
2017-06-04,10:35:07,0,0,6
2017-06-04,10:35:08,0,0,6
2017-06-04,10:35:09,0,0,6
2017-06-04,10:35:10,0,0,6
2017-06-04,10:35:11,40542,0,6
2017-06-04,10:35:12,0,0,6
2017-06-04,10:35:13,0,0,6
2017-06-04,10:35:14,0,0,6
2017-06-04,10:35:15,0,0,6
2017-06-04,10:35:16,0,0,6
2017-06-04,10:35:17,0,0,6
2017-06-04,10:35:18,0,0,6
2017-06-04,10:35:19,0,0,6
2017-06-04,10:35:20,0,0,6
2017-06-04,10:35:21,0,0,6
2017-06-04,10:35:22,0,0,6
2017-06-04,10:35:23,0,0,6
2017-06-04,10:35:24,0,0,6
2017-06-04,10:35:25,0,0,6
2017-06-04,10:35:26,0,0,6
2017-06-04,10:35:27,0,0,6
2017-06-04,10:35:28,0,0,6
2017-06-04,10:35:29,0,0,6
2017-06-04,10:35:30,0,0,6
2017-06-04,10:35:31,0,0,6
2017-06-04,10:35:32,0,0,6
2017-06-04,10:35:33,0,0,6
2017-06-04,10:35:34,0,0,6
2017-06-04,10:35:35,40542,0,6
2017-06-04,10:35:36,0,0,6
2017-06-04,10:35:37,0,0,6
2017-06-04,10:35:38,0,0,6
2017-06-04,10:35:39,0,0,6
2017-06-04,10:35:40,0,0,6
2017-06-04,10:35:41,0,0,6
2017-06-04,10:35:42,0,0,6
2017-06-04,10:35:43,0,0,6
2017-06-04,10:35:44,0,0,6
2017-06-04,10:35:45,0,0,6
2017-06-04,10:35:46,0,0,6
2017-06-04,10:35:47,0,0,6
2017-06-04,10:35:48,0,0,6
2017-06-04,10:35:49,0,0,6
2017-06-04,10:35:50,0,0,6
2017-06-04,10:35:51,0,0,6
2017-06-04,10:35:52,0,0,6
2017-06-04,10:35:53,0,0,6
2017-06-04,10:35:54,0,0,6
2017-06-04,10:35:55,0,0,6
2017-06-04,10:35:56,0,0,6
2017-06-04,10:35:57,0,0,6
2017-06-04,10:35:58,0,0,6
2017-06-04,10:35:59,0,0,6
2017-06-04,10:36:00,0,0,6
2017-06-04,10:36:01,0,0,6
2017-06-04,10:36:02,0,0,6
2017-06-04,10:36:03,0,0,6
2017-06-04,10:36:04,0,0,6
2017-06-04,10:36:05,0,0,6
2017-06-04,10:36:06,0,0,6
2017-06-04,10:36:07,0,0,6
2017-06-04,10:36:08,0,0,6
2017-06-04,10:36:09,0,0,6
2017-06-04,10:36:10,0,0,6
2017-06-04,10:36:11,0,0,6
2017-06-04,10:36:12,0,0,6
2017-06-04,10:36:13,0,0,6
2017-06-04,10:36:14,0,0,6
2017-06-04,10:36:15,0,0,6
2017-06-04,10:36:16,0,0,6
2017-06-04,10:36:17,0,0,6
2017-06-04,10:36:18,40543,0,6
2017-06-04,10:36:19,0,0,6
2017-06-04,10:36:20,0,0,6
2017-06-04,10:36:21,0,0,6
2017-06-04,10:36:22,0,0,6
2017-06-04,10:36:23,0,0,6
2017-06-04,10:36:24,0,0,6
2017-06-04,10:36:25,0,0,6
2017-06-04,10:36:26,0,0,6
2017-06-04,10:36:27,0,0,6
2017-06-04,10:36:28,0,0,6
2017-06-04,10:36:29,0,0,6
2017-06-04,10:36:30,0,0,6
2017-06-04,10:36:31,0,0,6
2017-06-04,10:36:32,0,0,6
2017-06-04,10:36:33,0,0,6
2017-06-04,10:36:34,0,0,6
2017-06-04,10:36:35,0,0,6
2017-06-04,10:36:36,0,0,6
2017-06-04,10:36:37,0,0,6
2017-06-04,10:36:38,0,0,6
2017-06-04,10:36:39,0,0,6
2017-06-04,10:36:40,0,0,6
2017-06-04,10:36:41,0,0,6
2017-06-04,10:36:42,0,0,6
2017-06-04,10:36:43,40542,0,6
2017-06-04,10:36:44,0,0,6
2017-06-04,10:36:45,0,0,6
2017-06-04,10:36:46,0,0,7
2017-06-04,10:36:47,0,0,7
2017-06-04,10:36:48,0,0,7
2017-06-04,10:36:49,0,0,7
2017-06-04,10:36:50,0,0,7
2017-06-04,10:36:51,0,0,7
2017-06-04,10:36:52,0,0,7
2017-06-04,10:36:53,0,0,7
2017-06-04,10:36:54,0,0,7
2017-06-04,10:36:55,0,0,7
2017-06-04,10:36:56,0,0,7
2017-06-04,10:36:57,0,0,7
2017-06-04,10:36:58,0,0,7
2017-06-04,10:36:59,0,0,7
2017-06-04,10:37:00,0,0,7
2017-06-04,10:37:01,0,0,7
2017-06-04,10:37:02,0,0,7
2017-06-04,10:37:03,0,0,7
2017-06-04,10:37:04,0,0,7
2017-06-04,10:37:05,0,0,7
2017-06-04,10:37:06,0,0,7
2017-06-04,10:37:07,0,0,7
2017-06-04,10:37:08,40542,0,7
2017-06-04,10:37:09,0,0,7
2017-06-04,10:37:10,0,0,7
2017-06-04,10:37:11,0,0,7
2017-06-04,10:37:12,0,0,7
2017-06-04,10:37:13,0,0,7
2017-06-04,10:37:14,0,0,7
2017-06-04,10:37:15,0,0,7
2017-06-04,10:37:16,0,0,7
2017-06-04,10:37:17,0,0,7
2017-06-04,10:37:18,0,0,7
2017-06-04,10:37:19,0,0,7
2017-06-04,10:37:20,0,0,7
2017-06-04,10:37:21,0,0,7
2017-06-04,10:37:22,0,0,7
2017-06-04,10:37:23,0,0,7
2017-06-04,10:37:24,0,0,7
2017-06-04,10:37:25,0,0,7
2017-06-04,10:37:26,0,0,7
2017-06-04,10:37:27,0,0,7
2017-06-04,10:37:28,0,0,7
2017-06-04,10:37:29,0,0,7
2017-06-04,10:37:30,40544,0,7
2017-06-04,10:37:31,0,0,7
2017-06-04,10:37:32,0,0,7
2017-06-04,10:37:33,0,0,7
2017-06-04,10:37:34,0,0,7
2017-06-04,10:37:35,0,0,7
2017-06-04,10:37:36,0,0,7
2017-06-04,10:37:37,0,0,7
2017-06-04,10:37:38,0,0,7
2017-06-04,10:37:39,0,0,7
2017-06-04,10:37:40,0,0,7
2017-06-04,10:37:41,0,0,7
2017-06-04,10:37:42,0,0,7
2017-06-04,10:37:43,0,0,7
2017-06-04,10:37:44,0,0,7
2017-06-04,10:37:45,0,0,7
2017-06-04,10:37:46,0,0,1
2017-06-04,10:37:47,0,0,1
2017-06-04,10:37:48,0,0,1
2017-06-04,10:37:49,0,0,1
2017-06-04,10:37:50,0,0,1
2017-06-04,10:37:51,0,0,1
2017-06-04,10:37:52,0,0,1
2017-06-04,10:37:53,0,0,1
2017-06-04,10:37:54,0,0,1
2017-06-04,10:37:55,0,0,1
2017-06-04,10:37:56,0,0,1
2017-06-04,10:37:57,0,0,1
2017-06-04,10:37:58,0,0,1
2017-06-04,10:37:59,0,0,1
2017-06-04,10:38:00,0,0,1
2017-06-04,10:38:01,0,0,1
2017-06-04,10:38:02,0,0,1
2017-06-04,10:38:03,0,0,1
2017-06-04,10:38:04,0,0,1
2017-06-04,10:38:05,0,0,1
2017-06-04,10:38:06,0,0,1
2017-06-04,10:38:07,0,0,1
2017-06-04,10:38:08,0,0,1
2017-06-04,10:38:09,0,0,1
2017-06-04,10:38:10,0,0,1
2017-06-04,10:38:11,0,0,1
2017-06-04,10:38:12,40544,0,1
2017-06-04,10:38:13,0,0,1
2017-06-04,10:38:14,0,0,1
2017-06-04,10:38:15,0,0,1
2017-06-04,10:38:16,0,0,1
2017-06-04,10:38:17,0,0,1
2017-06-04,10:38:18,0,0,1
2017-06-04,10:38:19,0,0,1
2017-06-04,10:38:20,0,0,1
2017-06-04,10:38:21,0,0,1
2017-06-04,10:38:22,0,0,1
2017-06-04,10:38:23,0,0,1
2017-06-04,10:38:24,0,0,1
2017-06-04,10:38:25,0,0,1
2017-06-04,10:38:26,0,0,1
2017-06-04,10:38:27,0,0,1
2017-06-04,10:38:28,0,0,1
2017-06-04,10:38:29,0,0,1
2017-06-04,10:38:30,0,0,1
2017-06-04,10:38:31,0,0,1
2017-06-04,10:38:32,0,0,1
2017-06-04,10:38:33,0,0,1
2017-06-04,10:38:34,0,0,1
2017-06-04,10:38:35,0,0,1
2017-06-04,10:38:36,0,0,1
2017-06-04,10:38:37,0,0,1
2017-06-04,10:38:38,0,0,1
2017-06-04,10:38:39,0,0,1
2017-06-04,10:38:40,0,0,1
2017-06-04,10:38:41,0,0,1
2017-06-04,10:38:42,0,0,1
2017-06-04,10:38:43,0,0,1
2017-06-04,10:38:44,0,0,1
2017-06-04,10:38:45,1133,0,1
2017-06-04,10:38:46,1770,0,5
2017-06-04,10:38:47,1904,1,5
2017-06-04,10:38:48,0,0,5
2017-06-04,10:38:49,0,0,5
2017-06-04,10:38:50,0,0,5
2017-06-04,10:38:51,0,0,5
2017-06-04,10:38:52,0,0,5
2017-06-04,10:38:53,5247,0,5
2017-06-04,10:38:54,18091,0,5
2017-06-04,10:38:55,0,0,5
2017-06-04,10:38:56,0,0,5
2017-06-04,10:38:57,0,0,5
2017-06-04,10:38:58,0,0,5
2017-06-04,10:38:59,0,0,5
2017-06-04,10:39:00,0,0,5
2017-06-04,10:39:01,0,0,5
2017-06-04,10:39:02,0,0,5
2017-06-04,10:39:03,0,0,5
2017-06-04,10:39:04,0,0,5
2017-06-04,10:39:05,0,0,5
2017-06-04,10:39:06,0,0,5
2017-06-04,10:39:07,0,0,5
2017-06-04,10:39:08,7468,0,5
2017-06-04,10:39:09,7627,0,5
2017-06-04,10:39:10,7026,0,5
2017-06-04,10:39:11,3171,0,5
2017-06-04,10:39:12,0,0,5
2017-06-04,10:39:13,0,0,5
2017-06-04,10:39:14,0,0,5
2017-06-04,10:39:15,0,0,5
2017-06-04,10:39:16,0,0,5
2017-06-04,10:39:17,0,0,5
2017-06-04,10:39:18,0,0,5
2017-06-04,10:39:19,0,0,5
2017-06-04,10:39:20,40544,0,5
2017-06-04,10:39:21,0,0,5
2017-06-04,10:39:22,0,0,5
2017-06-04,10:39:23,0,0,5
2017-06-04,10:39:24,0,0,5
2017-06-04,10:39:25,0,0,5
2017-06-04,10:39:26,0,1,7
2017-06-04,10:39:27,0,0,7
2017-06-04,10:39:28,0,0,7
2017-06-04,10:39:29,0,0,7
2017-06-04,10:39:30,0,0,7
2017-06-04,10:39:31,0,1,7
2017-06-04,10:39:32,0,0,7
2017-06-04,10:39:33,0,0,7
2017-06-04,10:39:34,0,0,7
2017-06-04,10:39:35,0,0,7
2017-06-04,10:39:36,0,0,7
2017-06-04,10:39:37,0,0,7
2017-06-04,10:39:38,0,0,7
2017-06-04,10:39:39,0,0,7
2017-06-04,10:39:40,0,0,7
2017-06-04,10:39:41,0,0,7
2017-06-04,10:39:42,0,0,7
2017-06-04,10:39:43,0,0,7
2017-06-04,10:39:44,0,0,7
2017-06-04,10:39:45,0,0,7
2017-06-04,10:39:46,0,0,7
2017-06-04,10:39:47,0,0,7
2017-06-04,10:39:48,0,0,7
2017-06-04,10:39:49,0,0,7
2017-06-04,10:39:50,0,0,7
2017-06-04,10:39:51,0,0,7
2017-06-04,10:39:52,0,0,7
2017-06-04,10:39:53,0,0,7
2017-06-04,10:39:54,0,0,7
2017-06-04,10:39:55,0,0,7
2017-06-04,10:39:56,0,0,7
2017-06-04,10:39:57,0,0,7
2017-06-04,10:39:58,0,0,7
2017-06-04,10:39:59,0,0,7
2017-06-04,10:40:00,0,0,7
2017-06-04,10:40:01,0,0,7
2017-06-04,10:40:02,40542,0,7
2017-06-04,10:40:03,0,0,7
2017-06-04,10:40:04,0,0,7
2017-06-04,10:40:05,0,0,7
2017-06-04,10:40:06,0,0,7
2017-06-04,10:40:07,0,0,7
2017-06-04,10:40:08,0,0,7
2017-06-04,10:40:09,0,0,7
2017-06-04,10:40:10,0,0,7
2017-06-04,10:40:11,0,0,7
2017-06-04,10:40:12,0,0,7
2017-06-04,10:40:13,0,0,7
2017-06-04,10:40:14,0,0,7
2017-06-04,10:40:15,0,0,7
2017-06-04,10:40:16,4405,0,7
2017-06-04,10:40:17,7181,0,7
2017-06-04,10:40:18,9872,0,7
2017-06-04,10:40:19,10700,0,7
2017-06-04,10:40:20,10138,0,7
2017-06-04,10:40:21,9342,0,7
2017-06-04,10:40:22,9707,0,7
2017-06-04,10:40:23,10187,0,7
2017-06-04,10:40:24,11030,0,7
2017-06-04,10:40:25,19098,0,7
2017-06-04,10:40:26,0,0,7
2017-06-04,10:40:27,0,0,7
2017-06-04,10:40:28,0,0,7
2017-06-04,10:40:29,0,0,7
2017-06-04,10:40:30,0,0,7
2017-06-04,10:40:31,0,0,7
2017-06-04,10:40:32,0,0,7
2017-06-04,10:40:33,0,0,7
2017-06-04,10:40:34,0,0,7
2017-06-04,10:40:35,0,0,7
2017-06-04,10:40:36,0,0,7
2017-06-04,10:40:37,0,0,7
2017-06-04,10:40:38,0,0,7
2017-06-04,10:40:39,0,0,7
2017-06-04,10:40:40,0,0,7
2017-06-04,10:40:41,0,0,7
2017-06-04,10:40:42,0,0,7
2017-06-04,10:40:43,0,0,7
2017-06-04,10:40:44,0,0,7
2017-06-04,10:40:45,0,0,7
2017-06-04,10:40:46,0,0,7
2017-06-04,10:40:47,0,0,7
2017-06-04,10:40:48,0,0,7
2017-06-04,10:40:49,0,0,7
2017-06-04,10:40:50,0,0,7
2017-06-04,10:40:51,0,0,7
2017-06-04,10:40:52,0,0,7
2017-06-04,10:40:53,0,0,7
2017-06-04,10:40:54,40542,0,7
2017-06-04,10:40:55,0,0,7
2017-06-04,10:40:56,0,0,7
2017-06-04,10:40:57,0,0,7
2017-06-04,10:40:58,0,0,7
2017-06-04,10:40:59,0,0,7
2017-06-04,10:41:00,0,0,7
2017-06-04,10:41:01,0,0,7
2017-06-04,10:41:02,0,0,7
2017-06-04,10:41:03,0,0,7
2017-06-04,10:41:04,0,0,7
2017-06-04,10:41:05,0,0,7
2017-06-04,10:41:06,0,0,2
2017-06-04,10:41:07,0,0,2
2017-06-04,10:41:08,0,0,2
2017-06-04,10:41:09,0,0,2
2017-06-04,10:41:10,0,0,2
2017-06-04,10:41:11,0,0,2
2017-06-04,10:41:12,0,1,2
2017-06-04,10:41:13,0,0,2
2017-06-04,10:41:14,0,0,2
2017-06-04,10:41:15,0,0,2
2017-06-04,10:41:16,0,0,2
2017-06-04,10:41:17,40544,0,2
2017-06-04,10:41:18,0,0,2
2017-06-04,10:41:19,0,0,2
2017-06-04,10:41:20,0,0,2
2017-06-04,10:41:21,0,0,2
2017-06-04,10:41:22,0,0,2
2017-06-04,10:41:23,0,0,2
2017-06-04,10:41:24,0,0,2
2017-06-04,10:41:25,0,0,2
2017-06-04,10:41:26,0,0,2
2017-06-04,10:41:27,0,0,2
2017-06-04,10:41:28,0,0,2
2017-06-04,10:41:29,0,0,2
2017-06-04,10:41:30,0,0,2
2017-06-04,10:41:31,0,1,3
2017-06-04,10:41:32,0,0,3
2017-06-04,10:41:33,0,0,3
2017-06-04,10:41:34,0,0,3
2017-06-04,10:41:35,0,0,3
2017-06-04,10:41:36,0,0,3
2017-06-04,10:41:37,0,0,3
2017-06-04,10:41:38,0,0,3
2017-06-04,10:41:39,0,0,3
2017-06-04,10:41:40,40543,0,3
2017-06-04,10:41:41,0,0,3
2017-06-04,10:41:42,0,0,3
2017-06-04,10:41:43,0,0,3
2017-06-04,10:41:44,0,0,3
2017-06-04,10:41:45,0,0,3
2017-06-04,10:41:46,0,0,3
2017-06-04,10:41:47,0,0,3
2017-06-04,10:41:48,0,0,3
2017-06-04,10:41:49,0,0,3
2017-06-04,10:41:50,0,0,3
2017-06-04,10:41:51,0,0,3
2017-06-04,10:41:52,0,0,3
2017-06-04,10:41:53,0,0,3
2017-06-04,10:41:54,8357,0,3
2017-06-04,10:41:55,8604,0,3
2017-06-04,10:41:56,8775,0,3
2017-06-04,10:41:57,16868,0,3
2017-06-04,10:41:58,0,0,3
2017-06-04,10:41:59,0,0,3
2017-06-04,10:42:00,0,0,3
2017-06-04,10:42:01,0,0,3
2017-06-04,10:42:02,0,0,3
2017-06-04,10:42:03,0,0,3
2017-06-04,10:42:04,0,0,3
2017-06-04,10:42:05,0,0,3
2017-06-04,10:42:06,0,0,3
2017-06-04,10:42:07,0,0,3
2017-06-04,10:42:08,0,0,3
2017-06-04,10:42:09,0,0,3
2017-06-04,10:42:10,0,0,3
2017-06-04,10:42:11,0,0,3
2017-06-04,10:42:12,0,0,3
2017-06-04,10:42:13,0,0,3
2017-06-04,10:42:14,0,0,3
2017-06-04,10:42:15,0,0,3
2017-06-04,10:42:16,40543,0,3
2017-06-04,10:42:17,0,0,3
2017-06-04,10:42:18,0,0,3
2017-06-04,10:42:19,0,0,3
2017-06-04,10:42:20,0,0,3
2017-06-04,10:42:21,0,0,3
2017-06-04,10:42:22,0,0,3
2017-06-04,10:42:23,0,0,3
2017-06-04,10:42:24,0,0,3
2017-06-04,10:42:25,0,0,3
2017-06-04,10:42:26,0,0,3
2017-06-04,10:42:27,0,0,3
2017-06-04,10:42:28,0,0,3
2017-06-04,10:42:29,0,0,3
2017-06-04,10:42:30,7246,0,3
2017-06-04,10:42:31,7316,0,3
2017-06-04,10:42:32,7580,0,3
2017-06-04,10:42:33,18399,0,3
2017-06-04,10:42:34,0,0,3
2017-06-04,10:42:35,0,0,3
2017-06-04,10:42:36,0,0,3
2017-06-04,10:42:37,0,0,3
2017-06-04,10:42:38,0,0,3
2017-06-04,10:42:39,0,0,3
2017-06-04,10:42:40,0,0,3
2017-06-04,10:42:41,0,0,3
2017-06-04,10:42:42,0,0,3
2017-06-04,10:42:43,0,0,3
2017-06-04,10:42:44,0,0,3
2017-06-04,10:42:45,0,0,3
2017-06-04,10:42:46,0,0,3
2017-06-04,10:42:47,0,0,3
2017-06-04,10:42:48,40293,0,3
2017-06-04,10:42:49,0,0,3
2017-06-04,10:42:50,0,0,3
2017-06-04,10:42:51,0,0,3
2017-06-04,10:42:52,0,0,3
2017-06-04,10:42:53,0,0,3
2017-06-04,10:42:54,0,0,3
2017-06-04,10:42:55,0,0,3
2017-06-04,10:42:56,0,0,3
2017-06-04,10:42:57,0,0,3
2017-06-04,10:42:58,0,0,3
2017-06-04,10:42:59,0,0,3
2017-06-04,10:43:00,0,0,3
2017-06-04,10:43:01,0,0,3
2017-06-04,10:43:02,0,0,3
2017-06-04,10:43:03,0,0,3
2017-06-04,10:43:04,0,0,3
2017-06-04,10:43:05,0,0,3
2017-06-04,10:43:06,0,0,3
2017-06-04,10:43:07,0,0,3
2017-06-04,10:43:08,0,0,3
2017-06-04,10:43:09,0,0,3
2017-06-04,10:43:10,0,0,3
2017-06-04,10:43:11,0,0,3
2017-06-04,10:43:12,0,0,3
2017-06-04,10:43:13,0,0,3
2017-06-04,10:43:14,0,0,3
2017-06-04,10:43:15,0,0,3
2017-06-04,10:43:16,0,0,3
2017-06-04,10:43:17,0,0,3
2017-06-04,10:43:18,0,0,3
2017-06-04,10:43:19,0,0,3
2017-06-04,10:43:20,0,0,3
2017-06-04,10:43:21,0,0,3
2017-06-04,10:43:22,0,0,3
2017-06-04,10:43:23,0,0,3
2017-06-04,10:43:24,0,0,3
2017-06-04,10:43:25,0,0,3
2017-06-04,10:43:26,0,0,3
2017-06-04,10:43:27,0,0,3
2017-06-04,10:43:28,0,0,3
2017-06-04,10:43:29,0,0,3
2017-06-04,10:43:30,0,0,3
2017-06-04,10:43:31,0,0,3
2017-06-04,10:43:32,0,0,3
2017-06-04,10:43:33,0,0,3
2017-06-04,10:43:34,0,0,3
2017-06-04,10:43:35,0,0,3
2017-06-04,10:43:36,0,0,3
2017-06-04,10:43:37,0,0,3
2017-06-04,10:43:38,0,0,3
2017-06-04,10:43:39,0,0,3
2017-06-04,10:43:40,0,0,3
2017-06-04,10:43:41,0,0,3
2017-06-04,10:43:42,0,0,3
2017-06-04,10:43:43,0,0,3
2017-06-04,10:43:44,0,0,3
2017-06-04,10:43:45,0,0,3
2017-06-04,10:43:46,0,0,3
2017-06-04,10:43:47,0,0,3
2017-06-04,10:43:48,0,0,3
2017-06-04,10:43:49,0,0,3
2017-06-04,10:43:50,0,0,3
2017-06-04,10:43:51,0,0,3
2017-06-04,10:43:52,0,0,7
2017-06-04,10:43:53,0,0,7
2017-06-04,10:43:54,0,0,7
2017-06-04,10:43:55,0,0,7
2017-06-04,10:43:56,0,0,7
2017-06-04,10:43:57,0,0,7
2017-06-04,10:43:58,0,0,7
2017-06-04,10:43:59,0,0,7
2017-06-04,10:44:00,0,0,7
2017-06-04,10:44:01,0,0,7
2017-06-04,10:44:02,0,1,7
2017-06-04,10:44:03,0,0,7
2017-06-04,10:44:04,0,0,7
2017-06-04,10:44:05,0,0,7
2017-06-04,10:44:06,0,0,7
2017-06-04,10:44:07,0,1,6
2017-06-04,10:44:08,0,0,6
2017-06-04,10:44:09,0,0,6
2017-06-04,10:44:10,0,0,6
2017-06-04,10:44:11,0,0,6
2017-06-04,10:44:12,0,0,6
2017-06-04,10:44:13,0,0,6
2017-06-04,10:44:14,0,0,6
2017-06-04,10:44:15,0,0,6
2017-06-04,10:44:16,0,0,6
2017-06-04,10:44:17,0,0,6
2017-06-04,10:44:18,0,0,6
2017-06-04,10:44:19,0,1,3
2017-06-04,10:44:20,0,0,3
2017-06-04,10:44:21,0,0,3
2017-06-04,10:44:22,0,0,3
2017-06-04,10:44:23,0,0,3
2017-06-04,10:44:24,0,0,3
2017-06-04,10:44:25,0,0,3
2017-06-04,10:44:26,0,0,3
2017-06-04,10:44:27,0,0,3
2017-06-04,10:44:28,0,0,3
2017-06-04,10:44:29,0,0,3
2017-06-04,10:44:30,0,0,3
2017-06-04,10:44:31,0,0,3
2017-06-04,10:44:32,0,0,3
2017-06-04,10:44:33,0,0,3
2017-06-04,10:44:34,0,0,3
2017-06-04,10:44:35,0,0,3
2017-06-04,10:44:36,0,0,3
2017-06-04,10:44:37,0,0,3
2017-06-04,10:44:38,0,0,3
2017-06-04,10:44:39,0,0,3
2017-06-04,10:44:40,0,0,3
2017-06-04,10:44:41,0,0,3
2017-06-04,10:44:42,0,0,3
2017-06-04,10:44:43,0,0,3
2017-06-04,10:44:44,0,1,1
2017-06-04,10:44:45,0,0,1
2017-06-04,10:44:46,0,0,1
2017-06-04,10:44:47,0,0,1
2017-06-04,10:44:48,0,0,1
2017-06-04,10:44:49,0,0,1
2017-06-04,10:44:50,0,0,1
2017-06-04,10:44:51,0,0,1
2017-06-04,10:44:52,0,0,1
2017-06-04,10:44:53,0,0,1
2017-06-04,10:44:54,0,0,1
2017-06-04,10:44:55,0,0,1
2017-06-04,10:44:56,0,0,1
2017-06-04,10:44:57,0,0,1
2017-06-04,10:44:58,0,0,1
2017-06-04,10:44:59,0,0,1
2017-06-04,10:45:00,0,0,1
2017-06-04,10:45:01,0,0,1
2017-06-04,10:45:02,0,0,1
2017-06-04,10:45:03,0,0,1
2017-06-04,10:45:04,0,0,1
2017-06-04,10:45:05,0,0,1
2017-06-04,10:45:06,0,0,1
2017-06-04,10:45:07,0,0,1
2017-06-04,10:45:08,0,0,1
2017-06-04,10:45:09,0,0,1
2017-06-04,10:45:10,0,0,1
2017-06-04,10:45:11,0,0,1
2017-06-04,10:45:12,0,0,1
2017-06-04,10:45:13,0,0,1
2017-06-04,10:45:14,0,0,1
2017-06-04,10:45:15,0,0,1
2017-06-04,10:45:16,0,0,1
2017-06-04,10:45:17,0,0,1
2017-06-04,10:45:18,0,0,1
2017-06-04,10:45:19,0,0,1
2017-06-04,10:45:20,0,0,1
2017-06-04,10:45:21,0,0,1
2017-06-04,10:45:22,0,0,1
2017-06-04,10:45:23,0,0,1
2017-06-04,10:45:24,0,0,1
2017-06-04,10:45:25,0,0,1
2017-06-04,10:45:26,0,0,1
2017-06-04,10:45:27,0,0,1
2017-06-04,10:45:28,0,0,1
2017-06-04,10:45:29,0,0,1
2017-06-04,10:45:30,0,0,1
2017-06-04,10:45:31,0,0,1
2017-06-04,10:45:32,0,0,1
2017-06-04,10:45:33,0,0,1
2017-06-04,10:45:34,0,0,1
2017-06-04,10:45:35,0,0,1
2017-06-04,10:45:36,0,0,1
2017-06-04,10:45:37,0,0,1
2017-06-04,10:45:38,0,0,1
2017-06-04,10:45:39,0,0,1
2017-06-04,10:45:40,0,0,1
2017-06-04,10:45:41,0,0,1
2017-06-04,10:45:42,0,0,1
2017-06-04,10:45:43,0,0,1
2017-06-04,10:45:44,0,0,1
2017-06-04,10:45:45,0,0,1
2017-06-04,10:45:46,0,0,1
2017-06-04,10:45:47,0,0,1
2017-06-04,10:45:48,0,0,1
2017-06-04,10:45:49,0,0,1
2017-06-04,10:45:50,0,0,1
2017-06-04,10:45:51,0,0,1
2017-06-04,10:45:52,0,0,1
2017-06-04,10:45:53,0,0,1
2017-06-04,10:45:54,0,0,1
2017-06-04,10:45:55,0,0,1
2017-06-04,10:45:56,0,0,1
2017-06-04,10:45:57,0,0,1
2017-06-04,10:45:58,0,0,1
2017-06-04,10:45:59,0,0,1
2017-06-04,10:46:00,0,0,1
2017-06-04,10:46:01,0,0,1
2017-06-04,10:46:02,0,0,1
2017-06-04,10:46:03,0,0,1
2017-06-04,10:46:04,0,0,1
2017-06-04,10:46:05,0,0,1
2017-06-04,10:46:06,0,0,1
2017-06-04,10:46:07,0,0,1
2017-06-04,10:46:08,0,0,1
2017-06-04,10:46:09,0,0,1
2017-06-04,10:46:10,0,0,1
2017-06-04,10:46:11,0,0,1
2017-06-04,10:46:12,0,0,1
2017-06-04,10:46:13,0,0,1
2017-06-04,10:46:14,0,0,1
2017-06-04,10:46:15,0,0,1
2017-06-04,10:46:16,0,0,1
2017-06-04,10:46:17,0,0,1
2017-06-04,10:46:18,0,0,1
2017-06-04,10:46:19,0,0,1
2017-06-04,10:46:20,0,0,1
2017-06-04,10:46:21,0,0,1
2017-06-04,10:46:22,0,0,1
2017-06-04,10:46:23,0,0,1
2017-06-04,10:46:24,0,0,1
2017-06-04,10:46:25,0,0,1
2017-06-04,10:46:26,0,0,1
2017-06-04,10:46:27,0,0,1
2017-06-04,10:46:28,0,0,1
2017-06-04,10:46:29,0,0,1
2017-06-04,10:46:30,0,0,1
2017-06-04,10:46:31,0,0,1
2017-06-04,10:46:32,0,0,1
2017-06-04,10:46:33,0,0,1
2017-06-04,10:46:34,0,0,1
2017-06-04,10:46:35,0,0,1
2017-06-04,10:46:36,0,0,1
2017-06-04,10:46:37,0,0,1
2017-06-04,10:46:38,0,0,1
2017-06-04,10:46:39,0,0,1
2017-06-04,10:46:40,0,0,1
2017-06-04,10:46:41,0,0,1
2017-06-04,10:46:42,0,0,1
2017-06-04,10:46:43,0,0,1
2017-06-04,10:46:44,0,0,1
2017-06-04,10:46:45,0,0,1
2017-06-04,10:46:46,0,0,1
2017-06-04,10:46:47,0,0,1
2017-06-04,10:46:48,0,0,1
2017-06-04,10:46:49,0,0,1
2017-06-04,10:46:50,0,0,1
2017-06-04,10:46:51,0,0,1
2017-06-04,10:46:52,0,0,1
2017-06-04,10:46:53,0,0,1
2017-06-04,10:46:54,0,0,1
2017-06-04,10:46:55,0,0,1
2017-06-04,10:46:56,0,0,1
2017-06-04,10:46:57,0,0,1
2017-06-04,10:46:58,0,0,1
2017-06-04,10:46:59,0,0,1
2017-06-04,10:47:00,0,0,1
2017-06-04,10:47:01,0,0,1
2017-06-04,10:47:02,0,0,1
2017-06-04,10:47:03,0,0,1
2017-06-04,10:47:04,0,0,1
2017-06-04,10:47:05,0,0,1
2017-06-04,10:47:06,0,0,1
2017-06-04,10:47:07,0,0,1
2017-06-04,10:47:08,0,0,1
2017-06-04,10:47:09,0,0,1
2017-06-04,10:47:10,0,0,1
2017-06-04,10:47:11,0,0,1
2017-06-04,10:47:12,0,0,1
2017-06-04,10:47:13,0,0,1
2017-06-04,10:47:14,0,0,1
2017-06-04,10:47:15,0,0,1
2017-06-04,10:47:16,0,0,1
2017-06-04,10:47:17,0,0,1
2017-06-04,10:47:18,0,1,5
2017-06-04,10:47:19,0,0,5
2017-06-04,10:47:20,0,0,5
2017-06-04,10:47:21,0,0,5
2017-06-04,10:47:22,0,0,5
2017-06-04,10:47:23,0,0,5
2017-06-04,10:47:24,0,0,5
2017-06-04,10:47:25,0,0,5
2017-06-04,10:47:26,0,0,5
2017-06-04,10:47:27,0,0,5
2017-06-04,10:47:28,0,0,5
2017-06-04,10:47:29,0,0,5
2017-06-04,10:47:30,0,0,5
2017-06-04,10:47:31,0,0,5
2017-06-04,10:47:32,0,0,5
2017-06-04,10:47:33,0,0,5
2017-06-04,10:47:34,0,0,5
2017-06-04,10:47:35,0,0,5
2017-06-04,10:47:36,0,0,5
2017-06-04,10:47:37,0,0,5
2017-06-04,10:47:38,0,0,5
2017-06-04,10:47:39,0,0,5
2017-06-04,10:47:40,0,0,5
2017-06-04,10:47:41,0,0,5
2017-06-04,10:47:42,0,0,5
2017-06-04,10:47:43,0,0,5
2017-06-04,10:47:44,0,0,5
2017-06-04,10:47:45,0,0,5
2017-06-04,10:47:46,0,0,5
2017-06-04,10:47:47,0,0,5
2017-06-04,10:47:48,0,0,5
2017-06-04,10:47:49,0,0,5
2017-06-04,10:47:50,0,0,5
2017-06-04,10:47:51,0,0,5
2017-06-04,10:47:52,0,0,5
2017-06-04,10:47:53,0,0,5
2017-06-04,10:47:54,0,0,5
2017-06-04,10:47:55,0,0,5
2017-06-04,10:47:56,0,0,5
2017-06-04,10:47:57,0,0,5
2017-06-04,10:47:58,0,0,5
2017-06-04,10:47:59,0,0,5
2017-06-04,10:48:00,0,0,5
2017-06-04,10:48:01,0,0,5
2017-06-04,10:48:02,0,0,5
2017-06-04,10:48:03,0,0,5
2017-06-04,10:48:04,0,0,5
2017-06-04,10:48:05,0,0,5
2017-06-04,10:48:06,0,0,5
2017-06-04,10:48:07,0,0,5
2017-06-04,10:48:08,0,0,5
2017-06-04,10:48:09,0,0,5
2017-06-04,10:48:10,0,0,5
2017-06-04,10:48:11,0,0,5
2017-06-04,10:48:12,0,0,5
2017-06-04,10:48:13,0,0,5
2017-06-04,10:48:14,0,0,5
2017-06-04,10:48:15,0,0,5
2017-06-04,10:48:16,0,0,5
2017-06-04,10:48:17,0,0,5
2017-06-04,10:48:18,0,0,5
2017-06-04,10:48:19,0,0,5
2017-06-04,10:48:20,0,0,5
2017-06-04,10:48:21,0,0,5
2017-06-04,10:48:22,0,0,5
2017-06-04,10:48:23,0,0,5
2017-06-04,10:48:24,0,0,5
2017-06-04,10:48:25,0,0,5
2017-06-04,10:48:26,0,0,5
2017-06-04,10:48:27,0,0,5
2017-06-04,10:48:28,0,0,5
2017-06-04,10:48:29,0,0,5
2017-06-04,10:48:30,0,0,5
2017-06-04,10:48:31,0,0,5
2017-06-04,10:48:32,0,0,5
2017-06-04,10:48:33,0,0,5
2017-06-04,10:48:34,0,0,5
2017-06-04,10:48:35,0,0,5
2017-06-04,10:48:36,0,0,5
2017-06-04,10:48:37,0,0,5
2017-06-04,10:48:38,0,0,5
2017-06-04,10:48:39,0,0,5
2017-06-04,10:48:40,0,0,5
2017-06-04,10:48:41,0,0,5
2017-06-04,10:48:42,0,0,5
2017-06-04,10:48:43,0,0,5
2017-06-04,10:48:44,0,0,5
2017-06-04,10:48:45,0,0,5
2017-06-04,10:48:46,0,0,5
2017-06-04,10:48:47,0,0,5
2017-06-04,10:48:48,0,0,5
2017-06-04,10:48:49,0,0,5
2017-06-04,10:48:50,0,0,5
2017-06-04,10:48:51,0,0,5
2017-06-04,10:48:52,0,0,5
2017-06-04,10:48:53,0,0,5
2017-06-04,10:48:54,0,0,5
2017-06-04,10:48:55,0,0,5
2017-06-04,10:48:56,0,0,5
2017-06-04,10:48:57,0,0,5
2017-06-04,10:48:58,0,0,5
2017-06-04,10:48:59,0,0,5
2017-06-04,10:49:00,0,0,5
2017-06-04,10:49:01,0,0,5
2017-06-04,10:49:02,0,0,5
2017-06-04,10:49:03,0,0,5
2017-06-04,10:49:04,0,0,5
2017-06-04,10:49:05,0,0,5
2017-06-04,10:49:06,0,0,5
2017-06-04,10:49:07,0,0,5
2017-06-04,10:49:08,0,0,5
2017-06-04,10:49:09,0,0,5
2017-06-04,10:49:10,0,0,5
2017-06-04,10:49:11,0,0,5
2017-06-04,10:49:12,0,0,5
2017-06-04,10:49:13,0,0,5
2017-06-04,10:49:14,0,0,5
2017-06-04,10:49:15,0,0,5
2017-06-04,10:49:16,0,0,5
2017-06-04,10:49:17,0,0,5
2017-06-04,10:49:18,0,0,5
2017-06-04,10:49:19,0,0,5
2017-06-04,10:49:20,0,0,5
2017-06-04,10:49:21,0,0,5
2017-06-04,10:49:22,0,0,5
2017-06-04,10:49:23,0,0,5
2017-06-04,10:49:24,0,0,5
2017-06-04,10:49:25,0,0,5
2017-06-04,10:49:26,0,0,5
2017-06-04,10:49:27,0,0,5
2017-06-04,10:49:28,0,0,5
2017-06-04,10:49:29,0,0,5
2017-06-04,10:49:30,0,0,5
2017-06-04,10:49:31,0,0,5
2017-06-04,10:49:32,0,0,5
2017-06-04,10:49:33,0,0,5
2017-06-04,10:49:34,0,0,5
2017-06-04,10:49:35,0,0,5
2017-06-04,10:49:36,0,0,5
2017-06-04,10:49:37,0,0,5
2017-06-04,10:49:38,0,0,5
2017-06-04,10:49:39,0,0,5
2017-06-04,10:49:40,0,0,5
2017-06-04,10:49:41,0,0,5
2017-06-04,10:49:42,0,0,5
2017-06-04,10:49:43,0,0,5
2017-06-04,10:49:44,0,0,5
2017-06-04,10:49:45,0,0,5
2017-06-04,10:49:46,0,0,5
2017-06-04,10:49:47,0,0,5
2017-06-04,10:49:48,0,0,5
2017-06-04,10:49:49,0,0,5
2017-06-04,10:49:50,0,0,5
2017-06-04,10:49:51,0,0,5
2017-06-04,10:49:52,0,0,5
2017-06-04,10:49:53,0,0,5
2017-06-04,10:49:54,0,0,5
2017-06-04,10:49:55,0,0,5
2017-06-04,10:49:56,0,0,5
2017-06-04,10:49:57,0,0,5
2017-06-04,10:49:58,0,0,5
2017-06-04,10:49:59,0,0,5
2017-06-04,10:50:00,0,0,5
2017-06-04,10:50:01,0,0,5
2017-06-04,10:50:02,0,0,5
2017-06-04,10:50:03,0,0,5
2017-06-04,10:50:04,0,0,5
2017-06-04,10:50:05,0,0,5
2017-06-04,10:50:06,0,0,5
2017-06-04,10:50:07,0,0,5
2017-06-04,10:50:08,0,0,5
2017-06-04,10:50:09,0,0,5
2017-06-04,10:50:10,0,0,5
2017-06-04,10:50:11,0,0,5
2017-06-04,10:50:12,0,0,5
2017-06-04,10:50:13,0,0,5
2017-06-04,10:50:14,0,0,5
2017-06-04,10:50:15,0,0,5
2017-06-04,10:50:16,0,0,5
2017-06-04,10:50:17,0,0,5
2017-06-04,10:50:18,0,0,5
2017-06-04,10:50:19,0,0,5
2017-06-04,10:50:20,0,0,5
2017-06-04,10:50:21,0,0,5
2017-06-04,10:50:22,0,0,5
2017-06-04,10:50:23,0,0,5
2017-06-04,10:50:24,0,0,5
2017-06-04,10:50:25,0,0,5
2017-06-04,10:50:26,0,0,5
2017-06-04,10:50:27,0,0,5
2017-06-04,10:50:28,0,0,5
2017-06-04,10:50:29,0,0,5
2017-06-04,10:50:30,0,0,5
2017-06-04,10:50:31,0,0,5
2017-06-04,10:50:32,0,0,5
2017-06-04,10:50:33,0,0,5
2017-06-04,10:50:34,0,0,5
2017-06-04,10:50:35,0,0,5
2017-06-04,10:50:36,0,0,5
2017-06-04,10:50:37,0,0,5
2017-06-04,10:50:38,0,0,5
2017-06-04,10:50:39,0,0,5
2017-06-04,10:50:40,0,0,5
2017-06-04,10:50:41,0,0,5
2017-06-04,10:50:42,0,0,5
2017-06-04,10:50:43,0,0,5
2017-06-04,10:50:44,0,0,5
2017-06-04,10:50:45,0,0,5
2017-06-04,10:50:46,0,0,5
2017-06-04,10:50:47,0,0,5
2017-06-04,10:50:48,0,0,5
2017-06-04,10:50:49,0,0,5
2017-06-04,10:50:50,0,0,5
2017-06-04,10:50:51,0,0,5
2017-06-04,10:50:52,0,0,5
2017-06-04,10:50:53,0,0,5
2017-06-04,10:50:54,0,0,5
2017-06-04,10:50:55,0,0,5
2017-06-04,10:50:56,0,0,5
2017-06-04,10:50:57,0,0,5
2017-06-04,10:50:58,0,0,5
2017-06-04,10:50:59,0,0,5
2017-06-04,10:51:00,0,0,5
2017-06-04,10:51:01,0,0,5
2017-06-04,10:51:02,0,0,5
2017-06-04,10:51:03,0,0,5
2017-06-04,10:51:04,0,0,5
2017-06-04,10:51:05,0,0,5
2017-06-04,10:51:06,0,0,5
2017-06-04,10:51:07,0,0,5
2017-06-04,10:51:08,0,0,5
2017-06-04,10:51:09,0,0,5
2017-06-04,10:51:10,0,0,5
2017-06-04,10:51:11,0,0,5
2017-06-04,10:51:12,0,0,5
2017-06-04,10:51:13,0,0,5
2017-06-04,10:51:14,0,0,5
2017-06-04,10:51:15,0,0,5
2017-06-04,10:51:16,0,0,5
2017-06-04,10:51:17,0,0,5
2017-06-04,10:51:18,0,0,5
2017-06-04,10:51:19,0,0,5
2017-06-04,10:51:20,0,0,5
2017-06-04,10:51:21,0,0,5
2017-06-04,10:51:22,0,0,5
2017-06-04,10:51:23,0,0,5
2017-06-04,10:51:24,0,0,5
2017-06-04,10:51:25,0,0,5
2017-06-04,10:51:26,0,0,5
2017-06-04,10:51:27,0,0,5
2017-06-04,10:51:28,0,0,5
2017-06-04,10:51:29,0,0,5
2017-06-04,10:51:30,0,0,5
2017-06-04,10:51:31,0,0,5
2017-06-04,10:51:32,0,0,5
2017-06-04,10:51:33,0,0,5
2017-06-04,10:51:34,0,0,5
2017-06-04,10:51:35,0,0,5
2017-06-04,10:51:36,0,0,5
2017-06-04,10:51:37,0,0,5
2017-06-04,10:51:38,0,0,5
2017-06-04,10:51:39,0,0,5
2017-06-04,10:51:40,0,0,5
2017-06-04,10:51:41,0,0,5
2017-06-04,10:51:42,0,0,5
2017-06-04,10:51:43,0,0,5
2017-06-04,10:51:44,0,0,5
2017-06-04,10:51:45,0,0,5
2017-06-04,10:51:46,0,0,5
2017-06-04,10:51:47,0,0,5
2017-06-04,10:51:48,0,0,5
2017-06-04,10:51:49,0,0,5
2017-06-04,10:51:50,0,0,5
2017-06-04,10:51:51,0,0,5
2017-06-04,10:51:52,0,0,5
2017-06-04,10:51:53,0,0,5
2017-06-04,10:51:54,0,0,5
2017-06-04,10:51:55,0,0,5
2017-06-04,10:51:56,0,0,5
2017-06-04,10:51:57,0,0,5
2017-06-04,10:51:58,0,0,5
2017-06-04,10:51:59,0,0,5
2017-06-04,10:52:00,0,0,5
2017-06-04,10:52:01,0,0,5
2017-06-04,10:52:02,0,0,5
2017-06-04,10:52:03,0,0,5
2017-06-04,10:52:04,0,0,5
2017-06-04,10:52:05,0,0,5
2017-06-04,10:52:06,0,0,5
2017-06-04,10:52:07,0,0,5
2017-06-04,10:52:08,0,0,5
2017-06-04,10:52:09,0,0,5
2017-06-04,10:52:10,0,0,5
2017-06-04,10:52:11,0,0,5
2017-06-04,10:52:12,0,0,5
2017-06-04,10:52:13,0,0,5
2017-06-04,10:52:14,0,0,5
2017-06-04,10:52:15,0,0,5
2017-06-04,10:52:16,0,0,5
2017-06-04,10:52:17,0,0,5
2017-06-04,10:52:18,0,0,5
2017-06-04,10:52:19,0,0,5
2017-06-04,10:52:20,0,0,5
2017-06-04,10:52:21,0,0,5
2017-06-04,10:52:22,0,0,5
2017-06-04,10:52:23,0,0,5
2017-06-04,10:52:24,0,0,5
2017-06-04,10:52:25,0,0,5
2017-06-04,10:52:26,1191,0,5
2017-06-04,10:52:27,1672,0,5
2017-06-04,10:52:28,2649,0,5
2017-06-04,10:52:29,2748,0,5
2017-06-04,10:52:30,3356,0,5
2017-06-04,10:52:31,0,0,5
2017-06-04,10:52:32,0,0,5
2017-06-04,10:52:33,0,0,5
2017-06-04,10:52:34,0,0,5
2017-06-04,10:52:35,0,0,5
2017-06-04,10:52:36,0,0,5
2017-06-04,10:52:37,0,0,5
2017-06-04,10:52:38,0,0,5
2017-06-04,10:52:39,0,0,5
2017-06-04,10:52:40,0,0,5
2017-06-04,10:52:41,0,0,5
2017-06-04,10:52:42,0,0,5
2017-06-04,10:52:43,0,0,5
2017-06-04,10:52:44,0,0,5
2017-06-04,10:52:45,0,0,5
2017-06-04,10:52:46,0,0,5
2017-06-04,10:52:47,0,0,5
2017-06-04,10:52:48,0,0,5
2017-06-04,10:52:49,0,0,5
2017-06-04,10:52:50,0,0,5
2017-06-04,10:52:51,0,0,5
2017-06-04,10:52:52,0,0,5
2017-06-04,10:52:53,0,0,5
2017-06-04,10:52:54,0,0,5
2017-06-04,10:52:55,0,0,5
2017-06-04,10:52:56,0,0,5
2017-06-04,10:52:57,0,0,5
2017-06-04,10:52:58,0,0,5
2017-06-04,10:52:59,0,0,5
2017-06-04,10:53:00,0,0,5
2017-06-04,10:53:01,0,0,5
2017-06-04,10:53:02,0,0,5
2017-06-04,10:53:03,0,0,5
2017-06-04,10:53:04,0,0,5
2017-06-04,10:53:05,0,0,5
2017-06-04,10:53:06,0,0,5
2017-06-04,10:53:07,0,0,5
2017-06-04,10:53:08,0,0,5
2017-06-04,10:53:09,0,0,5
2017-06-04,10:53:10,0,0,5
2017-06-04,10:53:11,0,0,5
2017-06-04,10:53:12,0,0,5
2017-06-04,10:53:13,0,0,5
2017-06-04,10:53:14,0,0,5
2017-06-04,10:53:15,0,0,5
2017-06-04,10:53:16,0,0,5
2017-06-04,10:53:17,0,0,5
2017-06-04,10:53:18,0,0,5
2017-06-04,10:53:19,0,0,5
2017-06-04,10:53:20,0,0,5
2017-06-04,10:53:21,0,0,5
2017-06-04,10:53:22,0,0,5
2017-06-04,10:53:23,0,0,5
2017-06-04,10:53:24,0,0,5
2017-06-04,10:53:25,0,0,5
2017-06-04,10:53:26,0,0,5
2017-06-04,10:53:27,0,0,5
2017-06-04,10:53:28,0,0,5
2017-06-04,10:53:29,0,0,5
2017-06-04,10:53:30,0,0,5
2017-06-04,10:53:31,0,0,5
2017-06-04,10:53:32,0,0,5
2017-06-04,10:53:33,0,0,5
2017-06-04,10:53:34,0,0,5
2017-06-04,10:53:35,0,0,5
2017-06-04,10:53:36,0,0,5
2017-06-04,10:53:37,0,0,5
2017-06-04,10:53:38,0,0,5
2017-06-04,10:53:39,0,0,5
2017-06-04,10:53:40,0,0,5
2017-06-04,10:53:41,0,0,5
2017-06-04,10:53:42,0,0,5
2017-06-04,10:53:43,0,0,5
2017-06-04,10:53:44,0,0,5
2017-06-04,10:53:45,0,0,5
2017-06-04,10:53:46,0,0,5
2017-06-04,10:53:47,0,0,5
2017-06-04,10:53:48,0,0,5
2017-06-04,10:53:49,0,0,5
2017-06-04,10:53:50,0,0,5
2017-06-04,10:53:51,0,0,5
2017-06-04,10:53:52,0,0,5
2017-06-04,10:53:53,0,0,5
2017-06-04,10:53:54,0,0,5
2017-06-04,10:53:55,0,0,5
2017-06-04,10:53:56,0,0,5
2017-06-04,10:53:57,0,0,5
2017-06-04,10:53:58,0,0,5
2017-06-04,10:53:59,0,0,5
2017-06-04,10:54:00,0,0,5
2017-06-04,10:54:01,0,0,5
2017-06-04,10:54:02,0,0,5
2017-06-04,10:54:03,0,0,5
2017-06-04,10:54:04,0,0,5
2017-06-04,10:54:05,0,0,5
2017-06-04,10:54:06,0,0,5
2017-06-04,10:54:07,0,0,5
2017-06-04,10:54:08,0,0,5
2017-06-04,10:54:09,0,0,5
2017-06-04,10:54:10,0,0,5
2017-06-04,10:54:11,0,0,5
2017-06-04,10:54:12,0,0,5
2017-06-04,10:54:13,0,0,5
2017-06-04,10:54:14,0,0,5
2017-06-04,10:54:15,0,0,5
2017-06-04,10:54:16,0,0,5
2017-06-04,10:54:17,0,0,5
2017-06-04,10:54:18,0,0,5
2017-06-04,10:54:19,0,0,5
2017-06-04,10:54:20,0,0,5
2017-06-04,10:54:21,0,0,5
2017-06-04,10:54:22,0,0,5
2017-06-04,10:54:23,0,0,5
2017-06-04,10:54:24,0,0,5
2017-06-04,10:54:25,0,0,5
2017-06-04,10:54:26,0,0,5
2017-06-04,10:54:27,0,0,5
2017-06-04,10:54:28,0,0,5
2017-06-04,10:54:29,0,0,5
2017-06-04,10:54:30,0,0,5
2017-06-04,10:54:31,0,0,5
2017-06-04,10:54:32,0,0,5
2017-06-04,10:54:33,0,0,5
2017-06-04,10:54:34,0,0,5
2017-06-04,10:54:35,0,0,5
2017-06-04,10:54:36,0,0,5
2017-06-04,10:54:37,0,0,5
2017-06-04,10:54:38,0,0,5
2017-06-04,10:54:39,0,0,5
2017-06-04,10:54:40,0,0,5
2017-06-04,10:54:41,0,0,5
2017-06-04,10:54:42,0,0,5
2017-06-04,10:54:43,0,0,5
2017-06-04,10:54:44,0,0,5
2017-06-04,10:54:45,0,0,5
2017-06-04,10:54:46,0,0,5
2017-06-04,10:54:47,0,0,5
2017-06-04,10:54:48,0,0,5
2017-06-04,10:54:49,0,0,5
2017-06-04,10:54:50,0,0,5
2017-06-04,10:54:51,0,0,5
2017-06-04,10:54:52,0,0,5
2017-06-04,10:54:53,0,0,5
2017-06-04,10:54:54,0,0,5
2017-06-04,10:54:55,0,0,5
2017-06-04,10:54:56,0,0,5
2017-06-04,10:54:57,0,0,5
2017-06-04,10:54:58,0,0,5
2017-06-04,10:54:59,0,0,5
2017-06-04,10:55:00,0,0,5
2017-06-04,10:55:01,0,0,5
2017-06-04,10:55:02,0,0,5
2017-06-04,10:55:03,0,0,5
2017-06-04,10:55:04,0,0,5
2017-06-04,10:55:05,0,0,5
2017-06-04,10:55:06,0,0,5
2017-06-04,10:55:07,0,0,5
2017-06-04,10:55:08,0,0,5
2017-06-04,10:55:09,0,0,5
2017-06-04,10:55:10,0,0,5
2017-06-04,10:55:11,0,0,5
2017-06-04,10:55:12,0,0,5
2017-06-04,10:55:13,0,0,5
2017-06-04,10:55:14,0,0,5
2017-06-04,10:55:15,0,0,5
2017-06-04,10:55:16,0,0,5
2017-06-04,10:55:17,0,0,5
2017-06-04,10:55:18,0,0,5
2017-06-04,10:55:19,0,0,5
2017-06-04,10:55:20,0,0,5
2017-06-04,10:55:21,0,0,5
2017-06-04,10:55:22,0,0,5
2017-06-04,10:55:23,0,0,5
2017-06-04,10:55:24,0,0,5
2017-06-04,10:55:25,0,0,5
2017-06-04,10:55:26,0,0,5
2017-06-04,10:55:27,0,0,5
2017-06-04,10:55:28,0,0,5
2017-06-04,10:55:29,0,0,5
2017-06-04,10:55:30,0,0,5
2017-06-04,10:55:31,0,0,6
2017-06-04,10:55:32,0,0,6
2017-06-04,10:55:33,0,0,6
2017-06-04,10:55:34,0,0,6
2017-06-04,10:55:35,0,0,6
2017-06-04,10:55:36,0,0,6
2017-06-04,10:55:37,0,0,6
2017-06-04,10:55:38,0,0,6
2017-06-04,10:55:39,0,0,6
2017-06-04,10:55:40,0,0,6
2017-06-04,10:55:41,0,0,6
2017-06-04,10:55:42,0,0,6
2017-06-04,10:55:43,0,0,6
2017-06-04,10:55:44,0,0,6
2017-06-04,10:55:45,0,0,6
2017-06-04,10:55:46,0,0,6
2017-06-04,10:55:47,0,0,6
2017-06-04,10:55:48,0,0,6
2017-06-04,10:55:49,0,0,6
2017-06-04,10:55:50,0,0,6
2017-06-04,10:55:51,0,0,6
2017-06-04,10:55:52,0,0,6
2017-06-04,10:55:53,0,0,6
2017-06-04,10:55:54,0,0,6
2017-06-04,10:55:55,0,0,6
2017-06-04,10:55:56,0,0,6
2017-06-04,10:55:57,0,0,6
2017-06-04,10:55:58,0,0,6
2017-06-04,10:55:59,0,0,6
2017-06-04,10:56:00,0,0,6
2017-06-04,10:56:01,0,0,6
2017-06-04,10:56:02,0,0,6
2017-06-04,10:56:03,0,0,6
2017-06-04,10:56:04,0,0,6
2017-06-04,10:56:05,0,0,6
2017-06-04,10:56:06,0,0,6
2017-06-04,10:56:07,0,0,6
2017-06-04,10:56:08,0,0,6
2017-06-04,10:56:09,0,0,6
2017-06-04,10:56:10,0,0,6
2017-06-04,10:56:11,0,0,6
2017-06-04,10:56:12,0,0,6
2017-06-04,10:56:13,0,0,6
2017-06-04,10:56:14,0,0,6
2017-06-04,10:56:15,0,0,6
2017-06-04,10:56:16,0,0,6
2017-06-04,10:56:17,0,0,6
2017-06-04,10:56:18,0,0,6
2017-06-04,10:56:19,0,0,6
2017-06-04,10:56:20,0,0,6
2017-06-04,10:56:21,0,0,6
2017-06-04,10:56:22,0,0,6
2017-06-04,10:56:23,0,0,6
2017-06-04,10:56:24,0,0,6
2017-06-04,10:56:25,0,0,6
2017-06-04,10:56:26,0,0,6
2017-06-04,10:56:27,0,0,6
2017-06-04,10:56:28,0,0,6
2017-06-04,10:56:29,0,0,6
2017-06-04,10:56:30,0,1,7
2017-06-04,10:56:31,0,0,7
2017-06-04,10:56:32,0,0,7
2017-06-04,10:56:33,0,0,7
2017-06-04,10:56:34,0,0,7
2017-06-04,10:56:35,0,0,7
2017-06-04,10:56:36,0,0,7
2017-06-04,10:56:37,40543,0,7
2017-06-04,10:56:38,0,0,7
2017-06-04,10:56:39,0,0,7
2017-06-04,10:56:40,0,0,7
2017-06-04,10:56:41,0,0,7
2017-06-04,10:56:42,0,0,7
2017-06-04,10:56:43,0,0,7
2017-06-04,10:56:44,0,0,7
2017-06-04,10:56:45,0,0,7
2017-06-04,10:56:46,0,0,7
2017-06-04,10:56:47,0,0,7
2017-06-04,10:56:48,0,0,7
2017-06-04,10:56:49,0,0,7
2017-06-04,10:56:50,0,0,7
2017-06-04,10:56:51,0,0,7
2017-06-04,10:56:52,0,0,7
2017-06-04,10:56:53,0,0,7
2017-06-04,10:56:54,0,0,7
2017-06-04,10:56:55,0,0,7
2017-06-04,10:56:56,0,0,7
2017-06-04,10:56:57,0,0,7
2017-06-04,10:56:58,0,0,7
2017-06-04,10:56:59,0,0,7
2017-06-04,10:57:00,0,0,7
2017-06-04,10:57:01,0,0,7
2017-06-04,10:57:02,0,0,7
2017-06-04,10:57:03,1078,0,7
2017-06-04,10:57:04,1022,0,7
2017-06-04,10:57:05,0,0,7
2017-06-04,10:57:06,0,0,7
2017-06-04,10:57:07,0,0,7
2017-06-04,10:57:08,0,0,7
2017-06-04,10:57:09,0,0,7
2017-06-04,10:57:10,0,0,7
2017-06-04,10:57:11,0,0,7
2017-06-04,10:57:12,0,0,7
2017-06-04,10:57:13,0,0,7
2017-06-04,10:57:14,0,0,7
2017-06-04,10:57:15,0,0,7
2017-06-04,10:57:16,0,0,7
2017-06-04,10:57:17,0,0,7
2017-06-04,10:57:18,0,0,7
2017-06-04,10:57:19,0,0,7
2017-06-04,10:57:20,0,0,7
2017-06-04,10:57:21,0,0,7
2017-06-04,10:57:22,0,0,7
2017-06-04,10:57:23,0,0,7
2017-06-04,10:57:24,0,0,7
2017-06-04,10:57:25,0,0,7
2017-06-04,10:57:26,0,0,7
2017-06-04,10:57:27,0,0,7
2017-06-04,10:57:28,0,0,7
2017-06-04,10:57:29,0,0,7
2017-06-04,10:57:30,0,0,1
2017-06-04,10:57:31,0,0,1
2017-06-04,10:57:32,0,0,1
2017-06-04,10:57:33,0,0,1
2017-06-04,10:57:34,0,0,1
2017-06-04,10:57:35,0,0,1
2017-06-04,10:57:36,0,0,1
2017-06-04,10:57:37,0,0,1
2017-06-04,10:57:38,0,0,1
2017-06-04,10:57:39,0,0,1
2017-06-04,10:57:40,0,0,1
2017-06-04,10:57:41,0,0,1
2017-06-04,10:57:42,0,0,1
2017-06-04,10:57:43,0,0,1
2017-06-04,10:57:44,0,0,1
2017-06-04,10:57:45,0,0,1
2017-06-04,10:57:46,0,0,1
2017-06-04,10:57:47,0,0,1
2017-06-04,10:57:48,0,0,1
2017-06-04,10:57:49,0,0,1
2017-06-04,10:57:50,0,0,1
2017-06-04,10:57:51,0,0,1
2017-06-04,10:57:52,0,0,1
2017-06-04,10:57:53,0,0,1
2017-06-04,10:57:54,0,0,1
2017-06-04,10:57:55,0,0,1
2017-06-04,10:57:56,0,0,1
2017-06-04,10:57:57,0,0,1
2017-06-04,10:57:58,0,0,1
2017-06-04,10:57:59,0,0,1
2017-06-04,10:58:00,0,0,1
2017-06-04,10:58:01,0,0,1
2017-06-04,10:58:02,0,0,1
2017-06-04,10:58:03,0,0,1
2017-06-04,10:58:04,0,0,1
2017-06-04,10:58:05,0,0,1
2017-06-04,10:58:06,0,0,1
2017-06-04,10:58:07,0,0,1
2017-06-04,10:58:08,0,0,1
2017-06-04,10:58:09,0,0,1
2017-06-04,10:58:10,0,0,1
2017-06-04,10:58:11,0,0,1
2017-06-04,10:58:12,0,0,1
2017-06-04,10:58:13,0,0,1
2017-06-04,10:58:14,0,0,1
2017-06-04,10:58:15,0,0,1
2017-06-04,10:58:16,0,0,1
2017-06-04,10:58:17,0,0,1
2017-06-04,10:58:18,0,0,1
2017-06-04,10:58:19,0,0,1
2017-06-04,10:58:20,0,0,1
2017-06-04,10:58:21,2090,0,1
2017-06-04,10:58:22,1795,0,1
2017-06-04,10:58:23,0,0,1
2017-06-04,10:58:24,0,0,1
2017-06-04,10:58:25,0,0,1
2017-06-04,10:58:26,0,0,1
2017-06-04,10:58:27,0,0,1
2017-06-04,10:58:28,0,0,1
2017-06-04,10:58:29,0,0,1
2017-06-04,10:58:30,0,0,2
2017-06-04,10:58:31,0,0,2
2017-06-04,10:58:32,0,0,2
2017-06-04,10:58:33,0,0,2
2017-06-04,10:58:34,0,0,2
2017-06-04,10:58:35,0,0,2
2017-06-04,10:58:36,0,0,2
2017-06-04,10:58:37,0,0,2
2017-06-04,10:58:38,0,0,2
2017-06-04,10:58:39,0,0,2
2017-06-04,10:58:40,0,0,2
2017-06-04,10:58:41,0,0,2
2017-06-04,10:58:42,0,0,2
2017-06-04,10:58:43,0,0,2
2017-06-04,10:58:44,0,0,2
2017-06-04,10:58:45,0,0,2
2017-06-04,10:58:46,0,0,2
2017-06-04,10:58:47,0,0,2
2017-06-04,10:58:48,0,0,2
2017-06-04,10:58:49,0,0,2
2017-06-04,10:58:50,0,0,2
2017-06-04,10:58:51,0,0,2
2017-06-04,10:58:52,0,0,2
2017-06-04,10:58:53,0,0,2
2017-06-04,10:58:54,0,0,2
2017-06-04,10:58:55,0,0,2
2017-06-04,10:58:56,0,0,2
2017-06-04,10:58:57,0,0,2
2017-06-04,10:58:58,0,0,2
2017-06-04,10:58:59,0,0,2
2017-06-04,10:59:00,0,0,2
2017-06-04,10:59:01,0,0,2
2017-06-04,10:59:02,0,0,2
2017-06-04,10:59:03,0,0,2
2017-06-04,10:59:04,0,0,2
2017-06-04,10:59:05,0,0,2
2017-06-04,10:59:06,0,0,2
2017-06-04,10:59:07,0,0,2
2017-06-04,10:59:08,0,0,2
2017-06-04,10:59:09,0,0,2
2017-06-04,10:59:10,0,0,2
2017-06-04,10:59:11,0,0,2
2017-06-04,10:59:12,0,0,2
2017-06-04,10:59:13,0,0,2
2017-06-04,10:59:14,0,0,2
2017-06-04,10:59:15,0,0,2
2017-06-04,10:59:16,0,0,2
2017-06-04,10:59:17,0,0,2
2017-06-04,10:59:18,0,0,2
2017-06-04,10:59:19,0,0,2
2017-06-04,10:59:20,0,0,2
2017-06-04,10:59:21,0,0,2
2017-06-04,10:59:22,0,0,2
2017-06-04,10:59:23,0,0,2
2017-06-04,10:59:24,0,0,2
2017-06-04,10:59:25,0,0,2
2017-06-04,10:59:26,0,0,2
2017-06-04,10:59:27,0,0,2
2017-06-04,10:59:28,0,0,2
2017-06-04,10:59:29,0,0,2
2017-06-04,10:59:30,0,0,3
2017-06-04,10:59:31,0,0,3
2017-06-04,10:59:32,0,0,3
2017-06-04,10:59:33,0,0,3
2017-06-04,10:59:34,0,0,3
2017-06-04,10:59:35,0,0,3
2017-06-04,10:59:36,0,0,3
2017-06-04,10:59:37,0,0,3
2017-06-04,10:59:38,0,0,3
2017-06-04,10:59:39,0,0,3
2017-06-04,10:59:40,0,0,3
2017-06-04,10:59:41,0,0,3
2017-06-04,10:59:42,0,0,3
2017-06-04,10:59:43,0,0,3
2017-06-04,10:59:44,0,0,3
2017-06-04,10:59:45,0,0,3
2017-06-04,10:59:46,0,0,3
2017-06-04,10:59:47,0,0,3
2017-06-04,10:59:48,0,0,3
2017-06-04,10:59:49,0,0,3
2017-06-04,10:59:50,0,0,3
2017-06-04,10:59:51,0,0,3
2017-06-04,10:59:52,0,0,3
2017-06-04,10:59:53,0,0,3
2017-06-04,10:59:54,0,0,3
2017-06-04,10:59:55,0,0,3
2017-06-04,10:59:56,0,0,3
2017-06-04,10:59:57,0,0,3
2017-06-04,10:59:58,0,0,3
2017-06-04,10:59:59,0,0,3
2017-06-04,11:00:00,40544,0,3
2017-06-04,11:00:01,0,0,3
2017-06-04,11:00:02,0,0,3
2017-06-04,11:00:03,0,0,3
2017-06-04,11:00:04,0,0,3
2017-06-04,11:00:05,0,0,3
2017-06-04,11:00:06,0,0,3
2017-06-04,11:00:07,0,0,3
2017-06-04,11:00:08,0,0,3
2017-06-04,11:00:09,0,0,3
2017-06-04,11:00:10,0,0,3
2017-06-04,11:00:11,0,0,3
2017-06-04,11:00:12,0,0,3
2017-06-04,11:00:13,0,0,3
2017-06-04,11:00:14,0,0,3
2017-06-04,11:00:15,0,0,3
2017-06-04,11:00:16,0,0,3
2017-06-04,11:00:17,0,0,3
2017-06-04,11:00:18,0,0,3
2017-06-04,11:00:19,0,0,3
2017-06-04,11:00:20,0,0,3
2017-06-04,11:00:21,0,0,3
2017-06-04,11:00:22,0,0,3
2017-06-04,11:00:23,0,0,3
2017-06-04,11:00:24,0,0,3
2017-06-04,11:00:25,0,0,3
2017-06-04,11:00:26,0,0,3
2017-06-04,11:00:27,0,0,3
2017-06-04,11:00:28,0,0,3
2017-06-04,11:00:29,0,0,3
2017-06-04,11:00:30,0,0,4
2017-06-04,11:00:31,0,0,4
2017-06-04,11:00:32,0,0,4
2017-06-04,11:00:33,0,0,4
2017-06-04,11:00:34,0,0,4
2017-06-04,11:00:35,0,0,4
2017-06-04,11:00:36,0,0,4
2017-06-04,11:00:37,0,0,4
2017-06-04,11:00:38,0,0,4
2017-06-04,11:00:39,0,0,4
2017-06-04,11:00:40,0,0,4
2017-06-04,11:00:41,0,0,4
2017-06-04,11:00:42,0,0,4
2017-06-04,11:00:43,0,0,4
2017-06-04,11:00:44,0,0,4
2017-06-04,11:00:45,0,0,4
2017-06-04,11:00:46,0,0,4
2017-06-04,11:00:47,0,0,4
2017-06-04,11:00:48,0,0,4
2017-06-04,11:00:49,0,0,4
2017-06-04,11:00:50,0,0,4
2017-06-04,11:00:51,0,0,4
2017-06-04,11:00:52,0,0,4
2017-06-04,11:00:53,0,0,4
2017-06-04,11:00:54,0,0,4
2017-06-04,11:00:55,0,0,4
2017-06-04,11:00:56,0,0,4
2017-06-04,11:00:57,0,0,4
2017-06-04,11:00:58,0,0,4
2017-06-04,11:00:59,0,0,4
2017-06-04,11:01:00,0,0,4
2017-06-04,11:01:01,0,0,4
2017-06-04,11:01:02,0,0,4
2017-06-04,11:01:03,0,0,4
2017-06-04,11:01:04,0,0,4
2017-06-04,11:01:05,0,0,4
2017-06-04,11:01:06,0,0,4
2017-06-04,11:01:07,0,0,4
2017-06-04,11:01:08,0,0,4
2017-06-04,11:01:09,0,0,4
2017-06-04,11:01:10,0,0,4
2017-06-04,11:01:11,0,0,4
2017-06-04,11:01:12,0,0,4
2017-06-04,11:01:13,0,0,4
2017-06-04,11:01:14,0,0,4
2017-06-04,11:01:15,0,0,4
2017-06-04,11:01:16,0,0,4
2017-06-04,11:01:17,0,0,4
2017-06-04,11:01:18,0,0,4
2017-06-04,11:01:19,0,0,4
2017-06-04,11:01:20,0,0,4
2017-06-04,11:01:21,0,0,4
2017-06-04,11:01:22,0,0,4
2017-06-04,11:01:23,0,0,4
2017-06-04,11:01:24,0,0,4
2017-06-04,11:01:25,0,0,4
2017-06-04,11:01:26,0,0,4
2017-06-04,11:01:27,0,0,4
2017-06-04,11:01:28,0,0,4
2017-06-04,11:01:29,0,0,4
2017-06-04,11:01:30,0,0,5
2017-06-04,11:01:31,0,0,5
2017-06-04,11:01:32,0,0,5
2017-06-04,11:01:33,0,0,5
2017-06-04,11:01:34,0,0,5
2017-06-04,11:01:35,0,0,5
2017-06-04,11:01:36,0,0,5
2017-06-04,11:01:37,0,0,5
2017-06-04,11:01:38,0,0,5
2017-06-04,11:01:39,0,0,5
2017-06-04,11:01:40,0,0,5
2017-06-04,11:01:41,0,0,5
2017-06-04,11:01:42,0,0,5
2017-06-04,11:01:43,0,0,5
2017-06-04,11:01:44,0,0,5
2017-06-04,11:01:45,0,0,5
2017-06-04,11:01:46,0,0,5
2017-06-04,11:01:47,0,0,5
2017-06-04,11:01:48,0,0,5
2017-06-04,11:01:49,0,0,5
2017-06-04,11:01:50,0,0,5
2017-06-04,11:01:51,0,0,5
2017-06-04,11:01:52,0,0,5
2017-06-04,11:01:53,0,0,5
2017-06-04,11:01:54,0,0,5
2017-06-04,11:01:55,0,0,5
2017-06-04,11:01:56,0,0,5
2017-06-04,11:01:57,0,0,5
2017-06-04,11:01:58,0,0,5
2017-06-04,11:01:59,0,0,5
2017-06-04,11:02:00,0,0,5
2017-06-04,11:02:01,0,0,5
2017-06-04,11:02:02,0,0,5
2017-06-04,11:02:03,0,0,5
2017-06-04,11:02:04,0,0,5
2017-06-04,11:02:05,0,0,5
2017-06-04,11:02:06,0,0,5
2017-06-04,11:02:07,0,0,5
2017-06-04,11:02:08,0,0,5
2017-06-04,11:02:09,0,0,5
2017-06-04,11:02:10,0,0,5
2017-06-04,11:02:11,0,0,5
2017-06-04,11:02:12,0,0,5
2017-06-04,11:02:13,0,0,5
2017-06-04,11:02:14,0,0,5
2017-06-04,11:02:15,0,0,5
2017-06-04,11:02:16,0,0,5
2017-06-04,11:02:17,0,0,5
2017-06-04,11:02:18,0,0,5
2017-06-04,11:02:19,0,0,5
2017-06-04,11:02:20,0,0,5
2017-06-04,11:02:21,0,0,5
2017-06-04,11:02:22,0,0,5
2017-06-04,11:02:23,0,0,5
2017-06-04,11:02:24,0,0,5
2017-06-04,11:02:25,0,0,5
2017-06-04,11:02:26,0,0,5
2017-06-04,11:02:27,0,0,5
2017-06-04,11:02:28,0,0,5
2017-06-04,11:02:29,0,0,5
2017-06-04,11:02:30,0,0,6
2017-06-04,11:02:31,0,0,6
2017-06-04,11:02:32,0,0,6
2017-06-04,11:02:33,0,0,6
2017-06-04,11:02:34,0,0,6
2017-06-04,11:02:35,0,0,6
2017-06-04,11:02:36,0,0,6
2017-06-04,11:02:37,0,0,6
2017-06-04,11:02:38,0,0,6
2017-06-04,11:02:39,0,0,6
2017-06-04,11:02:40,0,0,6
2017-06-04,11:02:41,0,0,6
2017-06-04,11:02:42,0,0,6
2017-06-04,11:02:43,0,0,6
2017-06-04,11:02:44,0,0,6
2017-06-04,11:02:45,0,0,6
2017-06-04,11:02:46,0,0,6
2017-06-04,11:02:47,0,0,6
2017-06-04,11:02:48,0,0,6
2017-06-04,11:02:49,0,0,6
2017-06-04,11:02:50,0,0,6
2017-06-04,11:02:51,0,0,6
2017-06-04,11:02:52,0,0,6
2017-06-04,11:02:53,0,0,6
2017-06-04,11:02:54,0,0,6
2017-06-04,11:02:55,0,0,6
2017-06-04,11:02:56,0,0,6
2017-06-04,11:02:57,0,0,6
2017-06-04,11:02:58,0,0,6
2017-06-04,11:02:59,0,0,6
2017-06-04,11:03:00,0,0,6
2017-06-04,11:03:01,0,0,6
2017-06-04,11:03:02,0,0,6
2017-06-04,11:03:03,0,0,6
2017-06-04,11:03:04,1887,0,6
2017-06-04,11:03:05,2059,0,6
2017-06-04,11:03:06,1967,0,6
2017-06-04,11:03:07,1269,0,6
2017-06-04,11:03:08,0,0,6
2017-06-04,11:03:09,0,0,6
2017-06-04,11:03:10,1231,0,6
2017-06-04,11:03:11,1589,0,6
2017-06-04,11:03:12,1748,0,6
2017-06-04,11:03:13,2237,0,6
2017-06-04,11:03:14,7327,0,6
2017-06-04,11:03:15,7635,0,6
2017-06-04,11:03:16,7701,0,6
2017-06-04,11:03:17,6747,0,6
2017-06-04,11:03:18,5736,0,6
2017-06-04,11:03:19,5791,0,6
2017-06-04,11:03:20,5748,0,6
2017-06-04,11:03:21,6587,0,6
2017-06-04,11:03:22,5986,0,6
2017-06-04,11:03:23,5736,0,6
2017-06-04,11:03:24,16445,0,6
2017-06-04,11:03:25,0,0,6
2017-06-04,11:03:26,0,0,6
2017-06-04,11:03:27,0,0,6
2017-06-04,11:03:28,0,0,6
2017-06-04,11:03:29,0,0,6
2017-06-04,11:03:30,0,0,7
2017-06-04,11:03:31,0,0,7
2017-06-04,11:03:32,0,0,7
2017-06-04,11:03:33,0,0,7
2017-06-04,11:03:34,0,0,7
2017-06-04,11:03:35,0,0,7
2017-06-04,11:03:36,0,0,7
2017-06-04,11:03:37,0,0,7
2017-06-04,11:03:38,2674,1,7
2017-06-04,11:03:39,3945,0,7
2017-06-04,11:03:40,3926,0,7
2017-06-04,11:03:41,3914,0,7
2017-06-04,11:03:42,2866,0,7
2017-06-04,11:03:43,5971,0,7
2017-06-04,11:03:44,8071,0,7
2017-06-04,11:03:45,7157,0,7
2017-06-04,11:03:46,6600,0,7
2017-06-04,11:03:47,5154,0,7
2017-06-04,11:03:48,5167,0,7
2017-06-04,11:03:49,5513,0,7
2017-06-04,11:03:50,6265,0,7
2017-06-04,11:03:51,5813,0,7
2017-06-04,11:03:52,7593,0,7
2017-06-04,11:03:53,7106,1,8
2017-06-04,11:03:54,3899,0,8
2017-06-04,11:03:55,2268,0,8
2017-06-04,11:03:56,2773,0,8
2017-06-04,11:03:57,3855,0,8
2017-06-04,11:03:58,1707,0,8
2017-06-04,11:03:59,1110,0,8
2017-06-04,11:04:00,1101,0,8
2017-06-04,11:04:01,1542,0,8
2017-06-04,11:04:02,1893,0,8
2017-06-04,11:04:03,2509,0,8
2017-06-04,11:04:04,5147,0,8
2017-06-04,11:04:05,4898,0,8
2017-06-04,11:04:06,3980,0,8
2017-06-04,11:04:07,2217,0,8
2017-06-04,11:04:08,1485,0,8
2017-06-04,11:04:09,3848,0,8
2017-06-04,11:04:10,5400,0,8
2017-06-04,11:04:11,4278,0,8
2017-06-04,11:04:12,3577,0,8
2017-06-04,11:04:13,4015,0,8
2017-06-04,11:04:14,4717,0,8
2017-06-04,11:04:15,7033,0,8
2017-06-04,11:04:16,4879,0,8
2017-06-04,11:04:17,5333,0,8
2017-06-04,11:04:18,4656,1,3
2017-06-04,11:04:19,4030,0,3
2017-06-04,11:04:20,2713,0,3
2017-06-04,11:04:21,4280,0,3
2017-06-04,11:04:22,5427,0,3
2017-06-04,11:04:23,7878,0,3
2017-06-04,11:04:24,7493,0,3
2017-06-04,11:04:25,5916,0,3
2017-06-04,11:04:26,5190,0,3
2017-06-04,11:04:27,6113,0,3
2017-06-04,11:04:28,5269,0,3
2017-06-04,11:04:29,6082,0,3
2017-06-04,11:04:30,7269,0,3
2017-06-04,11:04:31,6082,0,3
2017-06-04,11:04:32,3783,1,6
2017-06-04,11:04:33,2169,0,6
2017-06-04,11:04:34,2730,0,6
2017-06-04,11:04:35,3715,0,6
2017-06-04,11:04:36,2687,1,2
2017-06-04,11:04:37,0,0,2
2017-06-04,11:04:38,40542,0,2
2017-06-04,11:04:39,0,0,2
2017-06-04,11:04:40,0,0,2
2017-06-04,11:04:41,0,0,2
2017-06-04,11:04:42,0,0,2
2017-06-04,11:04:43,0,0,2
2017-06-04,11:04:44,0,0,2
2017-06-04,11:04:45,0,0,2
2017-06-04,11:04:46,0,0,2
2017-06-04,11:04:47,0,0,2
2017-06-04,11:04:48,0,1,3
2017-06-04,11:04:49,0,0,3
2017-06-04,11:04:50,0,0,3
2017-06-04,11:04:51,0,0,3
2017-06-04,11:04:52,0,0,3
2017-06-04,11:04:53,0,0,3
2017-06-04,11:04:54,0,0,3
2017-06-04,11:04:55,0,0,3
2017-06-04,11:04:56,0,0,3
2017-06-04,11:04:57,0,0,3
2017-06-04,11:04:58,0,0,3
2017-06-04,11:04:59,0,0,3
2017-06-04,11:05:00,0,0,3
2017-06-04,11:05:01,0,1,3
2017-06-04,11:05:02,0,0,3
2017-06-04,11:05:03,0,0,3
2017-06-04,11:05:04,0,0,3
2017-06-04,11:05:05,0,0,3
2017-06-04,11:05:06,0,0,3
2017-06-04,11:05:07,0,0,3
2017-06-04,11:05:08,0,0,3
2017-06-04,11:05:09,0,0,3
2017-06-04,11:05:10,0,0,3
2017-06-04,11:05:11,0,0,3
2017-06-04,11:05:12,0,0,3
2017-06-04,11:05:13,0,0,3
2017-06-04,11:05:14,0,0,3
2017-06-04,11:05:15,0,0,3
2017-06-04,11:05:16,0,0,3
2017-06-04,11:05:17,0,0,3
2017-06-04,11:05:18,0,0,3
2017-06-04,11:05:19,0,0,3
2017-06-04,11:05:20,0,0,3
2017-06-04,11:05:21,0,0,3
2017-06-04,11:05:22,0,0,3
2017-06-04,11:05:23,0,0,3
2017-06-04,11:05:24,0,0,3
2017-06-04,11:05:25,0,0,3
2017-06-04,11:05:26,0,0,3
2017-06-04,11:05:27,0,0,3
2017-06-04,11:05:28,0,0,3
2017-06-04,11:05:29,0,0,3
2017-06-04,11:05:30,0,0,3
2017-06-04,11:05:31,0,0,3
2017-06-04,11:05:32,0,0,3
2017-06-04,11:05:33,0,0,3
2017-06-04,11:05:34,0,0,3
2017-06-04,11:05:35,0,0,3
2017-06-04,11:05:36,0,0,3
2017-06-04,11:05:37,0,0,3
2017-06-04,11:05:38,0,0,3
2017-06-04,11:05:39,0,1,7
2017-06-04,11:05:40,0,0,7
2017-06-04,11:05:41,0,0,7
2017-06-04,11:05:42,0,0,7
2017-06-04,11:05:43,0,0,7
2017-06-04,11:05:44,0,0,7
2017-06-04,11:05:45,0,0,7
2017-06-04,11:05:46,0,0,7
2017-06-04,11:05:47,0,0,7
2017-06-04,11:05:48,0,0,7
2017-06-04,11:05:49,0,1,4
2017-06-04,11:05:50,0,0,4
2017-06-04,11:05:51,0,0,4
2017-06-04,11:05:52,0,0,4
2017-06-04,11:05:53,0,0,4
2017-06-04,11:05:54,0,0,4
2017-06-04,11:05:55,0,0,4
2017-06-04,11:05:56,0,0,4
2017-06-04,11:05:57,0,1,7
2017-06-04,11:05:58,0,0,7
2017-06-04,11:05:59,0,0,7
2017-06-04,11:06:00,0,0,7
2017-06-04,11:06:01,0,0,7
2017-06-04,11:06:02,0,0,7
2017-06-04,11:06:03,0,0,7
2017-06-04,11:06:04,0,0,7
2017-06-04,11:06:05,0,0,7
2017-06-04,11:06:06,0,0,7
2017-06-04,11:06:07,0,1,5
2017-06-04,11:06:08,0,0,5
2017-06-04,11:06:09,0,0,5
2017-06-04,11:06:10,0,0,5
2017-06-04,11:06:11,0,0,5
2017-06-04,11:06:12,0,0,5
2017-06-04,11:06:13,0,0,5
2017-06-04,11:06:14,0,0,5
2017-06-04,11:06:15,0,0,5
2017-06-04,11:06:16,0,0,5
2017-06-04,11:06:17,0,0,5
2017-06-04,11:06:18,0,0,5
2017-06-04,11:06:19,0,0,5
2017-06-04,11:06:20,0,0,5
2017-06-04,11:06:21,0,0,5
2017-06-04,11:06:22,0,0,5
2017-06-04,11:06:23,0,0,5
2017-06-04,11:06:24,0,1,4
2017-06-04,11:06:25,0,0,4
2017-06-04,11:06:26,0,0,4
2017-06-04,11:06:27,0,0,4
2017-06-04,11:06:28,0,0,4
2017-06-04,11:06:29,0,0,4
2017-06-04,11:06:30,0,0,4
2017-06-04,11:06:31,0,0,4
2017-06-04,11:06:32,0,0,4
2017-06-04,11:06:33,0,0,4
2017-06-04,11:06:34,0,0,4
2017-06-04,11:06:35,0,0,4
2017-06-04,11:06:36,0,0,4
2017-06-04,11:06:37,0,0,4
2017-06-04,11:06:38,0,0,4
2017-06-04,11:06:39,0,0,4
2017-06-04,11:06:40,0,0,4
2017-06-04,11:06:41,0,0,4
2017-06-04,11:06:42,0,0,4
2017-06-04,11:06:43,0,0,4
2017-06-04,11:06:44,0,0,4
2017-06-04,11:06:45,0,0,4
2017-06-04,11:06:46,0,0,4
2017-06-04,11:06:47,0,0,4
2017-06-04,11:06:48,0,0,4
2017-06-04,11:06:49,0,0,4
2017-06-04,11:06:50,0,1,4
2017-06-04,11:06:51,0,0,4
2017-06-04,11:06:52,0,0,4
2017-06-04,11:06:53,0,1,7
2017-06-04,11:06:54,0,0,7
2017-06-04,11:06:55,0,0,7
2017-06-04,11:06:56,0,0,7
2017-06-04,11:06:57,0,0,7
2017-06-04,11:06:58,0,0,7
2017-06-04,11:06:59,0,0,7
2017-06-04,11:07:00,0,0,7
2017-06-04,11:07:01,0,0,7
2017-06-04,11:07:02,0,0,7
2017-06-04,11:07:03,0,0,7
2017-06-04,11:07:04,0,0,7
2017-06-04,11:07:05,0,0,7
2017-06-04,11:07:06,0,1,3
2017-06-04,11:07:07,0,0,3
2017-06-04,11:07:08,0,0,3
2017-06-04,11:07:09,0,0,3
2017-06-04,11:07:10,0,0,3
2017-06-04,11:07:11,0,0,3
2017-06-04,11:07:12,0,0,3
2017-06-04,11:07:13,0,0,3
2017-06-04,11:07:14,0,0,3
2017-06-04,11:07:15,0,0,3
2017-06-04,11:07:16,0,0,3
2017-06-04,11:07:17,0,0,3
2017-06-04,11:07:18,0,0,3
2017-06-04,11:07:19,0,0,3
2017-06-04,11:07:20,0,0,3
2017-06-04,11:07:21,0,0,3
2017-06-04,11:07:22,0,0,3
2017-06-04,11:07:23,0,0,3
2017-06-04,11:07:24,0,0,3
2017-06-04,11:07:25,0,0,3
2017-06-04,11:07:26,0,0,3
2017-06-04,11:07:27,0,0,3
2017-06-04,11:07:28,0,0,3
2017-06-04,11:07:29,0,0,3
2017-06-04,11:07:30,0,0,3
2017-06-04,11:07:31,0,0,3
2017-06-04,11:07:32,0,0,3
2017-06-04,11:07:33,0,0,3
2017-06-04,11:07:34,0,0,3
2017-06-04,11:07:35,0,0,3
2017-06-04,11:07:36,0,0,3
2017-06-04,11:07:37,0,0,3
2017-06-04,11:07:38,0,0,3
2017-06-04,11:07:39,0,0,3
2017-06-04,11:07:40,0,0,3
2017-06-04,11:07:41,0,0,3
2017-06-04,11:07:42,0,0,3
2017-06-04,11:07:43,0,0,3
2017-06-04,11:07:44,0,0,3
2017-06-04,11:07:45,0,0,3
2017-06-04,11:07:46,0,0,3
2017-06-04,11:07:47,0,0,3
2017-06-04,11:07:48,0,0,3
2017-06-04,11:07:49,0,0,3
2017-06-04,11:07:50,0,0,3
2017-06-04,11:07:51,0,0,3
2017-06-04,11:07:52,0,0,3
2017-06-04,11:07:53,0,0,3
2017-06-04,11:07:54,0,0,3
2017-06-04,11:07:55,0,0,3
2017-06-04,11:07:56,0,0,3
2017-06-04,11:07:57,0,0,3
2017-06-04,11:07:58,0,0,3
2017-06-04,11:07:59,0,0,3
2017-06-04,11:08:00,0,0,3
2017-06-04,11:08:01,0,0,3
2017-06-04,11:08:02,0,0,3
2017-06-04,11:08:03,0,0,3
2017-06-04,11:08:04,0,0,3
2017-06-04,11:08:05,0,0,3
2017-06-04,11:08:06,0,0,3
2017-06-04,11:08:07,0,0,3
2017-06-04,11:08:08,0,0,3
2017-06-04,11:08:09,0,0,3
2017-06-04,11:08:10,0,0,3
2017-06-04,11:08:11,0,0,3
2017-06-04,11:08:12,0,0,3
2017-06-04,11:08:13,0,0,3
2017-06-04,11:08:14,0,0,3
2017-06-04,11:08:15,0,0,3
2017-06-04,11:08:16,0,0,3
2017-06-04,11:08:17,0,0,3
2017-06-04,11:08:18,0,0,3
2017-06-04,11:08:19,0,0,3
2017-06-04,11:08:20,0,0,3
2017-06-04,11:08:21,0,0,3
2017-06-04,11:08:22,0,0,3
2017-06-04,11:08:23,0,0,3
2017-06-04,11:08:24,0,0,3
2017-06-04,11:08:25,0,0,3
2017-06-04,11:08:26,0,0,3
2017-06-04,11:08:27,0,0,3
2017-06-04,11:08:28,0,0,3
2017-06-04,11:08:29,0,0,3
2017-06-04,11:08:30,0,0,3
2017-06-04,11:08:31,0,0,3
2017-06-04,11:08:32,0,0,3
2017-06-04,11:08:33,0,0,3
2017-06-04,11:08:34,0,0,3
2017-06-04,11:08:35,0,0,3
2017-06-04,11:08:36,0,0,3
2017-06-04,11:08:37,0,0,3
2017-06-04,11:08:38,0,0,3
2017-06-04,11:08:39,0,0,3
2017-06-04,11:08:40,0,0,3
2017-06-04,11:08:41,0,0,3
2017-06-04,11:08:42,0,0,3
2017-06-04,11:08:43,0,0,3
2017-06-04,11:08:44,0,0,3
2017-06-04,11:08:45,0,0,3
2017-06-04,11:08:46,0,0,3
2017-06-04,11:08:47,0,0,3
2017-06-04,11:08:48,0,0,3
2017-06-04,11:08:49,0,0,3
2017-06-04,11:08:50,0,0,3
2017-06-04,11:08:51,0,0,3
2017-06-04,11:08:52,0,0,3
2017-06-04,11:08:53,0,0,3
2017-06-04,11:08:54,0,0,3
2017-06-04,11:08:55,0,0,3
2017-06-04,11:08:56,0,0,3
2017-06-04,11:08:57,0,0,3
2017-06-04,11:08:58,0,0,3
2017-06-04,11:08:59,0,0,3
2017-06-04,11:09:00,0,0,3
2017-06-04,11:09:01,0,0,3
2017-06-04,11:09:02,0,0,3
2017-06-04,11:09:03,0,0,3
2017-06-04,11:09:04,0,0,3
2017-06-04,11:09:05,0,0,3
2017-06-04,11:09:06,0,0,3
2017-06-04,11:09:07,0,0,3
2017-06-04,11:09:08,0,0,3
2017-06-04,11:09:09,0,0,3
2017-06-04,11:09:10,0,0,3
2017-06-04,11:09:11,0,0,3
2017-06-04,11:09:12,0,0,3
2017-06-04,11:09:13,0,0,3
2017-06-04,11:09:14,0,0,3
2017-06-04,11:09:15,0,0,3
2017-06-04,11:09:16,0,0,3
2017-06-04,11:09:17,0,0,3
2017-06-04,11:09:18,0,0,3
2017-06-04,11:09:19,0,0,3
2017-06-04,11:09:20,0,0,3
2017-06-04,11:09:21,0,0,3
2017-06-04,11:09:22,0,0,3
2017-06-04,11:09:23,0,0,3
2017-06-04,11:09:24,0,0,3
2017-06-04,11:09:25,0,0,3
2017-06-04,11:09:26,0,0,3
2017-06-04,11:09:27,0,0,3
2017-06-04,11:09:28,0,0,3
2017-06-04,11:09:29,0,0,3
2017-06-04,11:09:30,0,0,3
2017-06-04,11:09:31,0,0,3
2017-06-04,11:09:32,0,0,3
2017-06-04,11:09:33,0,0,3
2017-06-04,11:09:34,0,0,3
2017-06-04,11:09:35,0,0,3
2017-06-04,11:09:36,0,0,3
2017-06-04,11:09:37,0,0,3
2017-06-04,11:09:38,0,0,3
2017-06-04,11:09:39,0,0,3
2017-06-04,11:09:40,0,0,3
2017-06-04,11:09:41,0,0,3
2017-06-04,11:09:42,0,0,3
2017-06-04,11:09:43,0,0,3
2017-06-04,11:09:44,0,0,3
2017-06-04,11:09:45,0,0,3
2017-06-04,11:09:46,0,0,3
2017-06-04,11:09:47,0,0,3
2017-06-04,11:09:48,0,0,3
2017-06-04,11:09:49,0,0,3
2017-06-04,11:09:50,0,0,3
2017-06-04,11:09:51,0,0,3
2017-06-04,11:09:52,0,0,3
2017-06-04,11:09:53,0,0,3
2017-06-04,11:09:54,0,0,3
2017-06-04,11:09:55,0,0,3
2017-06-04,11:09:56,0,0,3
2017-06-04,11:09:57,0,0,3
2017-06-04,11:09:58,0,0,3
2017-06-04,11:09:59,0,0,3
2017-06-04,11:10:00,0,0,3
2017-06-04,11:10:01,0,0,3
2017-06-04,11:10:02,0,0,3
2017-06-04,11:10:03,0,0,3
2017-06-04,11:10:04,0,0,3
2017-06-04,11:10:05,0,0,3
2017-06-04,11:10:06,0,0,3
2017-06-04,11:10:07,0,0,3
2017-06-04,11:10:08,0,0,3
2017-06-04,11:10:09,0,0,3
2017-06-04,11:10:10,0,0,3
2017-06-04,11:10:11,0,0,3
2017-06-04,11:10:12,0,0,4
2017-06-04,11:10:13,0,0,4
2017-06-04,11:10:14,0,0,4
2017-06-04,11:10:15,0,0,4
2017-06-04,11:10:16,0,0,4
2017-06-04,11:10:17,0,0,4
2017-06-04,11:10:18,0,0,4
2017-06-04,11:10:19,0,0,4
2017-06-04,11:10:20,0,0,4
2017-06-04,11:10:21,0,0,4
2017-06-04,11:10:22,0,0,4
2017-06-04,11:10:23,0,0,4
2017-06-04,11:10:24,0,0,4
2017-06-04,11:10:25,0,0,4
2017-06-04,11:10:26,0,0,4
2017-06-04,11:10:27,0,0,4
2017-06-04,11:10:28,0,0,4
2017-06-04,11:10:29,0,0,4
2017-06-04,11:10:30,0,0,4
2017-06-04,11:10:31,0,0,4
2017-06-04,11:10:32,0,0,4
2017-06-04,11:10:33,0,0,4
2017-06-04,11:10:34,0,0,4
2017-06-04,11:10:35,0,0,4
2017-06-04,11:10:36,0,0,4
2017-06-04,11:10:37,0,0,4
2017-06-04,11:10:38,0,0,4
2017-06-04,11:10:39,0,0,4
2017-06-04,11:10:40,0,0,4
2017-06-04,11:10:41,0,0,4
2017-06-04,11:10:42,0,0,4
2017-06-04,11:10:43,0,0,4
2017-06-04,11:10:44,0,0,4
2017-06-04,11:10:45,0,0,4
2017-06-04,11:10:46,0,0,4
2017-06-04,11:10:47,0,0,4
2017-06-04,11:10:48,0,0,4
2017-06-04,11:10:49,0,0,4
2017-06-04,11:10:50,0,0,4
2017-06-04,11:10:51,0,0,4
2017-06-04,11:10:52,0,0,4
2017-06-04,11:10:53,0,0,4
2017-06-04,11:10:54,0,0,4
2017-06-04,11:10:55,0,0,4
2017-06-04,11:10:56,0,0,4
2017-06-04,11:10:57,0,0,4
2017-06-04,11:10:58,0,0,4
2017-06-04,11:10:59,0,0,4
2017-06-04,11:11:00,0,0,4
2017-06-04,11:11:01,0,0,4
2017-06-04,11:11:02,0,0,4
2017-06-04,11:11:03,0,0,4
2017-06-04,11:11:04,0,0,4
2017-06-04,11:11:05,0,0,4
2017-06-04,11:11:06,0,0,4
2017-06-04,11:11:07,0,0,4
2017-06-04,11:11:08,0,0,4
2017-06-04,11:11:09,0,0,4
2017-06-04,11:11:10,0,0,4
2017-06-04,11:11:11,0,0,4
2017-06-04,11:11:12,0,0,5
2017-06-04,11:11:13,0,0,5
2017-06-04,11:11:14,0,0,5
2017-06-04,11:11:15,0,0,5
2017-06-04,11:11:16,0,0,5
2017-06-04,11:11:17,0,0,5
2017-06-04,11:11:18,0,0,5
2017-06-04,11:11:19,0,0,5
2017-06-04,11:11:20,0,0,5
2017-06-04,11:11:21,0,0,5
2017-06-04,11:11:22,0,0,5
2017-06-04,11:11:23,0,0,5
2017-06-04,11:11:24,0,0,5
2017-06-04,11:11:25,0,0,5
2017-06-04,11:11:26,0,0,5
2017-06-04,11:11:27,0,0,5
2017-06-04,11:11:28,0,0,5
2017-06-04,11:11:29,0,0,5
2017-06-04,11:11:30,0,0,5
2017-06-04,11:11:31,0,0,5
2017-06-04,11:11:32,0,0,5
2017-06-04,11:11:33,0,0,5
2017-06-04,11:11:34,0,0,5
2017-06-04,11:11:35,0,0,5
2017-06-04,11:11:36,0,0,5
2017-06-04,11:11:37,0,0,5
2017-06-04,11:11:38,0,0,5
2017-06-04,11:11:39,0,0,5
2017-06-04,11:11:40,0,0,5
2017-06-04,11:11:41,0,0,5
2017-06-04,11:11:42,0,0,5
2017-06-04,11:11:43,0,0,5
2017-06-04,11:11:44,0,0,5
2017-06-04,11:11:45,0,0,5
2017-06-04,11:11:46,0,0,5
2017-06-04,11:11:47,0,0,5
2017-06-04,11:11:48,0,0,5
2017-06-04,11:11:49,0,0,5
2017-06-04,11:11:50,0,0,5
2017-06-04,11:11:51,0,0,5
2017-06-04,11:11:52,0,0,5
2017-06-04,11:11:53,0,0,5
2017-06-04,11:11:54,0,0,5
2017-06-04,11:11:55,0,0,5
2017-06-04,11:11:56,0,0,5
2017-06-04,11:11:57,0,0,5
2017-06-04,11:11:58,0,0,5
2017-06-04,11:11:59,0,0,5
2017-06-04,11:12:00,0,0,5
2017-06-04,11:12:01,0,0,5
2017-06-04,11:12:02,0,0,5
2017-06-04,11:12:03,0,0,5
2017-06-04,11:12:04,0,0,5
2017-06-04,11:12:05,0,0,5
2017-06-04,11:12:06,0,0,5
2017-06-04,11:12:07,0,0,5
2017-06-04,11:12:08,0,0,5
2017-06-04,11:12:09,0,0,5
2017-06-04,11:12:10,0,0,5
2017-06-04,11:12:11,0,0,5
2017-06-04,11:12:12,0,0,6
2017-06-04,11:12:13,0,0,6
2017-06-04,11:12:14,0,0,6
2017-06-04,11:12:15,0,0,6
2017-06-04,11:12:16,0,0,6
2017-06-04,11:12:17,0,0,6
2017-06-04,11:12:18,0,0,6
2017-06-04,11:12:19,0,0,6
2017-06-04,11:12:20,0,0,6
2017-06-04,11:12:21,0,0,6
2017-06-04,11:12:22,0,0,6
2017-06-04,11:12:23,0,0,6
2017-06-04,11:12:24,0,0,6
2017-06-04,11:12:25,0,0,6
2017-06-04,11:12:26,0,0,6
2017-06-04,11:12:27,0,0,6
2017-06-04,11:12:28,0,0,6
2017-06-04,11:12:29,0,0,6
2017-06-04,11:12:30,0,0,6
2017-06-04,11:12:31,0,0,6
2017-06-04,11:12:32,0,0,6
2017-06-04,11:12:33,0,0,6
2017-06-04,11:12:34,0,0,6
2017-06-04,11:12:35,0,0,6
2017-06-04,11:12:36,0,0,6
2017-06-04,11:12:37,0,0,6
2017-06-04,11:12:38,0,0,6
2017-06-04,11:12:39,0,0,6
2017-06-04,11:12:40,0,0,6
2017-06-04,11:12:41,0,0,6
2017-06-04,11:12:42,0,0,6
2017-06-04,11:12:43,0,0,6
2017-06-04,11:12:44,0,0,6
2017-06-04,11:12:45,0,0,6
2017-06-04,11:12:46,0,0,6
2017-06-04,11:12:47,0,0,6
2017-06-04,11:12:48,0,0,6
2017-06-04,11:12:49,0,0,6
2017-06-04,11:12:50,0,0,6
2017-06-04,11:12:51,0,0,6
2017-06-04,11:12:52,0,0,6
2017-06-04,11:12:53,0,0,6
2017-06-04,11:12:54,0,0,6
2017-06-04,11:12:55,0,0,6
2017-06-04,11:12:56,0,0,6
2017-06-04,11:12:57,0,0,6
2017-06-04,11:12:58,0,0,6
2017-06-04,11:12:59,0,0,6
2017-06-04,11:13:00,0,0,6
2017-06-04,11:13:01,0,0,6
2017-06-04,11:13:02,0,0,6
2017-06-04,11:13:03,0,0,6
2017-06-04,11:13:04,0,0,6
2017-06-04,11:13:05,0,0,6
2017-06-04,11:13:06,0,0,6
2017-06-04,11:13:07,0,0,6
2017-06-04,11:13:08,0,0,6
2017-06-04,11:13:09,0,0,6
2017-06-04,11:13:10,0,0,6
2017-06-04,11:13:11,0,0,6
2017-06-04,11:13:12,0,0,7
2017-06-04,11:13:13,0,0,7
2017-06-04,11:13:14,0,0,7
2017-06-04,11:13:15,0,0,7
2017-06-04,11:13:16,0,0,7
2017-06-04,11:13:17,0,0,7
2017-06-04,11:13:18,0,0,7
2017-06-04,11:13:19,0,0,7
2017-06-04,11:13:20,0,0,7
2017-06-04,11:13:21,0,0,7
2017-06-04,11:13:22,0,0,7
2017-06-04,11:13:23,0,0,7
2017-06-04,11:13:24,0,0,7
2017-06-04,11:13:25,0,0,7
2017-06-04,11:13:26,0,0,7
2017-06-04,11:13:27,0,0,7
2017-06-04,11:13:28,0,0,7
2017-06-04,11:13:29,0,0,7
2017-06-04,11:13:30,0,0,7
2017-06-04,11:13:31,0,0,7
2017-06-04,11:13:32,0,0,7
2017-06-04,11:13:33,0,0,7
2017-06-04,11:13:34,0,0,7
2017-06-04,11:13:35,0,0,7
2017-06-04,11:13:36,0,0,7
2017-06-04,11:13:37,0,0,7
2017-06-04,11:13:38,0,0,7
2017-06-04,11:13:39,0,0,7
2017-06-04,11:13:40,0,0,7
2017-06-04,11:13:41,0,0,7
2017-06-04,11:13:42,0,0,7
2017-06-04,11:13:43,0,0,7
2017-06-04,11:13:44,0,0,7
2017-06-04,11:13:45,0,0,7
2017-06-04,11:13:46,0,0,7
2017-06-04,11:13:47,0,0,7
2017-06-04,11:13:48,0,0,7
2017-06-04,11:13:49,0,0,7
2017-06-04,11:13:50,0,0,7
2017-06-04,11:13:51,0,0,7
2017-06-04,11:13:52,0,0,7
2017-06-04,11:13:53,0,0,7
2017-06-04,11:13:54,0,0,7
2017-06-04,11:13:55,0,0,7
2017-06-04,11:13:56,0,0,7
2017-06-04,11:13:57,0,0,7
2017-06-04,11:13:58,0,0,7
2017-06-04,11:13:59,0,0,7
2017-06-04,11:14:00,0,0,7
2017-06-04,11:14:01,0,0,7
2017-06-04,11:14:02,0,0,7
2017-06-04,11:14:03,0,0,7
2017-06-04,11:14:04,0,0,7
2017-06-04,11:14:05,0,0,7
2017-06-04,11:14:06,0,0,7
2017-06-04,11:14:07,0,0,7
2017-06-04,11:14:08,0,0,7
2017-06-04,11:14:09,0,0,7
2017-06-04,11:14:10,0,0,7
2017-06-04,11:14:11,0,0,7
2017-06-04,11:14:12,0,0,1
2017-06-04,11:14:13,0,0,1
2017-06-04,11:14:14,0,0,1
2017-06-04,11:14:15,0,0,1
2017-06-04,11:14:16,0,0,1
2017-06-04,11:14:17,0,0,1
2017-06-04,11:14:18,0,0,1
2017-06-04,11:14:19,0,0,1
2017-06-04,11:14:20,0,0,1
2017-06-04,11:14:21,0,0,1
2017-06-04,11:14:22,0,0,1
2017-06-04,11:14:23,0,0,1
2017-06-04,11:14:24,0,0,1
2017-06-04,11:14:25,0,0,1
2017-06-04,11:14:26,0,0,1
2017-06-04,11:14:27,0,0,1
2017-06-04,11:14:28,0,0,1
2017-06-04,11:14:29,0,0,1
2017-06-04,11:14:30,0,0,1
2017-06-04,11:14:31,0,0,1
2017-06-04,11:14:32,0,0,1
2017-06-04,11:14:33,0,0,1
2017-06-04,11:14:34,0,0,1
2017-06-04,11:14:35,0,0,1
2017-06-04,11:14:36,0,0,1
2017-06-04,11:14:37,0,0,1
2017-06-04,11:14:38,0,0,1
2017-06-04,11:14:39,0,0,1
2017-06-04,11:14:40,0,0,1
2017-06-04,11:14:41,0,0,1
2017-06-04,11:14:42,0,0,1
2017-06-04,11:14:43,0,0,1
2017-06-04,11:14:44,0,0,1
2017-06-04,11:14:45,0,0,1
2017-06-04,11:14:46,0,0,1
2017-06-04,11:14:47,0,0,1
2017-06-04,11:14:48,0,0,1
2017-06-04,11:14:49,0,0,1
2017-06-04,11:14:50,0,0,1
2017-06-04,11:14:51,0,0,1
2017-06-04,11:14:52,0,0,1
2017-06-04,11:14:53,0,0,1
2017-06-04,11:14:54,0,0,1
2017-06-04,11:14:55,0,0,1
2017-06-04,11:14:56,0,0,1
2017-06-04,11:14:57,0,0,1
2017-06-04,11:14:58,0,0,1
2017-06-04,11:14:59,0,0,1
2017-06-04,11:15:00,0,0,1
2017-06-04,11:15:01,0,0,1
2017-06-04,11:15:02,0,0,1
2017-06-04,11:15:03,0,0,1
2017-06-04,11:15:04,0,0,1
2017-06-04,11:15:05,0,0,1
2017-06-04,11:15:06,0,0,1
2017-06-04,11:15:07,0,0,1
2017-06-04,11:15:08,0,0,1
2017-06-04,11:15:09,0,0,1
2017-06-04,11:15:10,0,0,1
2017-06-04,11:15:11,0,0,1
2017-06-04,11:15:12,0,0,2
2017-06-04,11:15:13,0,0,2
2017-06-04,11:15:14,0,0,2
2017-06-04,11:15:15,0,0,2
2017-06-04,11:15:16,0,0,2
2017-06-04,11:15:17,0,0,2
2017-06-04,11:15:18,0,0,2
2017-06-04,11:15:19,0,0,2
2017-06-04,11:15:20,0,0,2
2017-06-04,11:15:21,0,0,2
2017-06-04,11:15:22,0,0,2
2017-06-04,11:15:23,0,0,2
2017-06-04,11:15:24,0,0,2
2017-06-04,11:15:25,0,0,2
2017-06-04,11:15:26,0,0,2
2017-06-04,11:15:27,0,0,2
2017-06-04,11:15:28,0,0,2
2017-06-04,11:15:29,0,0,2
2017-06-04,11:15:30,0,0,2
2017-06-04,11:15:31,0,0,2
2017-06-04,11:15:32,0,0,2
2017-06-04,11:15:33,0,0,2
2017-06-04,11:15:34,0,0,2
2017-06-04,11:15:35,0,0,2
2017-06-04,11:15:36,0,0,2
2017-06-04,11:15:37,0,0,2
2017-06-04,11:15:38,0,0,2
2017-06-04,11:15:39,0,0,2
2017-06-04,11:15:40,0,0,2
2017-06-04,11:15:41,0,0,2
2017-06-04,11:15:42,0,0,2
2017-06-04,11:15:43,0,0,2
2017-06-04,11:15:44,0,0,2
2017-06-04,11:15:45,0,0,2
2017-06-04,11:15:46,0,0,2
2017-06-04,11:15:47,0,0,2
2017-06-04,11:15:48,0,0,2
2017-06-04,11:15:49,0,0,2
2017-06-04,11:15:50,0,0,2
2017-06-04,11:15:51,0,0,2
2017-06-04,11:15:52,0,0,2
2017-06-04,11:15:53,0,0,2
2017-06-04,11:15:54,0,0,2
2017-06-04,11:15:55,0,0,2
2017-06-04,11:15:56,0,0,2
2017-06-04,11:15:57,0,0,2
2017-06-04,11:15:58,0,0,2
2017-06-04,11:15:59,0,0,2
2017-06-04,11:16:00,0,0,2
2017-06-04,11:16:01,0,0,2
2017-06-04,11:16:02,0,0,2
2017-06-04,11:16:03,0,0,2
2017-06-04,11:16:04,0,0,2
2017-06-04,11:16:05,0,0,2
2017-06-04,11:16:06,0,0,2
2017-06-04,11:16:07,0,0,2
2017-06-04,11:16:08,0,0,2
2017-06-04,11:16:09,0,0,2
2017-06-04,11:16:10,0,0,2
2017-06-04,11:16:11,0,0,2
2017-06-04,11:16:12,0,0,3
2017-06-04,11:16:13,0,0,3
2017-06-04,11:16:14,0,0,3
2017-06-04,11:16:15,0,0,3
2017-06-04,11:16:16,0,0,3
2017-06-04,11:16:17,0,0,3
2017-06-04,11:16:18,0,0,3
2017-06-04,11:16:19,0,0,3
2017-06-04,11:16:20,0,0,3
2017-06-04,11:16:21,0,0,3
2017-06-04,11:16:22,0,0,3
2017-06-04,11:16:23,0,0,3
2017-06-04,11:16:24,0,0,3
2017-06-04,11:16:25,0,0,3
2017-06-04,11:16:26,0,0,3
2017-06-04,11:16:27,0,0,3
2017-06-04,11:16:28,0,0,3
2017-06-04,11:16:29,0,0,3
2017-06-04,11:16:30,0,0,3
2017-06-04,11:16:31,0,0,3
2017-06-04,11:16:32,0,0,3
2017-06-04,11:16:33,0,0,3
2017-06-04,11:16:34,0,0,3
2017-06-04,11:16:35,0,0,3
2017-06-04,11:16:36,0,0,3
2017-06-04,11:16:37,0,0,3
2017-06-04,11:16:38,0,0,3
2017-06-04,11:16:39,0,0,3
2017-06-04,11:16:40,0,0,3
2017-06-04,11:16:41,0,0,3
2017-06-04,11:16:42,0,0,3
2017-06-04,11:16:43,0,0,3
2017-06-04,11:16:44,0,0,3
2017-06-04,11:16:45,0,0,3
2017-06-04,11:16:46,0,0,3
2017-06-04,11:16:47,0,0,3
2017-06-04,11:16:48,0,0,3
2017-06-04,11:16:49,0,0,3
2017-06-04,11:16:50,0,0,3
2017-06-04,11:16:51,0,0,3
2017-06-04,11:16:52,0,0,3
2017-06-04,11:16:53,0,0,3
2017-06-04,11:16:54,0,0,3
2017-06-04,11:16:55,0,0,3
2017-06-04,11:16:56,0,0,3
2017-06-04,11:16:57,0,0,3
2017-06-04,11:16:58,0,0,3
2017-06-04,11:16:59,0,0,3
2017-06-04,11:17:00,0,0,3
2017-06-04,11:17:01,0,0,3
2017-06-04,11:17:02,0,0,3
2017-06-04,11:17:03,0,0,3
2017-06-04,11:17:04,0,0,3
2017-06-04,11:17:05,0,0,3
2017-06-04,11:17:06,0,0,3
2017-06-04,11:17:07,0,0,3
2017-06-04,11:17:08,0,0,3
2017-06-04,11:17:09,0,0,3
2017-06-04,11:17:10,0,0,3
2017-06-04,11:17:11,0,0,3
2017-06-04,11:17:12,0,0,4
2017-06-04,11:17:13,0,0,4
2017-06-04,11:17:14,0,0,4
2017-06-04,11:17:15,0,0,4
2017-06-04,11:17:16,0,0,4
2017-06-04,11:17:17,0,0,4
2017-06-04,11:17:18,0,0,4
2017-06-04,11:17:19,0,0,4
2017-06-04,11:17:20,0,0,4
2017-06-04,11:17:21,0,0,4
2017-06-04,11:17:22,0,0,4
2017-06-04,11:17:23,0,0,4
2017-06-04,11:17:24,0,0,4
2017-06-04,11:17:25,0,0,4
2017-06-04,11:17:26,0,0,4
2017-06-04,11:17:27,0,0,4
2017-06-04,11:17:28,0,0,4
2017-06-04,11:17:29,0,0,4
2017-06-04,11:17:30,0,0,4
2017-06-04,11:17:31,0,0,4
2017-06-04,11:17:32,0,0,4
2017-06-04,11:17:33,0,0,4
2017-06-04,11:17:34,0,0,4
2017-06-04,11:17:35,0,0,4
2017-06-04,11:17:36,0,0,4
2017-06-04,11:17:37,0,0,4
2017-06-04,11:17:38,0,0,4
2017-06-04,11:17:39,0,0,4
2017-06-04,11:17:40,0,0,4
2017-06-04,11:17:41,0,0,4
2017-06-04,11:17:42,0,0,4
2017-06-04,11:17:43,0,0,4
2017-06-04,11:17:44,0,0,4
2017-06-04,11:17:45,0,0,4
2017-06-04,11:17:46,0,0,4
2017-06-04,11:17:47,0,0,4
2017-06-04,11:17:48,0,0,4
2017-06-04,11:17:49,0,0,4
2017-06-04,11:17:50,0,0,4
2017-06-04,11:17:51,0,0,4
2017-06-04,11:17:52,0,0,4
2017-06-04,11:17:53,0,0,4
2017-06-04,11:17:54,0,0,4
2017-06-04,11:17:55,0,0,4
2017-06-04,11:17:56,0,0,4
2017-06-04,11:17:57,0,0,4
2017-06-04,11:17:58,0,0,4
2017-06-04,11:17:59,0,0,4
2017-06-04,11:18:00,0,0,4
2017-06-04,11:18:01,0,0,4
2017-06-04,11:18:02,0,0,4
2017-06-04,11:18:03,0,0,4
2017-06-04,11:18:04,0,0,4
2017-06-04,11:18:05,0,0,4
2017-06-04,11:18:06,0,0,4
2017-06-04,11:18:07,0,0,4
2017-06-04,11:18:08,0,0,4
2017-06-04,11:18:09,0,0,4
2017-06-04,11:18:10,0,0,4
2017-06-04,11:18:11,0,0,4
2017-06-04,11:18:12,0,0,5
2017-06-04,11:18:13,0,0,5
2017-06-04,11:18:14,0,0,5
2017-06-04,11:18:15,0,0,5
2017-06-04,11:18:16,0,0,5
2017-06-04,11:18:17,0,0,5
2017-06-04,11:18:18,0,0,5
2017-06-04,11:18:19,0,0,5
2017-06-04,11:18:20,0,0,5
2017-06-04,11:18:21,0,0,5
2017-06-04,11:18:22,0,0,5
2017-06-04,11:18:23,0,0,5
2017-06-04,11:18:24,0,0,5
2017-06-04,11:18:25,0,0,5
2017-06-04,11:18:26,0,0,5
2017-06-04,11:18:27,0,0,5
2017-06-04,11:18:28,0,0,5
2017-06-04,11:18:29,0,0,5
2017-06-04,11:18:30,0,0,5
2017-06-04,11:18:31,0,0,5
2017-06-04,11:18:32,0,0,5
2017-06-04,11:18:33,0,0,5
2017-06-04,11:18:34,0,0,5
2017-06-04,11:18:35,0,0,5
2017-06-04,11:18:36,0,0,5
2017-06-04,11:18:37,0,0,5
2017-06-04,11:18:38,0,0,5
2017-06-04,11:18:39,0,0,5
2017-06-04,11:18:40,0,0,5
2017-06-04,11:18:41,0,0,5
2017-06-04,11:18:42,0,0,5
2017-06-04,11:18:43,0,0,5
2017-06-04,11:18:44,0,0,5
2017-06-04,11:18:45,0,0,5
2017-06-04,11:18:46,0,0,5
2017-06-04,11:18:47,0,0,5
2017-06-04,11:18:48,0,0,5
2017-06-04,11:18:49,0,0,5
2017-06-04,11:18:50,0,0,5
2017-06-04,11:18:51,0,0,5
2017-06-04,11:18:52,0,0,5
2017-06-04,11:18:53,0,0,5
2017-06-04,11:18:54,0,0,5
2017-06-04,11:18:55,0,0,5
2017-06-04,11:18:56,0,0,5
2017-06-04,11:18:57,0,0,5
2017-06-04,11:18:58,0,0,5
2017-06-04,11:18:59,0,0,5
2017-06-04,11:19:00,0,0,5
2017-06-04,11:19:01,0,0,5
2017-06-04,11:19:02,0,0,5
2017-06-04,11:19:03,0,0,5
2017-06-04,11:19:04,0,0,5
2017-06-04,11:19:05,0,0,5
2017-06-04,11:19:06,0,0,5
2017-06-04,11:19:07,0,1,6
2017-06-04,11:19:08,0,0,6
2017-06-04,11:19:09,0,0,6
2017-06-04,11:19:10,0,0,6
2017-06-04,11:19:11,0,0,6
2017-06-04,11:19:12,0,0,6
2017-06-04,11:19:13,0,0,6
2017-06-04,11:19:14,0,0,6
2017-06-04,11:19:15,0,0,6
2017-06-04,11:19:16,0,0,6
2017-06-04,11:19:17,0,0,6
2017-06-04,11:19:18,0,0,6
2017-06-04,11:19:19,0,0,6
2017-06-04,11:19:20,0,0,6
2017-06-04,11:19:21,0,0,6
2017-06-04,11:19:22,0,0,6
2017-06-04,11:19:23,0,0,6
2017-06-04,11:19:24,0,0,6
2017-06-04,11:19:25,0,0,6
2017-06-04,11:19:26,0,0,6
2017-06-04,11:19:27,0,0,6
2017-06-04,11:19:28,0,0,6
2017-06-04,11:19:29,0,0,6
2017-06-04,11:19:30,0,0,6
2017-06-04,11:19:31,0,0,6
2017-06-04,11:19:32,0,0,6
2017-06-04,11:19:33,0,0,6
2017-06-04,11:19:34,0,0,6
2017-06-04,11:19:35,0,0,6
2017-06-04,11:19:36,0,0,6
2017-06-04,11:19:37,0,0,6
2017-06-04,11:19:38,0,0,6
2017-06-04,11:19:39,0,0,6
2017-06-04,11:19:40,0,0,6
2017-06-04,11:19:41,0,0,6
2017-06-04,11:19:42,0,0,6
2017-06-04,11:19:43,0,0,6
2017-06-04,11:19:44,0,0,6
2017-06-04,11:19:45,0,0,6
2017-06-04,11:19:46,0,0,6
2017-06-04,11:19:47,0,0,6
2017-06-04,11:19:48,0,0,6
2017-06-04,11:19:49,0,0,6
2017-06-04,11:19:50,0,0,6
2017-06-04,11:19:51,0,0,6
2017-06-04,11:19:52,0,0,6
2017-06-04,11:19:53,0,0,6
2017-06-04,11:19:54,0,0,6
2017-06-04,11:19:55,0,0,6
2017-06-04,11:19:56,0,0,6
2017-06-04,11:19:57,0,0,6
2017-06-04,11:19:58,0,0,6
2017-06-04,11:19:59,0,0,6
2017-06-04,11:20:00,0,0,6
2017-06-04,11:20:01,0,0,6
2017-06-04,11:20:02,0,0,6
2017-06-04,11:20:03,0,0,6
2017-06-04,11:20:04,0,0,6
2017-06-04,11:20:05,0,0,6
2017-06-04,11:20:06,0,0,6
2017-06-04,11:20:07,0,0,6
2017-06-04,11:20:08,0,0,6
2017-06-04,11:20:09,0,0,6
2017-06-04,11:20:10,0,0,6
2017-06-04,11:20:11,0,0,6
2017-06-04,11:20:12,0,0,6
2017-06-04,11:20:13,0,0,6
2017-06-04,11:20:14,0,0,6
2017-06-04,11:20:15,0,0,6
2017-06-04,11:20:16,0,0,1
2017-06-04,11:20:17,0,0,1
2017-06-04,11:20:18,0,0,1
2017-06-04,11:20:19,0,0,1
2017-06-04,11:20:20,0,0,1
2017-06-04,11:20:21,0,0,1
2017-06-04,11:20:22,0,0,1
2017-06-04,11:20:23,0,0,1
2017-06-04,11:20:24,0,0,1
2017-06-04,11:20:25,0,0,1
2017-06-04,11:20:26,0,0,1
2017-06-04,11:20:27,0,0,1
2017-06-04,11:20:28,0,0,1
2017-06-04,11:20:29,0,0,1
2017-06-04,11:20:30,0,0,1
2017-06-04,11:20:31,0,0,1
2017-06-04,11:20:32,0,0,1
2017-06-04,11:20:33,0,0,1
2017-06-04,11:20:34,0,0,1
2017-06-04,11:20:35,0,0,1
2017-06-04,11:20:36,0,0,1
2017-06-04,11:20:37,0,0,1
2017-06-04,11:20:38,0,0,1
2017-06-04,11:20:39,0,0,1
2017-06-04,11:20:40,0,0,1
2017-06-04,11:20:41,0,0,1
2017-06-04,11:20:42,0,0,1
2017-06-04,11:20:43,0,0,1
2017-06-04,11:20:44,0,0,1
2017-06-04,11:20:45,0,0,1
2017-06-04,11:20:46,0,0,1
2017-06-04,11:20:47,0,0,1
2017-06-04,11:20:48,0,0,1
2017-06-04,11:20:49,0,0,1
2017-06-04,11:20:50,0,0,1
2017-06-04,11:20:51,0,0,1
2017-06-04,11:20:52,0,0,1
2017-06-04,11:20:53,0,0,1
2017-06-04,11:20:54,0,0,1
2017-06-04,11:20:55,0,0,1
2017-06-04,11:20:56,0,0,1
2017-06-04,11:20:57,0,0,1
2017-06-04,11:20:58,0,0,1
2017-06-04,11:20:59,0,0,1
2017-06-04,11:21:00,0,0,1
2017-06-04,11:21:01,0,0,1
2017-06-04,11:21:02,0,1,2
2017-06-04,11:21:03,0,0,2
2017-06-04,11:21:04,0,0,2
2017-06-04,11:21:05,0,0,2
2017-06-04,11:21:06,0,0,2
2017-06-04,11:21:07,0,0,2
2017-06-04,11:21:08,0,0,2
2017-06-04,11:21:09,0,0,2
2017-06-04,11:21:10,0,0,2
2017-06-04,11:21:11,0,0,2
2017-06-04,11:21:12,0,0,2
2017-06-04,11:21:13,0,0,2
2017-06-04,11:21:14,0,0,2
2017-06-04,11:21:15,0,0,2
2017-06-04,11:21:16,0,0,2
2017-06-04,11:21:17,0,0,2
2017-06-04,11:21:18,0,0,2
2017-06-04,11:21:19,0,0,2
2017-06-04,11:21:20,0,0,2
2017-06-04,11:21:21,0,0,2
2017-06-04,11:21:22,0,0,2
2017-06-04,11:21:23,0,0,2
2017-06-04,11:21:24,0,0,2
2017-06-04,11:21:25,0,0,2
2017-06-04,11:21:26,0,0,2
2017-06-04,11:21:27,0,0,2
2017-06-04,11:21:28,0,0,2
2017-06-04,11:21:29,0,0,2
2017-06-04,11:21:30,0,1,5
2017-06-04,11:21:31,0,0,5
2017-06-04,11:21:32,0,0,5
2017-06-04,11:21:33,0,0,5
2017-06-04,11:21:34,0,0,5
2017-06-04,11:21:35,0,0,5
2017-06-04,11:21:36,0,0,5
2017-06-04,11:21:37,0,0,5
2017-06-04,11:21:38,0,0,5
2017-06-04,11:21:39,0,0,5
2017-06-04,11:21:40,0,0,5
2017-06-04,11:21:41,0,0,5
2017-06-04,11:21:42,0,0,5
2017-06-04,11:21:43,0,0,5
2017-06-04,11:21:44,0,0,5
2017-06-04,11:21:45,0,0,5
2017-06-04,11:21:46,0,0,5
2017-06-04,11:21:47,0,0,5
2017-06-04,11:21:48,0,0,5
2017-06-04,11:21:49,0,0,5
2017-06-04,11:21:50,0,0,5
2017-06-04,11:21:51,0,0,5
2017-06-04,11:21:52,0,0,5
2017-06-04,11:21:53,0,0,5
2017-06-04,11:21:54,0,0,5
2017-06-04,11:21:55,0,0,5
2017-06-04,11:21:56,0,0,5
2017-06-04,11:21:57,0,0,5
2017-06-04,11:21:58,0,0,5
2017-06-04,11:21:59,0,0,5
2017-06-04,11:22:00,0,0,5
2017-06-04,11:22:01,0,0,5
2017-06-04,11:22:02,0,0,5
2017-06-04,11:22:03,0,0,5
2017-06-04,11:22:04,0,0,5
2017-06-04,11:22:05,0,0,5
2017-06-04,11:22:06,0,0,5
2017-06-04,11:22:07,0,0,5
2017-06-04,11:22:08,0,0,5
2017-06-04,11:22:09,0,0,5
2017-06-04,11:22:10,0,0,5
2017-06-04,11:22:11,0,0,5
2017-06-04,11:22:12,0,0,5
2017-06-04,11:22:13,0,0,5
2017-06-04,11:22:14,0,0,5
2017-06-04,11:22:15,0,0,5
2017-06-04,11:22:16,0,0,5
2017-06-04,11:22:17,0,0,5
2017-06-04,11:22:18,0,0,5
2017-06-04,11:22:19,0,0,5
2017-06-04,11:22:20,0,0,5
2017-06-04,11:22:21,0,0,5
2017-06-04,11:22:22,0,0,5
2017-06-04,11:22:23,0,0,5
2017-06-04,11:22:24,0,0,5
2017-06-04,11:22:25,0,0,5
2017-06-04,11:22:26,0,0,5
2017-06-04,11:22:27,0,0,5
2017-06-04,11:22:28,0,0,5
2017-06-04,11:22:29,0,0,5
2017-06-04,11:22:30,0,0,5
2017-06-04,11:22:31,0,0,5
2017-06-04,11:22:32,0,0,5
2017-06-04,11:22:33,0,0,5
2017-06-04,11:22:34,0,0,5
2017-06-04,11:22:35,0,0,5
2017-06-04,11:22:36,0,0,5
2017-06-04,11:22:37,0,0,5
2017-06-04,11:22:38,0,0,5
2017-06-04,11:22:39,0,0,5
2017-06-04,11:22:40,0,0,5
2017-06-04,11:22:41,0,0,5
2017-06-04,11:22:42,0,0,5
2017-06-04,11:22:43,0,0,5
2017-06-04,11:22:44,0,0,5
2017-06-04,11:22:45,0,0,5
2017-06-04,11:22:46,0,0,5
2017-06-04,11:22:47,0,0,5
2017-06-04,11:22:48,0,0,5
2017-06-04,11:22:49,0,0,5
2017-06-04,11:22:50,0,0,5
2017-06-04,11:22:51,0,0,5
2017-06-04,11:22:52,0,0,5
2017-06-04,11:22:53,0,0,5
2017-06-04,11:22:54,0,0,5
2017-06-04,11:22:55,0,0,5
2017-06-04,11:22:56,0,0,5
2017-06-04,11:22:57,0,0,5
2017-06-04,11:22:58,0,0,5
2017-06-04,11:22:59,0,0,5
2017-06-04,11:23:00,0,0,5
2017-06-04,11:23:01,0,0,5
2017-06-04,11:23:02,0,0,5
2017-06-04,11:23:03,0,0,5
2017-06-04,11:23:04,0,0,5
2017-06-04,11:23:05,0,0,5
2017-06-04,11:23:06,0,0,5
2017-06-04,11:23:07,0,0,5
2017-06-04,11:23:08,0,0,5
2017-06-04,11:23:09,0,0,5
2017-06-04,11:23:10,0,0,5
2017-06-04,11:23:11,0,0,5
2017-06-04,11:23:12,0,0,5
2017-06-04,11:23:13,0,0,5
2017-06-04,11:23:14,0,0,5
2017-06-04,11:23:15,0,0,5
2017-06-04,11:23:16,0,0,5
2017-06-04,11:23:17,0,0,5
2017-06-04,11:23:18,0,0,5
2017-06-04,11:23:19,0,0,5
2017-06-04,11:23:20,0,0,5
2017-06-04,11:23:21,0,0,5
2017-06-04,11:23:22,0,0,5
2017-06-04,11:23:23,0,0,5
2017-06-04,11:23:24,0,0,5
2017-06-04,11:23:25,0,0,5
2017-06-04,11:23:26,0,0,5
2017-06-04,11:23:27,0,0,5
2017-06-04,11:23:28,0,0,5
2017-06-04,11:23:29,0,0,5
2017-06-04,11:23:30,0,0,5
2017-06-04,11:23:31,0,0,5
2017-06-04,11:23:32,0,0,5
2017-06-04,11:23:33,0,0,5
2017-06-04,11:23:34,0,0,5
2017-06-04,11:23:35,0,0,5
2017-06-04,11:23:36,0,0,5
2017-06-04,11:23:37,0,0,5
2017-06-04,11:23:38,0,0,5
2017-06-04,11:23:39,0,0,5
2017-06-04,11:23:40,0,0,5
2017-06-04,11:23:41,0,0,5
2017-06-04,11:23:42,0,0,5
2017-06-04,11:23:43,0,0,5
2017-06-04,11:23:44,0,0,5
2017-06-04,11:23:45,0,0,5
2017-06-04,11:23:46,0,0,5
2017-06-04,11:23:47,0,0,5
2017-06-04,11:23:48,0,0,5
2017-06-04,11:23:49,0,0,5
2017-06-04,11:23:50,0,0,5
2017-06-04,11:23:51,0,0,5
2017-06-04,11:23:52,0,0,5
2017-06-04,11:23:53,0,0,5
2017-06-04,11:23:54,0,0,5
2017-06-04,11:23:55,0,0,5
2017-06-04,11:23:56,0,0,5
2017-06-04,11:23:57,0,0,5
2017-06-04,11:23:58,0,0,5
2017-06-04,11:23:59,0,0,5
2017-06-04,11:24:00,0,0,5
2017-06-04,11:24:01,0,0,5
2017-06-04,11:24:02,0,0,5
2017-06-04,11:24:03,0,0,5
2017-06-04,11:24:04,0,0,5
2017-06-04,11:24:05,0,0,5
2017-06-04,11:24:06,0,0,5
2017-06-04,11:24:07,0,0,5
2017-06-04,11:24:08,0,0,5
2017-06-04,11:24:09,0,0,5
2017-06-04,11:24:10,0,0,5
2017-06-04,11:24:11,0,0,5
2017-06-04,11:24:12,0,0,5
2017-06-04,11:24:13,0,0,5
2017-06-04,11:24:14,0,0,5
2017-06-04,11:24:15,0,0,5
2017-06-04,11:24:16,0,0,5
2017-06-04,11:24:17,0,0,5
2017-06-04,11:24:18,0,0,5
2017-06-04,11:24:19,0,0,5
2017-06-04,11:24:20,0,0,5
2017-06-04,11:24:21,0,0,5
2017-06-04,11:24:22,0,0,5
2017-06-04,11:24:23,0,0,5
2017-06-04,11:24:24,0,0,5
2017-06-04,11:24:25,0,0,5
2017-06-04,11:24:26,0,0,5
2017-06-04,11:24:27,0,0,5
2017-06-04,11:24:28,0,0,5
2017-06-04,11:24:29,0,0,5
2017-06-04,11:24:30,0,0,5
2017-06-04,11:24:31,0,0,5
2017-06-04,11:24:32,0,0,5
2017-06-04,11:24:33,0,0,5
2017-06-04,11:24:34,0,0,5
2017-06-04,11:24:35,0,0,5
2017-06-04,11:24:36,0,0,5
2017-06-04,11:24:37,0,0,5
2017-06-04,11:24:38,0,0,5
2017-06-04,11:24:39,0,0,5
2017-06-04,11:24:40,0,0,5
2017-06-04,11:24:41,0,0,5
2017-06-04,11:24:42,0,0,5
2017-06-04,11:24:43,0,0,5
2017-06-04,11:24:44,0,0,5
2017-06-04,11:24:45,0,0,5
2017-06-04,11:24:46,0,0,5
2017-06-04,11:24:47,0,0,5
2017-06-04,11:24:48,0,0,5
2017-06-04,11:24:49,0,0,5
2017-06-04,11:24:50,0,0,5
2017-06-04,11:24:51,0,0,5
2017-06-04,11:24:52,0,0,5
2017-06-04,11:24:53,0,0,5
2017-06-04,11:24:54,0,0,5
2017-06-04,11:24:55,0,0,5
2017-06-04,11:24:56,0,0,5
2017-06-04,11:24:57,0,0,5
2017-06-04,11:24:58,0,0,5
2017-06-04,11:24:59,0,0,5
2017-06-04,11:25:00,0,0,5
2017-06-04,11:25:01,0,0,5
2017-06-04,11:25:02,0,0,5
2017-06-04,11:25:03,0,0,5
2017-06-04,11:25:04,0,0,5
2017-06-04,11:25:05,0,0,5
2017-06-04,11:25:06,0,0,5
2017-06-04,11:25:07,0,0,5
2017-06-04,11:25:08,0,0,5
2017-06-04,11:25:09,0,0,5
2017-06-04,11:25:10,0,0,5
2017-06-04,11:25:11,0,0,5
2017-06-04,11:25:12,0,0,5
2017-06-04,11:25:13,0,0,5
2017-06-04,11:25:14,0,0,5
2017-06-04,11:25:15,0,0,5
2017-06-04,11:25:16,0,0,5
2017-06-04,11:25:17,0,0,5
2017-06-04,11:25:18,0,0,5
2017-06-04,11:25:19,0,0,5
2017-06-04,11:25:20,0,0,5
2017-06-04,11:25:21,0,0,5
2017-06-04,11:25:22,0,0,5
2017-06-04,11:25:23,0,0,5
2017-06-04,11:25:24,0,0,5
2017-06-04,11:25:25,0,0,5
2017-06-04,11:25:26,0,0,5
2017-06-04,11:25:27,0,0,5
2017-06-04,11:25:28,0,0,5
2017-06-04,11:25:29,0,0,5
2017-06-04,11:25:30,0,0,5
2017-06-04,11:25:31,0,0,5
2017-06-04,11:25:32,0,0,5
2017-06-04,11:25:33,0,0,5
2017-06-04,11:25:34,0,0,5
2017-06-04,11:25:35,0,0,5
2017-06-04,11:25:36,0,0,5
2017-06-04,11:25:37,0,0,5
2017-06-04,11:25:38,0,0,5
2017-06-04,11:25:39,0,0,5
2017-06-04,11:25:40,0,0,5
2017-06-04,11:25:41,0,0,5
2017-06-04,11:25:42,0,0,5
2017-06-04,11:25:43,0,0,5
2017-06-04,11:25:44,0,0,5
2017-06-04,11:25:45,0,0,5
2017-06-04,11:25:46,0,0,5
2017-06-04,11:25:47,0,0,5
2017-06-04,11:25:48,0,0,5
2017-06-04,11:25:49,0,0,5
2017-06-04,11:25:50,0,0,5
2017-06-04,11:25:51,0,0,5
2017-06-04,11:25:52,0,0,5
2017-06-04,11:25:53,0,0,5
2017-06-04,11:25:54,0,0,5
2017-06-04,11:25:55,0,0,5
2017-06-04,11:25:56,0,0,5
2017-06-04,11:25:57,0,0,5
2017-06-04,11:25:58,0,0,5
2017-06-04,11:25:59,0,0,5
2017-06-04,11:26:00,0,0,5
2017-06-04,11:26:01,0,0,5
2017-06-04,11:26:02,0,0,5
2017-06-04,11:26:03,0,0,5
2017-06-04,11:26:04,0,0,5
2017-06-04,11:26:05,0,0,5
2017-06-04,11:26:06,0,0,5
2017-06-04,11:26:07,0,0,5
2017-06-04,11:26:08,0,0,5
2017-06-04,11:26:09,0,0,5
2017-06-04,11:26:10,0,0,5
2017-06-04,11:26:11,0,0,5
2017-06-04,11:26:12,0,0,5
2017-06-04,11:26:13,0,0,5
2017-06-04,11:26:14,0,0,5
2017-06-04,11:26:15,0,0,5
2017-06-04,11:26:16,0,0,5
2017-06-04,11:26:17,0,0,5
2017-06-04,11:26:18,0,0,5
2017-06-04,11:26:19,0,0,5
2017-06-04,11:26:20,0,0,5
2017-06-04,11:26:21,0,0,5
2017-06-04,11:26:22,0,0,5
2017-06-04,11:26:23,0,0,5
2017-06-04,11:26:24,0,0,5
2017-06-04,11:26:25,0,0,6
2017-06-04,11:26:26,0,0,6
2017-06-04,11:26:27,0,0,6
2017-06-04,11:26:28,0,0,6
2017-06-04,11:26:29,0,0,6
2017-06-04,11:26:30,0,0,6
2017-06-04,11:26:31,0,0,6
2017-06-04,11:26:32,0,0,6
2017-06-04,11:26:33,0,0,6
2017-06-04,11:26:34,0,0,6
2017-06-04,11:26:35,0,0,6
2017-06-04,11:26:36,0,0,6
2017-06-04,11:26:37,0,0,6
2017-06-04,11:26:38,0,0,6
2017-06-04,11:26:39,0,0,6
2017-06-04,11:26:40,0,0,6
2017-06-04,11:26:41,0,0,6
2017-06-04,11:26:42,0,0,6
2017-06-04,11:26:43,0,0,6
2017-06-04,11:26:44,0,0,6
2017-06-04,11:26:45,0,0,6
2017-06-04,11:26:46,0,0,6
2017-06-04,11:26:47,0,0,6
2017-06-04,11:26:48,0,1,5
2017-06-04,11:26:49,0,0,5
2017-06-04,11:26:50,0,0,5
2017-06-04,11:26:51,0,0,5
2017-06-04,11:26:52,0,0,5
2017-06-04,11:26:53,0,0,5
2017-06-04,11:26:54,0,0,5
2017-06-04,11:26:55,0,0,5
2017-06-04,11:26:56,0,0,5
2017-06-04,11:26:57,0,0,5
2017-06-04,11:26:58,0,0,5
2017-06-04,11:26:59,0,0,5
2017-06-04,11:27:00,0,0,5
2017-06-04,11:27:01,0,0,5
2017-06-04,11:27:02,0,0,5
2017-06-04,11:27:03,0,0,5
2017-06-04,11:27:04,0,0,5
2017-06-04,11:27:05,0,0,5
2017-06-04,11:27:06,0,0,5
2017-06-04,11:27:07,0,0,5
2017-06-04,11:27:08,0,0,5
2017-06-04,11:27:09,0,0,5
2017-06-04,11:27:10,0,0,5
2017-06-04,11:27:11,0,0,5
2017-06-04,11:27:12,0,0,5
2017-06-04,11:27:13,0,0,5
2017-06-04,11:27:14,0,0,5
2017-06-04,11:27:15,0,0,5
2017-06-04,11:27:16,0,0,5
2017-06-04,11:27:17,0,0,5
2017-06-04,11:27:18,0,0,5
2017-06-04,11:27:19,0,0,5
2017-06-04,11:27:20,0,0,5
2017-06-04,11:27:21,0,0,5
2017-06-04,11:27:22,0,0,5
2017-06-04,11:27:23,0,0,5
2017-06-04,11:27:24,0,0,5
2017-06-04,11:27:25,0,0,5
2017-06-04,11:27:26,0,0,5
2017-06-04,11:27:27,0,0,5
2017-06-04,11:27:28,0,0,5
2017-06-04,11:27:29,0,0,5
2017-06-04,11:27:30,0,0,5
2017-06-04,11:27:31,0,0,5
2017-06-04,11:27:32,0,0,5
2017-06-04,11:27:33,0,0,5
2017-06-04,11:27:34,0,0,5
2017-06-04,11:27:35,0,0,5
2017-06-04,11:27:36,0,0,5
2017-06-04,11:27:37,0,0,5
2017-06-04,11:27:38,0,0,5
2017-06-04,11:27:39,0,0,5
2017-06-04,11:27:40,0,0,5
2017-06-04,11:27:41,0,0,5
2017-06-04,11:27:42,0,0,5
2017-06-04,11:27:43,0,0,5
2017-06-04,11:27:44,0,0,5
2017-06-04,11:27:45,0,0,5
2017-06-04,11:27:46,0,0,5
2017-06-04,11:27:47,0,0,5
2017-06-04,11:27:48,0,0,5
2017-06-04,11:27:49,0,0,5
2017-06-04,11:27:50,0,0,5
2017-06-04,11:27:51,0,0,5
2017-06-04,11:27:52,0,0,5
2017-06-04,11:27:53,0,0,5
2017-06-04,11:27:54,0,0,5
2017-06-04,11:27:55,0,0,5
2017-06-04,11:27:56,0,0,5
2017-06-04,11:27:57,0,0,5
2017-06-04,11:27:58,0,0,5
2017-06-04,11:27:59,0,0,5
2017-06-04,11:28:00,0,0,5
2017-06-04,11:28:01,0,0,5
2017-06-04,11:28:02,0,0,5
2017-06-04,11:28:03,0,0,5
2017-06-04,11:28:04,0,0,5
2017-06-04,11:28:05,0,0,5
2017-06-04,11:28:06,0,0,5
2017-06-04,11:28:07,0,0,5
2017-06-04,11:28:08,0,0,5
2017-06-04,11:28:09,0,0,5
2017-06-04,11:28:10,0,0,5
2017-06-04,11:28:11,0,0,5
2017-06-04,11:28:12,0,0,5
2017-06-04,11:28:13,0,0,5
2017-06-04,11:28:14,0,0,5
2017-06-04,11:28:15,0,0,5
2017-06-04,11:28:16,0,0,5
2017-06-04,11:28:17,0,0,5
2017-06-04,11:28:18,0,0,5
2017-06-04,11:28:19,0,0,5
2017-06-04,11:28:20,0,0,5
2017-06-04,11:28:21,0,0,5
2017-06-04,11:28:22,0,0,5
2017-06-04,11:28:23,0,0,5
2017-06-04,11:28:24,0,0,5
2017-06-04,11:28:25,0,0,5
2017-06-04,11:28:26,0,0,5
2017-06-04,11:28:27,0,0,5
2017-06-04,11:28:28,0,0,5
2017-06-04,11:28:29,0,0,5
2017-06-04,11:28:30,0,0,5
2017-06-04,11:28:31,0,0,5
2017-06-04,11:28:32,0,0,5
2017-06-04,11:28:33,0,0,5
2017-06-04,11:28:34,0,0,5
2017-06-04,11:28:35,0,0,5
2017-06-04,11:28:36,0,0,5
2017-06-04,11:28:37,0,0,5
2017-06-04,11:28:38,0,0,5
2017-06-04,11:28:39,0,0,5
2017-06-04,11:28:40,0,0,5
2017-06-04,11:28:41,0,0,5
2017-06-04,11:28:42,0,0,5
2017-06-04,11:28:43,0,0,5
2017-06-04,11:28:44,0,0,5
2017-06-04,11:28:45,0,0,5
2017-06-04,11:28:46,0,0,5
2017-06-04,11:28:47,0,0,5
2017-06-04,11:28:48,0,0,5
2017-06-04,11:28:49,0,0,5
2017-06-04,11:28:50,0,0,5
2017-06-04,11:28:51,0,0,5
2017-06-04,11:28:52,0,0,5
2017-06-04,11:28:53,0,0,5
2017-06-04,11:28:54,0,0,5
2017-06-04,11:28:55,0,0,5
2017-06-04,11:28:56,0,0,5
2017-06-04,11:28:57,0,0,5
2017-06-04,11:28:58,0,0,5
2017-06-04,11:28:59,0,0,5
2017-06-04,11:29:00,0,0,5
2017-06-04,11:29:01,0,0,5
2017-06-04,11:29:02,0,0,5
2017-06-04,11:29:03,0,0,5
2017-06-04,11:29:04,0,0,5
2017-06-04,11:29:05,0,0,5
2017-06-04,11:29:06,0,0,5
2017-06-04,11:29:07,0,0,5
2017-06-04,11:29:08,0,0,5
2017-06-04,11:29:09,0,0,5
2017-06-04,11:29:10,0,0,5
2017-06-04,11:29:11,0,0,5
2017-06-04,11:29:12,0,0,5
2017-06-04,11:29:13,0,0,5
2017-06-04,11:29:14,0,0,5
2017-06-04,11:29:15,0,0,5
2017-06-04,11:29:16,0,0,5
2017-06-04,11:29:17,0,0,5
2017-06-04,11:29:18,0,0,5
2017-06-04,11:29:19,0,0,5
2017-06-04,11:29:20,0,0,5
2017-06-04,11:29:21,0,0,5
2017-06-04,11:29:22,0,0,5
2017-06-04,11:29:23,0,0,5
2017-06-04,11:29:24,0,0,5
2017-06-04,11:29:25,0,0,5
2017-06-04,11:29:26,0,0,5
2017-06-04,11:29:27,0,0,5
2017-06-04,11:29:28,0,0,5
2017-06-04,11:29:29,0,0,5
2017-06-04,11:29:30,0,0,5
2017-06-04,11:29:31,0,0,5
2017-06-04,11:29:32,0,0,5
2017-06-04,11:29:33,0,0,5
2017-06-04,11:29:34,0,0,5
2017-06-04,11:29:35,0,0,5
2017-06-04,11:29:36,0,0,5
2017-06-04,11:29:37,0,0,5
2017-06-04,11:29:38,0,0,5
2017-06-04,11:29:39,0,0,5
2017-06-04,11:29:40,0,0,5
2017-06-04,11:29:41,0,0,5
2017-06-04,11:29:42,0,0,5
2017-06-04,11:29:43,0,0,5
2017-06-04,11:29:44,0,0,5
2017-06-04,11:29:45,0,0,5
2017-06-04,11:29:46,0,0,5
2017-06-04,11:29:47,0,0,5
2017-06-04,11:29:48,0,0,5
2017-06-04,11:29:49,0,0,5
2017-06-04,11:29:50,0,0,5
2017-06-04,11:29:51,0,0,5
2017-06-04,11:29:52,0,0,5
2017-06-04,11:29:53,0,0,5
2017-06-04,11:29:54,0,0,5
2017-06-04,11:29:55,0,0,5
2017-06-04,11:29:56,0,0,5
2017-06-04,11:29:57,0,0,5
2017-06-04,11:29:58,0,0,5
2017-06-04,11:29:59,0,0,5
2017-06-04,11:30:00,0,0,5
2017-06-04,11:30:01,0,0,5
2017-06-04,11:30:02,0,0,5
2017-06-04,11:30:03,0,0,5
2017-06-04,11:30:04,0,0,5
2017-06-04,11:30:05,0,0,5
2017-06-04,11:30:06,0,0,5
2017-06-04,11:30:07,0,0,5
2017-06-04,11:30:08,0,0,5
2017-06-04,11:30:09,0,0,5
2017-06-04,11:30:10,0,0,5
2017-06-04,11:30:11,0,0,5
2017-06-04,11:30:12,0,0,5
2017-06-04,11:30:13,0,0,5
2017-06-04,11:30:14,0,0,5
2017-06-04,11:30:15,0,0,5
2017-06-04,11:30:16,0,0,5
2017-06-04,11:30:17,0,0,5
2017-06-04,11:30:18,0,0,5
2017-06-04,11:30:19,0,0,5
2017-06-04,11:30:20,0,0,5
2017-06-04,11:30:21,0,0,5
2017-06-04,11:30:22,0,0,5
2017-06-04,11:30:23,0,0,5
2017-06-04,11:30:24,0,0,5
2017-06-04,11:30:25,0,0,5
2017-06-04,11:30:26,0,0,5
2017-06-04,11:30:27,0,0,5
2017-06-04,11:30:28,0,0,5
2017-06-04,11:30:29,0,0,5
2017-06-04,11:30:30,0,0,5
2017-06-04,11:30:31,0,0,5
2017-06-04,11:30:32,0,0,5
2017-06-04,11:30:33,0,0,5
2017-06-04,11:30:34,0,0,5
2017-06-04,11:30:35,0,0,5
2017-06-04,11:30:36,0,0,5
2017-06-04,11:30:37,0,0,5
2017-06-04,11:30:38,0,0,5
2017-06-04,11:30:39,0,0,5
2017-06-04,11:30:40,0,0,5
2017-06-04,11:30:41,0,0,5
2017-06-04,11:30:42,0,0,5
2017-06-04,11:30:43,0,0,5
2017-06-04,11:30:44,0,0,5
2017-06-04,11:30:45,0,0,5
2017-06-04,11:30:46,0,0,5
2017-06-04,11:30:47,0,0,5
2017-06-04,11:30:48,0,0,5
2017-06-04,11:30:49,0,0,5
2017-06-04,11:30:50,0,0,5
2017-06-04,11:30:51,0,0,5
2017-06-04,11:30:52,0,0,5
2017-06-04,11:30:53,0,0,5
2017-06-04,11:30:54,0,0,5
2017-06-04,11:30:55,0,0,5
2017-06-04,11:30:56,0,0,5
2017-06-04,11:30:57,0,0,5
2017-06-04,11:30:58,0,0,5
2017-06-04,11:30:59,0,0,5
2017-06-04,11:31:00,0,0,5
2017-06-04,11:31:01,0,0,5
2017-06-04,11:31:02,0,0,5
2017-06-04,11:31:03,0,0,5
2017-06-04,11:31:04,0,0,5
2017-06-04,11:31:05,0,0,5
2017-06-04,11:31:06,0,0,5
2017-06-04,11:31:07,0,0,5
2017-06-04,11:31:08,0,0,6
2017-06-04,11:31:09,0,0,6
2017-06-04,11:31:10,0,0,6
2017-06-04,11:31:11,0,0,6
2017-06-04,11:31:12,0,0,6
2017-06-04,11:31:13,0,0,6
2017-06-04,11:31:14,0,0,6
2017-06-04,11:31:15,0,0,6
2017-06-04,11:31:16,0,0,6
2017-06-04,11:31:17,0,0,6
2017-06-04,11:31:18,0,0,6
2017-06-04,11:31:19,0,0,6
2017-06-04,11:31:20,0,0,6
2017-06-04,11:31:21,0,0,6
2017-06-04,11:31:22,0,0,6
2017-06-04,11:31:23,0,0,6
2017-06-04,11:31:24,0,0,6
2017-06-04,11:31:25,0,0,6
2017-06-04,11:31:26,0,0,6
2017-06-04,11:31:27,0,0,6
2017-06-04,11:31:28,0,0,6
2017-06-04,11:31:29,0,0,6
2017-06-04,11:31:30,0,0,6
2017-06-04,11:31:31,0,0,6
2017-06-04,11:31:32,0,0,6
2017-06-04,11:31:33,0,0,6
2017-06-04,11:31:34,0,0,6
2017-06-04,11:31:35,0,0,6
2017-06-04,11:31:36,0,0,6
2017-06-04,11:31:37,0,0,6
2017-06-04,11:31:38,0,0,6
2017-06-04,11:31:39,0,0,6
2017-06-04,11:31:40,0,0,6
2017-06-04,11:31:41,0,0,6
2017-06-04,11:31:42,0,0,6
2017-06-04,11:31:43,0,0,6
2017-06-04,11:31:44,0,0,6
2017-06-04,11:31:45,0,0,6
2017-06-04,11:31:46,0,0,6
2017-06-04,11:31:47,0,0,6
2017-06-04,11:31:48,0,0,6
2017-06-04,11:31:49,0,0,6
2017-06-04,11:31:50,0,0,6
2017-06-04,11:31:51,0,0,6
2017-06-04,11:31:52,0,0,6
2017-06-04,11:31:53,0,0,6
2017-06-04,11:31:54,0,0,6
2017-06-04,11:31:55,0,0,6
2017-06-04,11:31:56,0,0,6
2017-06-04,11:31:57,0,0,6
2017-06-04,11:31:58,0,0,6
2017-06-04,11:31:59,0,0,6
2017-06-04,11:32:00,0,0,6
2017-06-04,11:32:01,0,0,6
2017-06-04,11:32:02,0,0,6
2017-06-04,11:32:03,0,0,6
2017-06-04,11:32:04,0,0,6
2017-06-04,11:32:05,0,0,6
2017-06-04,11:32:06,0,0,6
2017-06-04,11:32:07,0,0,6
2017-06-04,11:32:08,0,0,7
2017-06-04,11:32:09,0,0,7
2017-06-04,11:32:10,0,0,7
2017-06-04,11:32:11,0,0,7
2017-06-04,11:32:12,0,0,7
2017-06-04,11:32:13,0,0,7
2017-06-04,11:32:14,0,0,7
2017-06-04,11:32:15,0,0,7
2017-06-04,11:32:16,0,0,7
2017-06-04,11:32:17,0,0,7
2017-06-04,11:32:18,0,0,7
2017-06-04,11:32:19,0,0,7
2017-06-04,11:32:20,0,0,7
2017-06-04,11:32:21,0,0,7
2017-06-04,11:32:22,0,0,7
2017-06-04,11:32:23,0,0,7
2017-06-04,11:32:24,0,0,7
2017-06-04,11:32:25,0,0,7
2017-06-04,11:32:26,0,0,7
2017-06-04,11:32:27,0,0,7
2017-06-04,11:32:28,0,0,7
2017-06-04,11:32:29,0,0,7
2017-06-04,11:32:30,0,0,7
2017-06-04,11:32:31,0,0,7
2017-06-04,11:32:32,0,0,7
2017-06-04,11:32:33,0,0,7
2017-06-04,11:32:34,0,0,7
2017-06-04,11:32:35,0,0,7
2017-06-04,11:32:36,0,0,7
2017-06-04,11:32:37,0,0,7
2017-06-04,11:32:38,0,0,7
2017-06-04,11:32:39,0,0,7
2017-06-04,11:32:40,0,0,7
2017-06-04,11:32:41,0,0,7
2017-06-04,11:32:42,0,0,7
2017-06-04,11:32:43,0,0,7
2017-06-04,11:32:44,0,0,7
2017-06-04,11:32:45,0,0,7
2017-06-04,11:32:46,0,0,7
2017-06-04,11:32:47,0,0,7
2017-06-04,11:32:48,0,0,7
2017-06-04,11:32:49,0,0,7
2017-06-04,11:32:50,0,0,7
2017-06-04,11:32:51,0,0,7
2017-06-04,11:32:52,0,0,7
2017-06-04,11:32:53,0,0,7
2017-06-04,11:32:54,0,0,7
2017-06-04,11:32:55,0,0,7
2017-06-04,11:32:56,0,0,7
2017-06-04,11:32:57,0,0,7
2017-06-04,11:32:58,0,0,7
2017-06-04,11:32:59,0,0,7
2017-06-04,11:33:00,0,0,7
2017-06-04,11:33:01,0,0,7
2017-06-04,11:33:02,0,0,7
2017-06-04,11:33:03,0,0,7
2017-06-04,11:33:04,0,0,7
2017-06-04,11:33:05,0,0,7
2017-06-04,11:33:06,0,0,7
2017-06-04,11:33:07,0,0,7
2017-06-04,11:33:08,0,0,1
2017-06-04,11:33:09,0,0,1
2017-06-04,11:33:10,0,0,1
2017-06-04,11:33:11,0,0,1
2017-06-04,11:33:12,0,0,1
2017-06-04,11:33:13,0,0,1
2017-06-04,11:33:14,0,0,1
2017-06-04,11:33:15,0,0,1
2017-06-04,11:33:16,0,0,1
2017-06-04,11:33:17,0,0,1
2017-06-04,11:33:18,0,0,1
2017-06-04,11:33:19,0,0,1
2017-06-04,11:33:20,0,0,1
2017-06-04,11:33:21,0,0,1
2017-06-04,11:33:22,0,0,1
2017-06-04,11:33:23,0,0,1
2017-06-04,11:33:24,0,0,1
2017-06-04,11:33:25,0,0,1
2017-06-04,11:33:26,0,0,1
2017-06-04,11:33:27,0,0,1
2017-06-04,11:33:28,0,0,1
2017-06-04,11:33:29,0,0,1
2017-06-04,11:33:30,0,0,1
2017-06-04,11:33:31,0,0,1
2017-06-04,11:33:32,0,0,1
2017-06-04,11:33:33,0,0,1
2017-06-04,11:33:34,0,0,1
2017-06-04,11:33:35,0,0,1
2017-06-04,11:33:36,0,0,1
2017-06-04,11:33:37,0,0,1
2017-06-04,11:33:38,0,0,1
2017-06-04,11:33:39,0,0,1
2017-06-04,11:33:40,0,0,1
2017-06-04,11:33:41,0,0,1
2017-06-04,11:33:42,0,0,1
2017-06-04,11:33:43,0,0,1
2017-06-04,11:33:44,0,0,1
2017-06-04,11:33:45,0,0,1
2017-06-04,11:33:46,0,0,1
2017-06-04,11:33:47,0,0,1
2017-06-04,11:33:48,0,0,1
2017-06-04,11:33:49,0,0,1
2017-06-04,11:33:50,0,0,1
2017-06-04,11:33:51,0,0,1
2017-06-04,11:33:52,0,0,1
2017-06-04,11:33:53,0,0,1
2017-06-04,11:33:54,0,0,1
2017-06-04,11:33:55,0,0,1
2017-06-04,11:33:56,0,0,1
2017-06-04,11:33:57,0,0,1
2017-06-04,11:33:58,0,0,1
2017-06-04,11:33:59,0,0,1
2017-06-04,11:34:00,0,0,1
2017-06-04,11:34:01,0,0,1
2017-06-04,11:34:02,0,0,1
2017-06-04,11:34:03,0,0,1
2017-06-04,11:34:04,0,0,1
2017-06-04,11:34:05,0,0,1
2017-06-04,11:34:06,0,0,1
2017-06-04,11:34:07,0,0,1
2017-06-04,11:34:08,0,0,2
2017-06-04,11:34:09,0,0,2
2017-06-04,11:34:10,0,0,2
2017-06-04,11:34:11,0,0,2
2017-06-04,11:34:12,0,0,2
2017-06-04,11:34:13,0,0,2
2017-06-04,11:34:14,0,0,2
2017-06-04,11:34:15,0,0,2
2017-06-04,11:34:16,0,0,2
2017-06-04,11:34:17,0,0,2
2017-06-04,11:34:18,0,0,2
2017-06-04,11:34:19,0,0,2
2017-06-04,11:34:20,0,0,2
2017-06-04,11:34:21,0,0,2
2017-06-04,11:34:22,0,0,2
2017-06-04,11:34:23,0,0,2
2017-06-04,11:34:24,0,0,2
2017-06-04,11:34:25,0,0,2
2017-06-04,11:34:26,0,0,2
2017-06-04,11:34:27,0,0,2
2017-06-04,11:34:28,0,0,2
2017-06-04,11:34:29,0,0,2
2017-06-04,11:34:30,0,0,2
2017-06-04,11:34:31,0,0,2
2017-06-04,11:34:32,0,0,2
2017-06-04,11:34:33,0,0,2
2017-06-04,11:34:34,0,0,2
2017-06-04,11:34:35,0,0,2
2017-06-04,11:34:36,0,0,2
2017-06-04,11:34:37,0,0,2
2017-06-04,11:34:38,0,0,2
2017-06-04,11:34:39,0,0,2
2017-06-04,11:34:40,0,0,2
2017-06-04,11:34:41,0,0,2
2017-06-04,11:34:42,0,0,2
2017-06-04,11:34:43,0,0,2
2017-06-04,11:34:44,0,0,2
2017-06-04,11:34:45,0,0,2
2017-06-04,11:34:46,0,0,2
2017-06-04,11:34:47,0,0,2
2017-06-04,11:34:48,0,0,2
2017-06-04,11:34:49,0,0,2
2017-06-04,11:34:50,0,0,2
2017-06-04,11:34:51,0,0,2
2017-06-04,11:34:52,0,0,2
2017-06-04,11:34:53,0,0,2
2017-06-04,11:34:54,0,0,2
2017-06-04,11:34:55,0,0,2
2017-06-04,11:34:56,0,0,2
2017-06-04,11:34:57,0,0,2
2017-06-04,11:34:58,0,0,2
2017-06-04,11:34:59,0,0,2
2017-06-04,11:35:00,0,0,2
2017-06-04,11:35:01,0,0,2
2017-06-04,11:35:02,0,0,2
2017-06-04,11:35:03,0,0,2
2017-06-04,11:35:04,0,0,2
2017-06-04,11:35:05,0,0,2
2017-06-04,11:35:06,0,0,2
2017-06-04,11:35:07,0,0,2
2017-06-04,11:35:08,0,0,3
2017-06-04,11:35:09,0,0,3
2017-06-04,11:35:10,0,0,3
2017-06-04,11:35:11,0,0,3
2017-06-04,11:35:12,0,0,3
2017-06-04,11:35:13,0,0,3
2017-06-04,11:35:14,0,0,3
2017-06-04,11:35:15,0,0,3
2017-06-04,11:35:16,0,0,3
2017-06-04,11:35:17,0,0,3
2017-06-04,11:35:18,0,0,3
2017-06-04,11:35:19,0,0,3
2017-06-04,11:35:20,0,0,3
2017-06-04,11:35:21,0,0,3
2017-06-04,11:35:22,0,0,3
2017-06-04,11:35:23,0,0,3
2017-06-04,11:35:24,0,0,3
2017-06-04,11:35:25,0,0,3
2017-06-04,11:35:26,0,0,3
2017-06-04,11:35:27,0,0,3
2017-06-04,11:35:28,0,0,3
2017-06-04,11:35:29,0,0,3
2017-06-04,11:35:30,0,0,3
2017-06-04,11:35:31,0,0,3
2017-06-04,11:35:32,0,0,3
2017-06-04,11:35:33,0,0,3
2017-06-04,11:35:34,0,0,3
2017-06-04,11:35:35,0,0,3
2017-06-04,11:35:36,0,0,3
2017-06-04,11:35:37,0,0,3
2017-06-04,11:35:38,0,0,3
2017-06-04,11:35:39,0,0,3
2017-06-04,11:35:40,0,0,3
2017-06-04,11:35:41,0,0,3
2017-06-04,11:35:42,0,0,3
2017-06-04,11:35:43,0,0,3
2017-06-04,11:35:44,0,0,3
2017-06-04,11:35:45,0,0,3
2017-06-04,11:35:46,0,0,3
2017-06-04,11:35:47,0,0,3
2017-06-04,11:35:48,0,0,3
2017-06-04,11:35:49,0,0,3
2017-06-04,11:35:50,0,0,3
2017-06-04,11:35:51,0,0,3
2017-06-04,11:35:52,0,0,3
2017-06-04,11:35:53,0,0,3
2017-06-04,11:35:54,0,0,3
2017-06-04,11:35:55,0,0,3
2017-06-04,11:35:56,0,0,3
2017-06-04,11:35:57,0,0,3
2017-06-04,11:35:58,0,0,3
2017-06-04,11:35:59,0,0,3
2017-06-04,11:36:00,0,0,3
2017-06-04,11:36:01,0,0,3
2017-06-04,11:36:02,0,0,3
2017-06-04,11:36:03,0,0,3
2017-06-04,11:36:04,0,0,3
2017-06-04,11:36:05,0,0,3
2017-06-04,11:36:06,0,0,3
2017-06-04,11:36:07,0,0,3
2017-06-04,11:36:08,0,0,4
2017-06-04,11:36:09,0,0,4
2017-06-04,11:36:10,0,0,4
2017-06-04,11:36:11,0,0,4
2017-06-04,11:36:12,0,0,4
2017-06-04,11:36:13,0,0,4
2017-06-04,11:36:14,0,0,4
2017-06-04,11:36:15,0,0,4
2017-06-04,11:36:16,0,0,4
2017-06-04,11:36:17,0,0,4
2017-06-04,11:36:18,0,0,4
2017-06-04,11:36:19,0,0,4
2017-06-04,11:36:20,0,0,4
2017-06-04,11:36:21,0,0,4
2017-06-04,11:36:22,0,0,4
2017-06-04,11:36:23,0,0,4
2017-06-04,11:36:24,0,0,4
2017-06-04,11:36:25,0,0,4
2017-06-04,11:36:26,0,0,4
2017-06-04,11:36:27,0,0,4
2017-06-04,11:36:28,0,0,4
2017-06-04,11:36:29,0,0,4
2017-06-04,11:36:30,0,0,4
2017-06-04,11:36:31,0,0,4
2017-06-04,11:36:32,0,0,4
2017-06-04,11:36:33,0,0,4
2017-06-04,11:36:34,0,0,4
2017-06-04,11:36:35,0,0,4
2017-06-04,11:36:36,0,0,4
2017-06-04,11:36:37,0,0,4
2017-06-04,11:36:38,0,0,4
2017-06-04,11:36:39,0,0,4
2017-06-04,11:36:40,0,0,4
2017-06-04,11:36:41,0,0,4
2017-06-04,11:36:42,0,0,4
2017-06-04,11:36:43,0,0,4
2017-06-04,11:36:44,0,0,4
2017-06-04,11:36:45,0,0,4
2017-06-04,11:36:46,0,0,4
2017-06-04,11:36:47,0,0,4
2017-06-04,11:36:48,0,0,4
2017-06-04,11:36:49,0,0,4
2017-06-04,11:36:50,0,0,4
2017-06-04,11:36:51,0,0,4
2017-06-04,11:36:52,0,0,4
2017-06-04,11:36:53,0,0,4
2017-06-04,11:36:54,0,0,4
2017-06-04,11:36:55,0,0,4
2017-06-04,11:36:56,0,0,4
2017-06-04,11:36:57,0,0,4
2017-06-04,11:36:58,0,0,4
2017-06-04,11:36:59,0,0,4
2017-06-04,11:37:00,0,0,4
2017-06-04,11:37:01,0,0,4
2017-06-04,11:37:02,0,0,4
2017-06-04,11:37:03,0,0,4
2017-06-04,11:37:04,0,0,4
2017-06-04,11:37:05,0,0,4
2017-06-04,11:37:06,0,0,4
2017-06-04,11:37:07,0,0,4
2017-06-04,11:37:08,0,0,5
2017-06-04,11:37:09,0,0,5
2017-06-04,11:37:10,0,0,5
2017-06-04,11:37:11,0,0,5
2017-06-04,11:37:12,0,0,5
2017-06-04,11:37:13,0,0,5
2017-06-04,11:37:14,0,0,5
2017-06-04,11:37:15,0,0,5
2017-06-04,11:37:16,0,0,5
2017-06-04,11:37:17,0,0,5
2017-06-04,11:37:18,0,0,5
2017-06-04,11:37:19,0,0,5
2017-06-04,11:37:20,0,0,5
2017-06-04,11:37:21,0,0,5
2017-06-04,11:37:22,0,0,5
2017-06-04,11:37:23,0,0,5
2017-06-04,11:37:24,0,0,5
2017-06-04,11:37:25,0,0,5
2017-06-04,11:37:26,0,0,5
2017-06-04,11:37:27,0,0,5
2017-06-04,11:37:28,0,0,5
2017-06-04,11:37:29,0,0,5
2017-06-04,11:37:30,0,0,5
2017-06-04,11:37:31,0,0,5
2017-06-04,11:37:32,0,0,5
2017-06-04,11:37:33,0,0,5
2017-06-04,11:37:34,0,0,5
2017-06-04,11:37:35,0,0,5
2017-06-04,11:37:36,0,0,5
2017-06-04,11:37:37,0,0,5
2017-06-04,11:37:38,0,0,5
2017-06-04,11:37:39,0,0,5
2017-06-04,11:37:40,0,0,5
2017-06-04,11:37:41,0,0,5
2017-06-04,11:37:42,0,0,5
2017-06-04,11:37:43,0,0,5
2017-06-04,11:37:44,0,0,5
2017-06-04,11:37:45,0,0,5
2017-06-04,11:37:46,0,0,5
2017-06-04,11:37:47,0,0,5
2017-06-04,11:37:48,0,0,5
2017-06-04,11:37:49,0,0,5
2017-06-04,11:37:50,0,0,5
2017-06-04,11:37:51,0,0,5
2017-06-04,11:37:52,0,0,5
2017-06-04,11:37:53,0,0,5
2017-06-04,11:37:54,0,0,5
2017-06-04,11:37:55,0,0,5
2017-06-04,11:37:56,0,0,5
2017-06-04,11:37:57,0,0,5
2017-06-04,11:37:58,0,0,5
2017-06-04,11:37:59,0,0,5
2017-06-04,11:38:00,0,0,5
2017-06-04,11:38:01,0,0,5
2017-06-04,11:38:02,0,0,5
2017-06-04,11:38:03,0,0,5
2017-06-04,11:38:04,0,0,5
2017-06-04,11:38:05,0,0,5
2017-06-04,11:38:06,0,0,5
2017-06-04,11:38:07,0,0,5
2017-06-04,11:38:08,0,0,6
2017-06-04,11:38:09,0,0,6
2017-06-04,11:38:10,0,0,6
2017-06-04,11:38:11,0,0,6
2017-06-04,11:38:12,0,0,6
2017-06-04,11:38:13,0,0,6
2017-06-04,11:38:14,0,0,6
2017-06-04,11:38:15,0,0,6
2017-06-04,11:38:16,0,0,6
2017-06-04,11:38:17,0,0,6
2017-06-04,11:38:18,0,0,6
2017-06-04,11:38:19,0,0,6
2017-06-04,11:38:20,0,0,6
2017-06-04,11:38:21,0,0,6
2017-06-04,11:38:22,0,0,6
2017-06-04,11:38:23,0,0,6
2017-06-04,11:38:24,0,0,6
2017-06-04,11:38:25,0,0,6
2017-06-04,11:38:26,0,0,6
2017-06-04,11:38:27,0,0,6
2017-06-04,11:38:28,0,0,6
2017-06-04,11:38:29,0,0,6
2017-06-04,11:38:30,0,0,6
2017-06-04,11:38:31,0,0,6
2017-06-04,11:38:32,0,0,6
2017-06-04,11:38:33,0,0,6
2017-06-04,11:38:34,0,0,6
2017-06-04,11:38:35,0,0,6
2017-06-04,11:38:36,0,0,6
2017-06-04,11:38:37,0,0,6
2017-06-04,11:38:38,0,0,6
2017-06-04,11:38:39,0,0,6
2017-06-04,11:38:40,0,0,6
2017-06-04,11:38:41,0,0,6
2017-06-04,11:38:42,0,0,6
2017-06-04,11:38:43,0,0,6
2017-06-04,11:38:44,0,0,6
2017-06-04,11:38:45,0,0,6
2017-06-04,11:38:46,0,0,6
2017-06-04,11:38:47,0,0,6
2017-06-04,11:38:48,0,0,6
2017-06-04,11:38:49,0,0,6
2017-06-04,11:38:50,0,0,6
2017-06-04,11:38:51,0,0,6
2017-06-04,11:38:52,0,0,6
2017-06-04,11:38:53,0,0,6
2017-06-04,11:38:54,0,0,6
2017-06-04,11:38:55,0,0,6
2017-06-04,11:38:56,0,0,6
2017-06-04,11:38:57,0,0,6
2017-06-04,11:38:58,0,0,6
2017-06-04,11:38:59,0,0,6
2017-06-04,11:39:00,0,0,6
2017-06-04,11:39:01,0,0,6
2017-06-04,11:39:02,0,0,6
2017-06-04,11:39:03,0,0,6
2017-06-04,11:39:04,0,0,6
2017-06-04,11:39:05,0,0,6
2017-06-04,11:39:06,0,0,6
2017-06-04,11:39:07,0,0,6
2017-06-04,11:39:08,0,0,7
2017-06-04,11:39:09,0,0,7
2017-06-04,11:39:10,0,0,7
2017-06-04,11:39:11,0,0,7
2017-06-04,11:39:12,0,0,7
2017-06-04,11:39:13,0,0,7
2017-06-04,11:39:14,0,0,7
2017-06-04,11:39:15,0,0,7
2017-06-04,11:39:16,0,0,7
2017-06-04,11:39:17,0,0,7
2017-06-04,11:39:18,0,0,7
2017-06-04,11:39:19,0,0,7
2017-06-04,11:39:20,0,0,7
2017-06-04,11:39:21,0,0,7
2017-06-04,11:39:22,0,0,7
2017-06-04,11:39:23,0,0,7
2017-06-04,11:39:24,0,0,7
2017-06-04,11:39:25,0,0,7
2017-06-04,11:39:26,0,0,7
2017-06-04,11:39:27,0,0,7
2017-06-04,11:39:28,0,0,7
2017-06-04,11:39:29,0,0,7
2017-06-04,11:39:30,0,0,7
2017-06-04,11:39:31,0,0,7
2017-06-04,11:39:32,0,0,7
2017-06-04,11:39:33,0,0,7
2017-06-04,11:39:34,0,0,7
2017-06-04,11:39:35,0,0,7
2017-06-04,11:39:36,0,0,7
2017-06-04,11:39:37,0,0,7
2017-06-04,11:39:38,0,0,7
2017-06-04,11:39:39,0,0,7
2017-06-04,11:39:40,0,0,7
2017-06-04,11:39:41,0,0,7
2017-06-04,11:39:42,0,0,7
2017-06-04,11:39:43,0,0,7
2017-06-04,11:39:44,0,0,7
2017-06-04,11:39:45,0,0,7
2017-06-04,11:39:46,0,0,7
2017-06-04,11:39:47,0,0,7
2017-06-04,11:39:48,0,0,7
2017-06-04,11:39:49,0,0,7
2017-06-04,11:39:50,0,0,7
2017-06-04,11:39:51,0,0,7
2017-06-04,11:39:52,0,0,7
2017-06-04,11:39:53,0,0,7
2017-06-04,11:39:54,0,0,7
2017-06-04,11:39:55,0,0,7
2017-06-04,11:39:56,0,0,7
2017-06-04,11:39:57,0,0,7
2017-06-04,11:39:58,0,0,7
2017-06-04,11:39:59,0,0,7
2017-06-04,11:40:00,0,0,7
2017-06-04,11:40:01,0,0,7
2017-06-04,11:40:02,0,0,7
2017-06-04,11:40:03,0,0,7
2017-06-04,11:40:04,0,0,7
2017-06-04,11:40:05,0,0,7
2017-06-04,11:40:06,0,0,7
2017-06-04,11:40:07,0,0,7
2017-06-04,11:40:08,0,0,1
2017-06-04,11:40:09,0,0,1
2017-06-04,11:40:10,0,0,1
2017-06-04,11:40:11,0,0,1
2017-06-04,11:40:12,0,0,1
2017-06-04,11:40:13,0,0,1
2017-06-04,11:40:14,0,0,1
2017-06-04,11:40:15,0,0,1
2017-06-04,11:40:16,0,0,1
2017-06-04,11:40:17,0,0,1
2017-06-04,11:40:18,0,0,1
2017-06-04,11:40:19,0,0,1
2017-06-04,11:40:20,0,0,1
2017-06-04,11:40:21,0,0,1
2017-06-04,11:40:22,0,0,1
2017-06-04,11:40:23,0,0,1
2017-06-04,11:40:24,0,0,1
2017-06-04,11:40:25,0,0,1
2017-06-04,11:40:26,0,0,1
2017-06-04,11:40:27,0,0,1
2017-06-04,11:40:28,0,0,1
2017-06-04,11:40:29,0,0,1
2017-06-04,11:40:30,0,0,1
2017-06-04,11:40:31,0,0,1
2017-06-04,11:40:32,0,0,1
2017-06-04,11:40:33,0,0,1
2017-06-04,11:40:34,0,0,1
2017-06-04,11:40:35,0,0,1
2017-06-04,11:40:36,0,0,1
2017-06-04,11:40:37,0,0,1
2017-06-04,11:40:38,0,0,1
2017-06-04,11:40:39,0,0,1
2017-06-04,11:40:40,0,0,1
2017-06-04,11:40:41,0,0,1
2017-06-04,11:40:42,0,0,1
2017-06-04,11:40:43,0,0,1
2017-06-04,11:40:44,0,0,1
2017-06-04,11:40:45,0,0,1
2017-06-04,11:40:46,0,0,1
2017-06-04,11:40:47,0,0,1
2017-06-04,11:40:48,0,0,1
2017-06-04,11:40:49,0,0,1
2017-06-04,11:40:50,0,0,1
2017-06-04,11:40:51,0,0,1
2017-06-04,11:40:52,0,0,1
2017-06-04,11:40:53,0,0,1
2017-06-04,11:40:54,0,0,1
2017-06-04,11:40:55,0,0,1
2017-06-04,11:40:56,0,0,1
2017-06-04,11:40:57,0,0,1
2017-06-04,11:40:58,0,0,1
2017-06-04,11:40:59,0,0,1
2017-06-04,11:41:00,0,0,1
2017-06-04,11:41:01,0,0,1
2017-06-04,11:41:02,0,0,1
2017-06-04,11:41:03,0,0,1
2017-06-04,11:41:04,0,0,1
2017-06-04,11:41:05,0,0,1
2017-06-04,11:41:06,0,0,1
2017-06-04,11:41:07,0,0,1
2017-06-04,11:41:08,0,0,2
2017-06-04,11:41:09,0,0,2
2017-06-04,11:41:10,0,0,2
2017-06-04,11:41:11,0,0,2
2017-06-04,11:41:12,0,0,2
2017-06-04,11:41:13,0,0,2
2017-06-04,11:41:14,0,0,2
2017-06-04,11:41:15,0,0,2
2017-06-04,11:41:16,0,0,2
2017-06-04,11:41:17,0,0,2
2017-06-04,11:41:18,0,0,2
2017-06-04,11:41:19,0,0,2
2017-06-04,11:41:20,0,0,2
2017-06-04,11:41:21,0,0,2
2017-06-04,11:41:22,0,0,2
2017-06-04,11:41:23,0,0,2
2017-06-04,11:41:24,0,0,2
2017-06-04,11:41:25,0,0,2
2017-06-04,11:41:26,0,0,2
2017-06-04,11:41:27,0,0,2
2017-06-04,11:41:28,0,0,2
2017-06-04,11:41:29,0,0,2
2017-06-04,11:41:30,0,0,2
2017-06-04,11:41:31,0,0,2
2017-06-04,11:41:32,0,0,2
2017-06-04,11:41:33,0,0,2
2017-06-04,11:41:34,0,0,2
2017-06-04,11:41:35,0,0,2
2017-06-04,11:41:36,0,0,2
2017-06-04,11:41:37,0,0,2
2017-06-04,11:41:38,0,0,2
2017-06-04,11:41:39,0,0,2
2017-06-04,11:41:40,0,0,2
2017-06-04,11:41:41,0,0,2
2017-06-04,11:41:42,0,0,2
2017-06-04,11:41:43,0,0,2
2017-06-04,11:41:44,0,0,2
2017-06-04,11:41:45,0,0,2
2017-06-04,11:41:46,0,0,2
2017-06-04,11:41:47,0,0,2
2017-06-04,11:41:48,0,0,2
2017-06-04,11:41:49,0,0,2
2017-06-04,11:41:50,0,0,2
2017-06-04,11:41:51,0,0,2
2017-06-04,11:41:52,0,0,2
2017-06-04,11:41:53,0,0,2
2017-06-04,11:41:54,0,0,2
2017-06-04,11:41:55,0,0,2
2017-06-04,11:41:56,0,0,2
2017-06-04,11:41:57,0,0,2
2017-06-04,11:41:58,0,0,2
2017-06-04,11:41:59,0,0,2
2017-06-04,11:42:00,0,0,2
2017-06-04,11:42:01,0,0,2
2017-06-04,11:42:02,0,0,2
2017-06-04,11:42:03,0,0,2
2017-06-04,11:42:04,0,0,2
2017-06-04,11:42:05,0,0,2
2017-06-04,11:42:06,0,0,2
2017-06-04,11:42:07,0,0,2
2017-06-04,11:42:08,0,0,3
2017-06-04,11:42:09,0,0,3
2017-06-04,11:42:10,0,0,3
2017-06-04,11:42:11,0,0,3
2017-06-04,11:42:12,0,0,3
2017-06-04,11:42:13,0,0,3
2017-06-04,11:42:14,0,0,3
2017-06-04,11:42:15,0,0,3
2017-06-04,11:42:16,0,0,3
2017-06-04,11:42:17,0,0,3
2017-06-04,11:42:18,0,0,3
2017-06-04,11:42:19,0,0,3
2017-06-04,11:42:20,0,0,3
2017-06-04,11:42:21,0,0,3
2017-06-04,11:42:22,0,0,3
2017-06-04,11:42:23,0,0,3
2017-06-04,11:42:24,0,0,3
2017-06-04,11:42:25,0,0,3
2017-06-04,11:42:26,0,0,3
2017-06-04,11:42:27,0,0,3
2017-06-04,11:42:28,0,0,3
2017-06-04,11:42:29,0,0,3
2017-06-04,11:42:30,0,0,3
2017-06-04,11:42:31,0,0,3
2017-06-04,11:42:32,0,0,3
2017-06-04,11:42:33,0,0,3
2017-06-04,11:42:34,0,0,3
2017-06-04,11:42:35,0,0,3
2017-06-04,11:42:36,0,0,3
2017-06-04,11:42:37,0,0,3
2017-06-04,11:42:38,0,0,3
2017-06-04,11:42:39,0,0,3
2017-06-04,11:42:40,0,0,3
2017-06-04,11:42:41,0,0,3
2017-06-04,11:42:42,0,0,3
2017-06-04,11:42:43,0,0,3
2017-06-04,11:42:44,0,0,3
2017-06-04,11:42:45,0,0,3
2017-06-04,11:42:46,0,0,3
2017-06-04,11:42:47,0,0,3
2017-06-04,11:42:48,0,0,3
2017-06-04,11:42:49,0,0,3
2017-06-04,11:42:50,0,0,3
2017-06-04,11:42:51,0,0,3
2017-06-04,11:42:52,0,0,3
2017-06-04,11:42:53,0,0,3
2017-06-04,11:42:54,0,0,3
2017-06-04,11:42:55,0,0,3
2017-06-04,11:42:56,0,0,3
2017-06-04,11:42:57,0,0,3
2017-06-04,11:42:58,0,0,3
2017-06-04,11:42:59,0,0,3
2017-06-04,11:43:00,0,0,3
2017-06-04,11:43:01,0,0,3
2017-06-04,11:43:02,0,0,3
2017-06-04,11:43:03,0,0,3
2017-06-04,11:43:04,0,0,3
2017-06-04,11:43:05,0,0,3
2017-06-04,11:43:06,0,0,3
2017-06-04,11:43:07,0,0,3
2017-06-04,11:43:08,0,0,4
2017-06-04,11:43:09,0,0,4
2017-06-04,11:43:10,0,0,4
2017-06-04,11:43:11,0,0,4
2017-06-04,11:43:12,0,0,4
2017-06-04,11:43:13,0,0,4
2017-06-04,11:43:14,0,0,4
2017-06-04,11:43:15,0,0,4
2017-06-04,11:43:16,0,0,4
2017-06-04,11:43:17,0,0,4
2017-06-04,11:43:18,0,0,4
2017-06-04,11:43:19,0,0,4
2017-06-04,11:43:20,0,0,4
2017-06-04,11:43:21,0,0,4
2017-06-04,11:43:22,0,0,4
2017-06-04,11:43:23,0,0,4
2017-06-04,11:43:24,0,0,4
2017-06-04,11:43:25,0,0,4
2017-06-04,11:43:26,0,0,4
2017-06-04,11:43:27,0,0,4
2017-06-04,11:43:28,0,0,4
2017-06-04,11:43:29,0,0,4
2017-06-04,11:43:30,0,0,4
2017-06-04,11:43:31,0,0,4
2017-06-04,11:43:32,0,0,4
2017-06-04,11:43:33,0,0,4
2017-06-04,11:43:34,0,0,4
2017-06-04,11:43:35,0,0,4
2017-06-04,11:43:36,0,0,4
2017-06-04,11:43:37,0,0,4
2017-06-04,11:43:38,0,0,4
2017-06-04,11:43:39,0,0,4
2017-06-04,11:43:40,0,0,4
2017-06-04,11:43:41,0,0,4
2017-06-04,11:43:42,0,0,4
2017-06-04,11:43:43,0,0,4
2017-06-04,11:43:44,0,0,4
2017-06-04,11:43:45,0,0,4
2017-06-04,11:43:46,0,0,4
2017-06-04,11:43:47,0,0,4
2017-06-04,11:43:48,0,0,4
2017-06-04,11:43:49,0,0,4
2017-06-04,11:43:50,0,0,4
2017-06-04,11:43:51,0,0,4
2017-06-04,11:43:52,0,0,4
2017-06-04,11:43:53,0,0,4
2017-06-04,11:43:54,0,0,4
2017-06-04,11:43:55,0,0,4
2017-06-04,11:43:56,0,0,4
2017-06-04,11:43:57,0,0,4
2017-06-04,11:43:58,0,0,4
2017-06-04,11:43:59,0,0,4
2017-06-04,11:44:00,0,0,4
2017-06-04,11:44:01,0,0,4
2017-06-04,11:44:02,0,0,4
2017-06-04,11:44:03,0,0,4
2017-06-04,11:44:04,0,0,4
2017-06-04,11:44:05,0,0,4
2017-06-04,11:44:06,0,0,4
2017-06-04,11:44:07,0,0,4
2017-06-04,11:44:08,0,0,5
2017-06-04,11:44:09,0,0,5
2017-06-04,11:44:10,0,0,5
2017-06-04,11:44:11,0,0,5
2017-06-04,11:44:12,0,0,5
2017-06-04,11:44:13,0,0,5
2017-06-04,11:44:14,0,0,5
2017-06-04,11:44:15,0,0,5
2017-06-04,11:44:16,0,0,5
2017-06-04,11:44:17,0,0,5
2017-06-04,11:44:18,0,0,5
2017-06-04,11:44:19,0,0,5
2017-06-04,11:44:20,0,0,5
2017-06-04,11:44:21,0,0,5
2017-06-04,11:44:22,0,0,5
2017-06-04,11:44:23,0,0,5
2017-06-04,11:44:24,0,0,5
2017-06-04,11:44:25,0,0,5
2017-06-04,11:44:26,0,0,5
2017-06-04,11:44:27,0,0,5
2017-06-04,11:44:28,0,0,5
2017-06-04,11:44:29,0,0,5
2017-06-04,11:44:30,0,0,5
2017-06-04,11:44:31,0,0,5
2017-06-04,11:44:32,0,0,5
2017-06-04,11:44:33,0,0,5
2017-06-04,11:44:34,0,0,5
2017-06-04,11:44:35,0,0,5
2017-06-04,11:44:36,0,0,5
2017-06-04,11:44:37,0,0,5
2017-06-04,11:44:38,0,0,5
2017-06-04,11:44:39,0,0,5
2017-06-04,11:44:40,0,0,5
2017-06-04,11:44:41,0,0,5
2017-06-04,11:44:42,0,0,5
2017-06-04,11:44:43,0,0,5
2017-06-04,11:44:44,0,0,5
2017-06-04,11:44:45,0,0,5
2017-06-04,11:44:46,0,0,5
2017-06-04,11:44:47,0,0,5
2017-06-04,11:44:48,0,0,5
2017-06-04,11:44:49,0,0,5
2017-06-04,11:44:50,0,0,5
2017-06-04,11:44:51,0,0,5
2017-06-04,11:44:52,0,0,5
2017-06-04,11:44:53,0,0,5
2017-06-04,11:44:54,0,0,5
2017-06-04,11:44:55,0,0,5
2017-06-04,11:44:56,0,0,5
2017-06-04,11:44:57,0,0,5
2017-06-04,11:44:58,0,0,5
2017-06-04,11:44:59,0,0,5
2017-06-04,11:45:00,0,0,5
2017-06-04,11:45:01,0,0,5
2017-06-04,11:45:02,0,0,5
2017-06-04,11:45:03,0,0,5
2017-06-04,11:45:04,0,0,5
2017-06-04,11:45:05,0,0,5
2017-06-04,11:45:06,0,0,5
2017-06-04,11:45:07,0,0,5
2017-06-04,11:45:08,0,0,6
2017-06-04,11:45:09,0,0,6
2017-06-04,11:45:10,0,0,6
2017-06-04,11:45:11,0,0,6
2017-06-04,11:45:12,0,0,6
2017-06-04,11:45:13,0,0,6
2017-06-04,11:45:14,0,0,6
2017-06-04,11:45:15,0,0,6
2017-06-04,11:45:16,0,0,6
2017-06-04,11:45:17,0,0,6
2017-06-04,11:45:18,0,0,6
2017-06-04,11:45:19,0,0,6
2017-06-04,11:45:20,0,0,6
2017-06-04,11:45:21,0,0,6
2017-06-04,11:45:22,0,0,6
2017-06-04,11:45:23,0,1,3
2017-06-04,11:45:24,0,0,3
2017-06-04,11:45:25,0,0,3
2017-06-04,11:45:26,0,0,3
2017-06-04,11:45:27,0,0,3
2017-06-04,11:45:28,0,0,3
2017-06-04,11:45:29,0,0,3
2017-06-04,11:45:30,0,0,3
2017-06-04,11:45:31,0,0,3
2017-06-04,11:45:32,0,0,3
2017-06-04,11:45:33,0,0,3
2017-06-04,11:45:34,0,0,3
2017-06-04,11:45:35,0,0,3
2017-06-04,11:45:36,0,0,3
2017-06-04,11:45:37,0,0,3
2017-06-04,11:45:38,0,0,3
2017-06-04,11:45:39,0,0,3
2017-06-04,11:45:40,0,0,3
2017-06-04,11:45:41,0,0,3
2017-06-04,11:45:42,0,0,3
2017-06-04,11:45:43,0,0,3
2017-06-04,11:45:44,0,0,3
2017-06-04,11:45:45,0,0,3
2017-06-04,11:45:46,0,0,3
2017-06-04,11:45:47,0,0,3
2017-06-04,11:45:48,0,0,3
2017-06-04,11:45:49,0,0,3
2017-06-04,11:45:50,0,0,3
2017-06-04,11:45:51,0,0,3
2017-06-04,11:45:52,0,0,3
2017-06-04,11:45:53,0,0,3
2017-06-04,11:45:54,0,0,3
2017-06-04,11:45:55,0,0,3
2017-06-04,11:45:56,0,0,3
2017-06-04,11:45:57,0,0,3
2017-06-04,11:45:58,0,0,3
2017-06-04,11:45:59,0,0,3
2017-06-04,11:46:00,0,0,3
2017-06-04,11:46:01,0,0,3
2017-06-04,11:46:02,0,0,3
2017-06-04,11:46:03,0,0,3
2017-06-04,11:46:04,0,0,3
2017-06-04,11:46:05,0,0,3
2017-06-04,11:46:06,0,0,3
2017-06-04,11:46:07,0,0,3
2017-06-04,11:46:08,0,0,3
2017-06-04,11:46:09,0,0,3
2017-06-04,11:46:10,0,0,3
2017-06-04,11:46:11,0,0,3
2017-06-04,11:46:12,0,0,3
2017-06-04,11:46:13,0,0,3
2017-06-04,11:46:14,0,0,3
2017-06-04,11:46:15,0,0,3
2017-06-04,11:46:16,0,0,3
2017-06-04,11:46:17,0,0,3
2017-06-04,11:46:18,0,0,3
2017-06-04,11:46:19,0,0,3
2017-06-04,11:46:20,0,0,3
2017-06-04,11:46:21,0,0,3
2017-06-04,11:46:22,0,0,3
2017-06-04,11:46:23,0,0,3
2017-06-04,11:46:24,0,0,3
2017-06-04,11:46:25,0,0,3
2017-06-04,11:46:26,0,0,3
2017-06-04,11:46:27,0,0,3
2017-06-04,11:46:28,0,0,3
2017-06-04,11:46:29,0,0,3
2017-06-04,11:46:30,0,0,3
2017-06-04,11:46:31,0,0,3
2017-06-04,11:46:32,0,0,3
2017-06-04,11:46:33,0,0,3
2017-06-04,11:46:34,0,0,3
2017-06-04,11:46:35,0,0,3
2017-06-04,11:46:36,0,0,3
2017-06-04,11:46:37,0,0,3
2017-06-04,11:46:38,0,0,3
2017-06-04,11:46:39,0,0,3
2017-06-04,11:46:40,0,0,3
2017-06-04,11:46:41,0,0,3
2017-06-04,11:46:42,0,0,3
2017-06-04,11:46:43,0,0,3
2017-06-04,11:46:44,0,0,3
2017-06-04,11:46:45,0,0,3
2017-06-04,11:46:46,0,0,3
2017-06-04,11:46:47,0,0,3
2017-06-04,11:46:48,0,0,3
2017-06-04,11:46:49,0,0,3
2017-06-04,11:46:50,0,0,3
2017-06-04,11:46:51,0,0,3
2017-06-04,11:46:52,0,0,3
2017-06-04,11:46:53,0,0,3
2017-06-04,11:46:54,0,0,3
2017-06-04,11:46:55,0,0,3
2017-06-04,11:46:56,0,0,3
2017-06-04,11:46:57,0,0,3
2017-06-04,11:46:58,0,0,3
2017-06-04,11:46:59,0,0,3
2017-06-04,11:47:00,0,0,3
2017-06-04,11:47:01,0,0,3
2017-06-04,11:47:02,0,0,3
2017-06-04,11:47:03,0,0,3
2017-06-04,11:47:04,0,0,3
2017-06-04,11:47:05,0,0,3
2017-06-04,11:47:06,0,0,3
2017-06-04,11:47:07,0,0,3
2017-06-04,11:47:08,0,0,3
2017-06-04,11:47:09,0,0,3
2017-06-04,11:47:10,0,0,3
2017-06-04,11:47:11,0,0,3
2017-06-04,11:47:12,0,0,3
2017-06-04,11:47:13,0,0,3
2017-06-04,11:47:14,0,0,3
2017-06-04,11:47:15,0,0,3
2017-06-04,11:47:16,0,0,3
2017-06-04,11:47:17,0,0,3
2017-06-04,11:47:18,0,0,3
2017-06-04,11:47:19,0,0,3
2017-06-04,11:47:20,0,0,3
2017-06-04,11:47:21,0,0,3
2017-06-04,11:47:22,0,0,3
2017-06-04,11:47:23,0,0,3
2017-06-04,11:47:24,0,0,3
2017-06-04,11:47:25,0,0,3
2017-06-04,11:47:26,0,0,3
2017-06-04,11:47:27,0,0,3
2017-06-04,11:47:28,0,0,3
2017-06-04,11:47:29,0,0,3
2017-06-04,11:47:30,0,0,3
2017-06-04,11:47:31,0,0,3
2017-06-04,11:47:32,0,0,3
2017-06-04,11:47:33,0,0,3
2017-06-04,11:47:34,0,0,3
2017-06-04,11:47:35,0,0,3
2017-06-04,11:47:36,0,0,3
2017-06-04,11:47:37,0,0,3
2017-06-04,11:47:38,0,0,3
2017-06-04,11:47:39,0,0,3
2017-06-04,11:47:40,0,0,3
2017-06-04,11:47:41,0,0,3
2017-06-04,11:47:42,0,0,3
2017-06-04,11:47:43,0,0,3
2017-06-04,11:47:44,0,0,3
2017-06-04,11:47:45,0,0,3
2017-06-04,11:47:46,0,0,3
2017-06-04,11:47:47,0,0,3
2017-06-04,11:47:48,0,0,3
2017-06-04,11:47:49,0,0,3
2017-06-04,11:47:50,0,0,3
2017-06-04,11:47:51,0,0,3
2017-06-04,11:47:52,0,0,3
2017-06-04,11:47:53,0,0,3
2017-06-04,11:47:54,0,0,3
2017-06-04,11:47:55,0,0,3
2017-06-04,11:47:56,0,0,3
2017-06-04,11:47:57,0,0,3
2017-06-04,11:47:58,0,0,3
2017-06-04,11:47:59,0,0,3
2017-06-04,11:48:00,0,0,3
2017-06-04,11:48:01,0,0,3
2017-06-04,11:48:02,0,0,3
2017-06-04,11:48:03,0,0,3
2017-06-04,11:48:04,0,0,3
2017-06-04,11:48:05,0,0,3
2017-06-04,11:48:06,0,0,3
2017-06-04,11:48:07,0,0,3
2017-06-04,11:48:08,0,0,3
2017-06-04,11:48:09,0,0,3
2017-06-04,11:48:10,0,0,3
2017-06-04,11:48:11,1543,0,3
2017-06-04,11:48:12,0,0,3
2017-06-04,11:48:13,0,0,3
2017-06-04,11:48:14,0,0,3
2017-06-04,11:48:15,0,0,3
2017-06-04,11:48:16,0,0,3
2017-06-04,11:48:17,0,0,3
2017-06-04,11:48:18,0,0,3
2017-06-04,11:48:19,0,0,3
2017-06-04,11:48:20,0,0,3
2017-06-04,11:48:21,0,0,3
2017-06-04,11:48:22,0,0,3
2017-06-04,11:48:23,0,0,3
2017-06-04,11:48:24,0,0,3
2017-06-04,11:48:25,0,0,3
2017-06-04,11:48:26,0,0,3
2017-06-04,11:48:27,0,0,3
2017-06-04,11:48:28,0,0,3
2017-06-04,11:48:29,0,0,3
2017-06-04,11:48:30,0,0,3
2017-06-04,11:48:31,0,0,3
2017-06-04,11:48:32,0,0,3
2017-06-04,11:48:33,0,0,3
2017-06-04,11:48:34,0,0,3
2017-06-04,11:48:35,0,0,3
2017-06-04,11:48:36,0,0,3
2017-06-04,11:48:37,0,0,3
2017-06-04,11:48:38,0,0,3
2017-06-04,11:48:39,0,0,3
2017-06-04,11:48:40,0,0,3
2017-06-04,11:48:41,0,0,3
2017-06-04,11:48:42,0,0,3
2017-06-04,11:48:43,0,0,3
2017-06-04,11:48:44,0,0,3
2017-06-04,11:48:45,0,0,3
2017-06-04,11:48:46,0,0,3
2017-06-04,11:48:47,0,0,3
2017-06-04,11:48:48,0,0,3
2017-06-04,11:48:49,0,0,3
2017-06-04,11:48:50,0,0,3
2017-06-04,11:48:51,0,0,3
2017-06-04,11:48:52,0,0,3
2017-06-04,11:48:53,0,0,3
2017-06-04,11:48:54,0,0,3
2017-06-04,11:48:55,0,0,3
2017-06-04,11:48:56,0,0,3
2017-06-04,11:48:57,0,0,3
2017-06-04,11:48:58,0,0,3
2017-06-04,11:48:59,0,0,3
2017-06-04,11:49:00,0,0,3
2017-06-04,11:49:01,0,0,3
2017-06-04,11:49:02,0,0,3
2017-06-04,11:49:03,0,0,3
2017-06-04,11:49:04,0,0,3
2017-06-04,11:49:05,0,0,3
2017-06-04,11:49:06,0,0,3
2017-06-04,11:49:07,0,0,3
2017-06-04,11:49:08,0,0,3
2017-06-04,11:49:09,0,0,3
2017-06-04,11:49:10,0,0,3
2017-06-04,11:49:11,0,0,3
2017-06-04,11:49:12,0,0,3
2017-06-04,11:49:13,0,0,3
2017-06-04,11:49:14,0,0,3
2017-06-04,11:49:15,0,0,3
2017-06-04,11:49:16,0,0,3
2017-06-04,11:49:17,0,0,3
2017-06-04,11:49:18,0,0,3
2017-06-04,11:49:19,0,0,3
2017-06-04,11:49:20,0,0,3
2017-06-04,11:49:21,0,0,3
2017-06-04,11:49:22,0,0,3
2017-06-04,11:49:23,0,0,3
2017-06-04,11:49:24,0,0,3
2017-06-04,11:49:25,0,0,3
2017-06-04,11:49:26,0,0,3
2017-06-04,11:49:27,0,0,3
2017-06-04,11:49:28,0,0,3
2017-06-04,11:49:29,0,0,3
2017-06-04,11:49:30,0,0,3
2017-06-04,11:49:31,0,0,3
2017-06-04,11:49:32,0,0,3
2017-06-04,11:49:33,0,0,3
2017-06-04,11:49:34,0,0,3
2017-06-04,11:49:35,0,0,3
2017-06-04,11:49:36,0,0,3
2017-06-04,11:49:37,0,0,3
2017-06-04,11:49:38,0,0,3
2017-06-04,11:49:39,0,0,3
2017-06-04,11:49:40,0,0,3
2017-06-04,11:49:41,0,0,3
2017-06-04,11:49:42,0,0,3
2017-06-04,11:49:43,0,0,3
2017-06-04,11:49:44,0,0,3
2017-06-04,11:49:45,0,0,3
2017-06-04,11:49:46,0,0,3
2017-06-04,11:49:47,0,0,3
2017-06-04,11:49:48,0,0,3
2017-06-04,11:49:49,0,0,3
2017-06-04,11:49:50,0,0,3
2017-06-04,11:49:51,0,0,3
2017-06-04,11:49:52,0,0,3
2017-06-04,11:49:53,0,0,3
2017-06-04,11:49:54,0,0,3
2017-06-04,11:49:55,0,0,3
2017-06-04,11:49:56,0,0,3
2017-06-04,11:49:57,0,0,3
2017-06-04,11:49:58,0,0,3
2017-06-04,11:49:59,0,0,3
2017-06-04,11:50:00,0,0,3
2017-06-04,11:50:01,0,0,3
2017-06-04,11:50:02,0,0,3
2017-06-04,11:50:03,0,0,3
2017-06-04,11:50:04,0,0,3
2017-06-04,11:50:05,0,0,3
2017-06-04,11:50:06,0,0,3
2017-06-04,11:50:07,0,0,3
2017-06-04,11:50:08,0,0,3
2017-06-04,11:50:09,0,0,3
2017-06-04,11:50:10,0,0,3
2017-06-04,11:50:11,0,0,3
2017-06-04,11:50:12,0,0,3
2017-06-04,11:50:13,0,0,3
2017-06-04,11:50:14,0,0,3
2017-06-04,11:50:15,0,0,3
2017-06-04,11:50:16,0,0,3
2017-06-04,11:50:17,0,0,3
2017-06-04,11:50:18,0,0,3
2017-06-04,11:50:19,0,0,3
2017-06-04,11:50:20,0,0,3
2017-06-04,11:50:21,0,0,3
2017-06-04,11:50:22,0,0,3
2017-06-04,11:50:23,0,0,3
2017-06-04,11:50:24,0,0,3
2017-06-04,11:50:25,0,0,3
2017-06-04,11:50:26,0,0,3
2017-06-04,11:50:27,0,0,3
2017-06-04,11:50:28,0,0,3
2017-06-04,11:50:29,0,0,3
2017-06-04,11:50:30,0,0,3
2017-06-04,11:50:31,0,0,3
2017-06-04,11:50:32,0,0,3
2017-06-04,11:50:33,0,0,3
2017-06-04,11:50:34,0,0,3
2017-06-04,11:50:35,0,0,3
2017-06-04,11:50:36,0,0,3
2017-06-04,11:50:37,0,0,3
2017-06-04,11:50:38,0,0,3
2017-06-04,11:50:39,0,0,3
2017-06-04,11:50:40,0,0,3
2017-06-04,11:50:41,0,0,3
2017-06-04,11:50:42,0,0,3
2017-06-04,11:50:43,0,0,3
2017-06-04,11:50:44,0,0,3
2017-06-04,11:50:45,0,0,3
2017-06-04,11:50:46,0,0,3
2017-06-04,11:50:47,0,0,3
2017-06-04,11:50:48,0,0,3
2017-06-04,11:50:49,0,0,3
2017-06-04,11:50:50,0,0,3
2017-06-04,11:50:51,0,0,3
2017-06-04,11:50:52,0,0,3
2017-06-04,11:50:53,0,0,3
2017-06-04,11:50:54,0,0,3
2017-06-04,11:50:55,0,0,3
2017-06-04,11:50:56,0,0,3
2017-06-04,11:50:57,0,0,3
2017-06-04,11:50:58,0,0,3
2017-06-04,11:50:59,0,0,3
2017-06-04,11:51:00,0,0,3
2017-06-04,11:51:01,0,0,3
2017-06-04,11:51:02,0,0,3
2017-06-04,11:51:03,0,0,3
2017-06-04,11:51:04,0,0,3
2017-06-04,11:51:05,0,0,3
2017-06-04,11:51:06,0,0,3
2017-06-04,11:51:07,0,0,3
2017-06-04,11:51:08,0,0,3
2017-06-04,11:51:09,0,0,3
2017-06-04,11:51:10,0,0,3
2017-06-04,11:51:11,0,0,3
2017-06-04,11:51:12,0,0,3
2017-06-04,11:51:13,0,0,3
2017-06-04,11:51:14,0,0,3
2017-06-04,11:51:15,0,0,3
2017-06-04,11:51:16,0,0,3
2017-06-04,11:51:17,0,0,3
2017-06-04,11:51:18,0,0,3
2017-06-04,11:51:19,0,0,3
2017-06-04,11:51:20,0,0,3
2017-06-04,11:51:21,0,0,3
2017-06-04,11:51:22,0,0,3
2017-06-04,11:51:23,0,0,3
2017-06-04,11:51:24,0,0,3
2017-06-04,11:51:25,0,0,3
2017-06-04,11:51:26,0,0,3
2017-06-04,11:51:27,0,0,3
2017-06-04,11:51:28,0,0,3
2017-06-04,11:51:29,0,0,3
2017-06-04,11:51:30,0,0,3
2017-06-04,11:51:31,0,0,3
2017-06-04,11:51:32,0,0,3
2017-06-04,11:51:33,0,0,3
2017-06-04,11:51:34,0,0,3
2017-06-04,11:51:35,0,0,3
2017-06-04,11:51:36,0,0,3
2017-06-04,11:51:37,0,0,3
2017-06-04,11:51:38,0,0,3
2017-06-04,11:51:39,0,0,3
2017-06-04,11:51:40,0,0,3
2017-06-04,11:51:41,0,0,3
2017-06-04,11:51:42,0,0,3
2017-06-04,11:51:43,0,0,3
2017-06-04,11:51:44,0,0,3
2017-06-04,11:51:45,0,0,3
2017-06-04,11:51:46,0,0,3
2017-06-04,11:51:47,0,0,3
2017-06-04,11:51:48,0,0,3
2017-06-04,11:51:49,0,0,3
2017-06-04,11:51:50,0,0,3
2017-06-04,11:51:51,0,0,3
2017-06-04,11:51:52,0,0,3
2017-06-04,11:51:53,0,0,3
2017-06-04,11:51:54,0,0,3
2017-06-04,11:51:55,0,0,3
2017-06-04,11:51:56,0,0,3
2017-06-04,11:51:57,0,0,3
2017-06-04,11:51:58,0,0,3
2017-06-04,11:51:59,0,0,3
2017-06-04,11:52:00,0,0,3
2017-06-04,11:52:01,0,0,3
2017-06-04,11:52:02,0,0,3
2017-06-04,11:52:03,0,0,3
2017-06-04,11:52:04,0,0,3
2017-06-04,11:52:05,0,0,3
2017-06-04,11:52:06,0,0,3
2017-06-04,11:52:07,0,0,3
2017-06-04,11:52:08,0,0,3
2017-06-04,11:52:09,0,0,3
2017-06-04,11:52:10,0,0,3
2017-06-04,11:52:11,0,0,3
2017-06-04,11:52:12,0,0,3
2017-06-04,11:52:13,0,0,3
2017-06-04,11:52:14,0,0,3
2017-06-04,11:52:15,0,0,3
2017-06-04,11:52:16,0,0,3
2017-06-04,11:52:17,0,0,3
2017-06-04,11:52:18,0,0,3
2017-06-04,11:52:19,0,0,3
2017-06-04,11:52:20,0,0,3
2017-06-04,11:52:21,0,0,3
2017-06-04,11:52:22,0,0,3
2017-06-04,11:52:23,0,0,3
2017-06-04,11:52:24,0,0,3
2017-06-04,11:52:25,0,0,3
2017-06-04,11:52:26,0,0,3
2017-06-04,11:52:27,0,0,3
2017-06-04,11:52:28,0,0,3
2017-06-04,11:52:29,0,0,3
2017-06-04,11:52:30,0,0,3
2017-06-04,11:52:31,0,0,3
2017-06-04,11:52:32,0,0,3
2017-06-04,11:52:33,0,0,3
2017-06-04,11:52:34,0,0,3
2017-06-04,11:52:35,0,0,3
2017-06-04,11:52:36,0,0,3
2017-06-04,11:52:37,0,0,3
2017-06-04,11:52:38,0,0,3
2017-06-04,11:52:39,0,0,3
2017-06-04,11:52:40,0,0,3
2017-06-04,11:52:41,0,0,3
2017-06-04,11:52:42,0,0,3
2017-06-04,11:52:43,0,0,3
2017-06-04,11:52:44,0,0,3
2017-06-04,11:52:45,0,0,3
2017-06-04,11:52:46,0,0,3
2017-06-04,11:52:47,0,0,3
2017-06-04,11:52:48,0,0,3
2017-06-04,11:52:49,0,0,3
2017-06-04,11:52:50,0,0,3
2017-06-04,11:52:51,0,0,3
2017-06-04,11:52:52,40543,0,3
2017-06-04,11:52:53,0,0,3
2017-06-04,11:52:54,0,0,3
2017-06-04,11:52:55,0,0,3
2017-06-04,11:52:56,0,0,3
2017-06-04,11:52:57,0,0,3
2017-06-04,11:52:58,0,0,3
2017-06-04,11:52:59,0,0,3
2017-06-04,11:53:00,0,0,3
2017-06-04,11:53:01,0,0,3
2017-06-04,11:53:02,0,0,3
2017-06-04,11:53:03,0,0,3
2017-06-04,11:53:04,0,0,3
2017-06-04,11:53:05,0,0,3
2017-06-04,11:53:06,0,0,3
2017-06-04,11:53:07,0,0,3
2017-06-04,11:53:08,0,0,3
2017-06-04,11:53:09,0,0,3
2017-06-04,11:53:10,0,0,3
2017-06-04,11:53:11,0,0,3
2017-06-04,11:53:12,0,0,3
2017-06-04,11:53:13,0,0,3
2017-06-04,11:53:14,0,0,3
2017-06-04,11:53:15,0,0,3
2017-06-04,11:53:16,0,0,3
2017-06-04,11:53:17,0,0,3
2017-06-04,11:53:18,0,0,3
2017-06-04,11:53:19,0,0,3
2017-06-04,11:53:20,0,0,3
2017-06-04,11:53:21,0,0,3
2017-06-04,11:53:22,0,0,3
2017-06-04,11:53:23,0,0,3
2017-06-04,11:53:24,0,0,3
2017-06-04,11:53:25,0,0,3
2017-06-04,11:53:26,0,0,3
2017-06-04,11:53:27,0,0,3
2017-06-04,11:53:28,0,0,3
2017-06-04,11:53:29,0,0,3
2017-06-04,11:53:30,0,0,3
2017-06-04,11:53:31,0,0,3
2017-06-04,11:53:32,0,0,3
2017-06-04,11:53:33,0,0,3
2017-06-04,11:53:34,0,0,3
2017-06-04,11:53:35,0,0,3
2017-06-04,11:53:36,0,0,3
2017-06-04,11:53:37,0,0,3
2017-06-04,11:53:38,0,0,3
2017-06-04,11:53:39,0,0,3
2017-06-04,11:53:40,0,0,3
2017-06-04,11:53:41,0,0,3
2017-06-04,11:53:42,0,0,3
2017-06-04,11:53:43,0,0,3
2017-06-04,11:53:44,0,0,3
2017-06-04,11:53:45,0,0,3
2017-06-04,11:53:46,0,0,3
2017-06-04,11:53:47,0,0,3
2017-06-04,11:53:48,0,0,3
2017-06-04,11:53:49,0,0,3
2017-06-04,11:53:50,0,0,3
2017-06-04,11:53:51,0,0,3
2017-06-04,11:53:52,0,0,3
2017-06-04,11:53:53,0,0,3
2017-06-04,11:53:54,0,0,3
2017-06-04,11:53:55,0,0,3
2017-06-04,11:53:56,0,0,3
2017-06-04,11:53:57,0,0,3
2017-06-04,11:53:58,0,0,3
2017-06-04,11:53:59,0,0,3
2017-06-04,11:54:00,0,0,3
2017-06-04,11:54:01,0,0,3
2017-06-04,11:54:02,0,0,3
2017-06-04,11:54:03,0,0,3
2017-06-04,11:54:04,0,0,3
2017-06-04,11:54:05,0,0,3
2017-06-04,11:54:06,0,0,3
2017-06-04,11:54:07,0,0,3
2017-06-04,11:54:08,0,0,3
2017-06-04,11:54:09,0,0,3
2017-06-04,11:54:10,0,0,3
2017-06-04,11:54:11,0,0,3
2017-06-04,11:54:12,0,0,4
2017-06-04,11:54:13,0,0,4
2017-06-04,11:54:14,0,0,4
2017-06-04,11:54:15,0,0,4
2017-06-04,11:54:16,0,0,4
2017-06-04,11:54:17,0,0,4
2017-06-04,11:54:18,0,0,4
2017-06-04,11:54:19,0,0,4
2017-06-04,11:54:20,0,0,4
2017-06-04,11:54:21,0,0,4
2017-06-04,11:54:22,0,0,4
2017-06-04,11:54:23,0,0,4
2017-06-04,11:54:24,0,0,4
2017-06-04,11:54:25,0,0,4
2017-06-04,11:54:26,0,0,4
2017-06-04,11:54:27,0,0,4
2017-06-04,11:54:28,0,0,4
2017-06-04,11:54:29,0,0,4
2017-06-04,11:54:30,0,0,4
2017-06-04,11:54:31,0,0,4
2017-06-04,11:54:32,0,0,4
2017-06-04,11:54:33,0,0,4
2017-06-04,11:54:34,0,0,4
2017-06-04,11:54:35,0,0,4
2017-06-04,11:54:36,0,0,4
2017-06-04,11:54:37,0,0,4
2017-06-04,11:54:38,0,0,4
2017-06-04,11:54:39,0,0,4
2017-06-04,11:54:40,0,0,4
2017-06-04,11:54:41,0,0,4
2017-06-04,11:54:42,0,0,4
2017-06-04,11:54:43,0,0,4
2017-06-04,11:54:44,1381,0,4
2017-06-04,11:54:45,1365,0,4
2017-06-04,11:54:46,1737,0,4
2017-06-04,11:54:47,1377,0,4
2017-06-04,11:54:48,2054,0,4
2017-06-04,11:54:49,3627,1,5
2017-06-04,11:54:50,0,0,5
2017-06-04,11:54:51,1129,0,5
2017-06-04,11:54:52,0,0,5
2017-06-04,11:54:53,0,0,5
2017-06-04,11:54:54,1337,0,5
2017-06-04,11:54:55,4422,0,5
2017-06-04,11:54:56,4067,0,5
2017-06-04,11:54:57,2163,0,5
2017-06-04,11:54:58,1243,0,5
2017-06-04,11:54:59,1508,0,5
2017-06-04,11:55:00,1327,0,5
2017-06-04,11:55:01,1698,0,5
2017-06-04,11:55:02,4031,0,5
2017-06-04,11:55:03,2916,0,5
2017-06-04,11:55:04,1291,0,5
2017-06-04,11:55:05,1622,0,5
2017-06-04,11:55:06,4360,0,5
2017-06-04,11:55:07,4858,0,5
2017-06-04,11:55:08,5261,0,5
2017-06-04,11:55:09,3910,0,5
2017-06-04,11:55:10,5218,0,5
2017-06-04,11:55:11,6847,0,5
2017-06-04,11:55:12,7592,0,5
2017-06-04,11:55:13,7555,0,5
2017-06-04,11:55:14,7464,0,5
2017-06-04,11:55:15,6317,0,5
2017-06-04,11:55:16,2715,0,5
2017-06-04,11:55:17,4011,0,5
2017-06-04,11:55:18,3622,0,5
2017-06-04,11:55:19,2580,0,5
2017-06-04,11:55:20,1918,0,5
2017-06-04,11:55:21,3796,0,5
2017-06-04,11:55:22,5423,0,5
2017-06-04,11:55:23,5144,0,5
2017-06-04,11:55:24,5248,0,5
2017-06-04,11:55:25,5380,0,5
2017-06-04,11:55:26,4134,0,5
2017-06-04,11:55:27,3627,0,5
2017-06-04,11:55:28,1657,0,5
2017-06-04,11:55:29,1279,0,5
2017-06-04,11:55:30,2283,0,5
2017-06-04,11:55:31,2779,0,5
2017-06-04,11:55:32,2364,0,5
2017-06-04,11:55:33,2216,0,5
2017-06-04,11:55:34,2611,0,5
2017-06-04,11:55:35,2344,0,5
2017-06-04,11:55:36,0,0,5
2017-06-04,11:55:37,0,0,5
2017-06-04,11:55:38,0,0,5
2017-06-04,11:55:39,0,0,5
2017-06-04,11:55:40,0,0,5
2017-06-04,11:55:41,0,0,5
2017-06-04,11:55:42,0,0,5
2017-06-04,11:55:43,0,0,5
2017-06-04,11:55:44,0,0,5
2017-06-04,11:55:45,0,0,5
2017-06-04,11:55:46,0,0,5
2017-06-04,11:55:47,0,0,5
2017-06-04,11:55:48,0,0,5
2017-06-04,11:55:49,1216,0,5
2017-06-04,11:55:50,1733,0,5
2017-06-04,11:55:51,1450,0,5
2017-06-04,11:55:52,1749,0,5
2017-06-04,11:55:53,2754,0,5
2017-06-04,11:55:54,5318,0,5
2017-06-04,11:55:55,6721,0,5
2017-06-04,11:55:56,7532,0,5
2017-06-04,11:55:57,6722,0,5
2017-06-04,11:55:58,5117,0,5
2017-06-04,11:55:59,3732,0,1
2017-06-04,11:56:00,3960,0,1
2017-06-04,11:56:01,1512,0,1
2017-06-04,11:56:02,3519,0,1
2017-06-04,11:56:03,4394,0,1
2017-06-04,11:56:04,5488,0,1
2017-06-04,11:56:05,5728,0,1
2017-06-04,11:56:06,4612,0,1
2017-06-04,11:56:07,5005,0,1
2017-06-04,11:56:08,5268,0,1
2017-06-04,11:56:09,2047,0,1
2017-06-04,11:56:10,2301,0,1
2017-06-04,11:56:11,2807,0,1
2017-06-04,11:56:12,3012,0,1
2017-06-04,11:56:13,2651,0,1
2017-06-04,11:56:14,4584,0,1
2017-06-04,11:56:15,6718,0,1
2017-06-04,11:56:16,6769,0,1
2017-06-04,11:56:17,6371,0,1
2017-06-04,11:56:18,7635,0,1
2017-06-04,11:56:19,7816,0,1
2017-06-04,11:56:20,4669,0,1
2017-06-04,11:56:21,2084,0,1
2017-06-04,11:56:22,2222,0,1
2017-06-04,11:56:23,5276,0,1
2017-06-04,11:56:24,3801,0,1
2017-06-04,11:56:25,6245,0,1
2017-06-04,11:56:26,6916,0,1
2017-06-04,11:56:27,7273,0,1
2017-06-04,11:56:28,7747,0,1
2017-06-04,11:56:29,7002,0,1
2017-06-04,11:56:30,6010,0,1
2017-06-04,11:56:31,3029,0,1
2017-06-04,11:56:32,1048,0,1
2017-06-04,11:56:33,0,0,1
2017-06-04,11:56:34,1614,0,1
2017-06-04,11:56:35,2308,0,1
2017-06-04,11:56:36,1444,0,1
2017-06-04,11:56:37,2227,0,1
2017-06-04,11:56:38,1729,0,1
2017-06-04,11:56:39,1879,0,1
2017-06-04,11:56:40,2099,0,1
2017-06-04,11:56:41,1751,0,1
2017-06-04,11:56:42,3027,0,1
2017-06-04,11:56:43,4200,0,1
2017-06-04,11:56:44,2364,0,1
2017-06-04,11:56:45,3391,0,1
2017-06-04,11:56:46,2257,0,1
2017-06-04,11:56:47,1568,0,1
2017-06-04,11:56:48,1218,0,1
2017-06-04,11:56:49,1172,0,1
2017-06-04,11:56:50,0,0,1
2017-06-04,11:56:51,1746,0,1
2017-06-04,11:56:52,2310,0,1
2017-06-04,11:56:53,2646,0,1
2017-06-04,11:56:54,4205,0,1
2017-06-04,11:56:55,6847,0,1
2017-06-04,11:56:56,5505,0,1
2017-06-04,11:56:57,2437,0,1
2017-06-04,11:56:58,1388,0,1
2017-06-04,11:56:59,2221,0,1
2017-06-04,11:57:00,3143,0,1
2017-06-04,11:57:01,3065,0,1
2017-06-04,11:57:02,1863,0,1
2017-06-04,11:57:03,0,0,1
2017-06-04,11:57:04,0,0,1
2017-06-04,11:57:05,1777,0,1
2017-06-04,11:57:06,2359,0,1
2017-06-04,11:57:07,2841,0,1
2017-06-04,11:57:08,2276,0,1
2017-06-04,11:57:09,1730,0,1
2017-06-04,11:57:10,1461,0,1
2017-06-04,11:57:11,1973,0,1
2017-06-04,11:57:12,2106,0,1
2017-06-04,11:57:13,2440,0,1
2017-06-04,11:57:14,3068,0,1
2017-06-04,11:57:15,2978,0,1
2017-06-04,11:57:16,1719,0,1
2017-06-04,11:57:17,1933,0,1
2017-06-04,11:57:18,1261,0,1
2017-06-04,11:57:19,3528,0,1
2017-06-04,11:57:20,4100,0,1
2017-06-04,11:57:21,6064,0,1
2017-06-04,11:57:22,5412,0,1
2017-06-04,11:57:23,6316,0,1
2017-06-04,11:57:24,6007,0,1
2017-06-04,11:57:25,5894,0,1
2017-06-04,11:57:26,3550,0,1
2017-06-04,11:57:27,4560,0,1
2017-06-04,11:57:28,5993,0,1
2017-06-04,11:57:29,6623,0,1
2017-06-04,11:57:30,6216,0,1
2017-06-04,11:57:31,3313,0,1
2017-06-04,11:57:32,1543,0,1
2017-06-04,11:57:33,1269,0,1
2017-06-04,11:57:34,1021,0,1
2017-06-04,11:57:35,1097,0,1
2017-06-04,11:57:36,1135,0,1
2017-06-04,11:57:37,3028,0,1
2017-06-04,11:57:38,2443,0,1
2017-06-04,11:57:39,2040,0,1
2017-06-04,11:57:40,2548,0,1
2017-06-04,11:57:41,1618,0,1
2017-06-04,11:57:42,1469,0,1
2017-06-04,11:57:43,2298,0,1
2017-06-04,11:57:44,3486,0,1
2017-06-04,11:57:45,3405,0,1
2017-06-04,11:57:46,2013,0,1
2017-06-04,11:57:47,0,0,1
2017-06-04,11:57:48,1206,0,1
2017-06-04,11:57:49,0,0,1
2017-06-04,11:57:50,1061,0,1
2017-06-04,11:57:51,1177,0,1
2017-06-04,11:57:52,1950,0,1
2017-06-04,11:57:53,4483,0,1
2017-06-04,11:57:54,4809,0,1
2017-06-04,11:57:55,5110,0,1
2017-06-04,11:57:56,7814,0,1
2017-06-04,11:57:57,7866,0,1
2017-06-04,11:57:58,7857,0,1
2017-06-04,11:57:59,4961,0,1
2017-06-04,11:58:00,1871,0,1
2017-06-04,11:58:01,1647,0,1
2017-06-04,11:58:02,0,0,1
2017-06-04,11:58:03,2721,0,1
2017-06-04,11:58:04,1974,0,1
2017-06-04,11:58:05,1143,0,1
2017-06-04,11:58:06,1655,0,1
2017-06-04,11:58:07,1404,0,1
2017-06-04,11:58:08,0,0,1
2017-06-04,11:58:09,0,0,1
2017-06-04,11:58:10,0,0,1
2017-06-04,11:58:11,1899,0,1
2017-06-04,11:58:12,2698,0,1
2017-06-04,11:58:13,3716,0,1
2017-06-04,11:58:14,2365,0,1
2017-06-04,11:58:15,1494,0,1
2017-06-04,11:58:16,2350,0,1
2017-06-04,11:58:17,1853,0,1
2017-06-04,11:58:18,1517,0,1
2017-06-04,11:58:19,1402,0,1
2017-06-04,11:58:20,1284,0,1
2017-06-04,11:58:21,1872,0,1
2017-06-04,11:58:22,3017,0,1
2017-06-04,11:58:23,1854,0,1
2017-06-04,11:58:24,1819,0,1
2017-06-04,11:58:25,1829,0,1
2017-06-04,11:58:26,2799,0,1
2017-06-04,11:58:27,2267,0,1
2017-06-04,11:58:28,3070,0,1
2017-06-04,11:58:29,2864,0,1
2017-06-04,11:58:30,2595,0,1
2017-06-04,11:58:31,1947,0,1
2017-06-04,11:58:32,0,0,1
2017-06-04,11:58:33,0,0,1
2017-06-04,11:58:34,0,0,1
2017-06-04,11:58:35,0,0,1
2017-06-04,11:58:36,0,0,1
2017-06-04,11:58:37,1393,0,1
2017-06-04,11:58:38,2066,0,1
2017-06-04,11:58:39,0,0,1
2017-06-04,11:58:40,1106,0,1
2017-06-04,11:58:41,0,0,1
2017-06-04,11:58:42,1455,0,1
2017-06-04,11:58:43,1315,0,1
2017-06-04,11:58:44,1986,0,1
2017-06-04,11:58:45,1688,0,1
2017-06-04,11:58:46,1969,0,1
2017-06-04,11:58:47,1809,0,1
2017-06-04,11:58:48,1721,0,1
2017-06-04,11:58:49,2701,0,1
2017-06-04,11:58:50,2174,0,1
2017-06-04,11:58:51,2080,0,1
2017-06-04,11:58:52,2413,0,1
2017-06-04,11:58:53,2145,0,1
2017-06-04,11:58:54,2214,0,1
2017-06-04,11:58:55,1902,0,1
2017-06-04,11:58:56,1223,0,1
2017-06-04,11:58:57,3887,0,1
2017-06-04,11:58:58,5822,0,1
2017-06-04,11:58:59,4196,0,1
2017-06-04,11:59:00,4488,0,1
2017-06-04,11:59:01,4242,0,1
2017-06-04,11:59:02,4145,0,1
2017-06-04,11:59:03,4303,0,8
2017-06-04,11:59:04,4129,0,8
2017-06-04,11:59:05,2489,0,8
2017-06-04,11:59:06,0,0,8
2017-06-04,11:59:07,0,0,8
2017-06-04,11:59:08,1445,0,8
2017-06-04,11:59:09,2320,0,8
2017-06-04,11:59:10,4893,0,8
2017-06-04,11:59:11,5142,0,8
2017-06-04,11:59:12,4539,1,5
2017-06-04,11:59:13,0,0,5
2017-06-04,11:59:14,0,0,5
2017-06-04,11:59:15,0,0,5
2017-06-04,11:59:16,1391,0,5
2017-06-04,11:59:17,1709,0,5
2017-06-04,11:59:18,1662,0,5
2017-06-04,11:59:19,1849,0,5
2017-06-04,11:59:20,1753,0,5
2017-06-04,11:59:21,1631,0,5
2017-06-04,11:59:22,2163,0,5
2017-06-04,11:59:23,2233,0,5
2017-06-04,11:59:24,1678,0,5
2017-06-04,11:59:25,0,0,5
2017-06-04,11:59:26,1798,0,5
2017-06-04,11:59:27,0,0,5
2017-06-04,11:59:28,0,0,5
2017-06-04,11:59:29,0,0,5
2017-06-04,11:59:30,0,0,5
2017-06-04,11:59:31,0,0,5
2017-06-04,11:59:32,0,0,5
2017-06-04,11:59:33,0,0,5
2017-06-04,11:59:34,0,0,5
2017-06-04,11:59:35,0,0,5
2017-06-04,11:59:36,0,0,5
2017-06-04,11:59:37,0,0,5
2017-06-04,11:59:38,0,0,5
2017-06-04,11:59:39,1044,0,5
2017-06-04,11:59:40,2099,0,5
2017-06-04,11:59:41,2219,0,5
2017-06-04,11:59:42,2281,0,5
2017-06-04,11:59:43,1361,0,5
2017-06-04,11:59:44,0,0,5
2017-06-04,11:59:45,0,0,5
2017-06-04,11:59:46,0,0,5
2017-06-04,11:59:47,0,0,5
2017-06-04,11:59:48,0,0,5
2017-06-04,11:59:49,0,0,5
2017-06-04,11:59:50,0,0,5
2017-06-04,11:59:51,0,0,5
2017-06-04,11:59:52,1197,0,5
2017-06-04,11:59:53,1740,0,5
2017-06-04,11:59:54,2061,0,5
2017-06-04,11:59:55,1871,0,5
2017-06-04,11:59:56,4543,0,5
2017-06-04,11:59:57,5423,0,5
2017-06-04,11:59:58,1775,0,5
2017-06-04,11:59:59,1480,0,5
2017-06-04,12:00:00,1525,0,5
2017-06-04,12:00:01,1574,0,5
2017-06-04,12:00:02,1801,0,5
2017-06-04,12:00:03,2275,0,5
2017-06-04,12:00:04,2994,0,5
2017-06-04,12:00:05,3737,0,5
2017-06-04,12:00:06,2214,1,6
2017-06-04,12:00:07,1432,0,6
2017-06-04,12:00:08,1386,0,6
2017-06-04,12:00:09,2869,0,6
2017-06-04,12:00:10,3148,0,6
2017-06-04,12:00:11,2269,0,6
2017-06-04,12:00:12,1763,0,6
2017-06-04,12:00:13,0,0,6
2017-06-04,12:00:14,1210,0,6
2017-06-04,12:00:15,2576,0,6
2017-06-04,12:00:16,3817,0,6
2017-06-04,12:00:17,1987,0,6
2017-06-04,12:00:18,1658,0,6
2017-06-04,12:00:19,4699,0,6
2017-06-04,12:00:20,6592,0,6
2017-06-04,12:00:21,6222,0,6
2017-06-04,12:00:22,3181,0,6
2017-06-04,12:00:23,1665,0,6
2017-06-04,12:00:24,1959,0,6
2017-06-04,12:00:25,2633,0,6
2017-06-04,12:00:26,2512,0,6
2017-06-04,12:00:27,2827,0,6
2017-06-04,12:00:28,2440,0,6
2017-06-04,12:00:29,1233,0,6
2017-06-04,12:00:30,1503,0,6
2017-06-04,12:00:31,2934,0,6
2017-06-04,12:00:32,2888,0,6
2017-06-04,12:00:33,2579,0,6
2017-06-04,12:00:34,2523,0,6
2017-06-04,12:00:35,1821,0,6
2017-06-04,12:00:36,1530,0,6
2017-06-04,12:00:37,2578,0,6
2017-06-04,12:00:38,2806,0,6
2017-06-04,12:00:39,2867,0,6
2017-06-04,12:00:40,2106,0,6
2017-06-04,12:00:41,1046,0,6
2017-06-04,12:00:42,1019,0,6
2017-06-04,12:00:43,1279,0,6
2017-06-04,12:00:44,1111,0,6
2017-06-04,12:00:45,1247,0,6
2017-06-04,12:00:46,1336,0,6
2017-06-04,12:00:47,1096,0,6
2017-06-04,12:00:48,1984,0,6
2017-06-04,12:00:49,2448,0,6
2017-06-04,12:00:50,2353,0,6
2017-06-04,12:00:51,2465,0,6
2017-06-04,12:00:52,2552,0,6
2017-06-04,12:00:53,2886,0,6
2017-06-04,12:00:54,2687,0,6
2017-06-04,12:00:55,2160,0,6
2017-06-04,12:00:56,2643,0,6
2017-06-04,12:00:57,2603,0,6
2017-06-04,12:00:58,2385,0,6
2017-06-04,12:00:59,1323,0,6
2017-06-04,12:01:00,3635,0,6
2017-06-04,12:01:01,5247,0,6
2017-06-04,12:01:02,2175,0,6
2017-06-04,12:01:03,1877,0,6
2017-06-04,12:01:04,1979,0,6
2017-06-04,12:01:05,3369,0,6
2017-06-04,12:01:06,3728,0,6
2017-06-04,12:01:07,2361,0,6
2017-06-04,12:01:08,2258,0,4
2017-06-04,12:01:09,2023,0,4
2017-06-04,12:01:10,3025,0,4
2017-06-04,12:01:11,4051,0,4
2017-06-04,12:01:12,3877,0,4
2017-06-04,12:01:13,2826,0,4
2017-06-04,12:01:14,3061,0,4
2017-06-04,12:01:15,1557,0,4
2017-06-04,12:01:16,3356,0,4
2017-06-04,12:01:17,3316,0,4
2017-06-04,12:01:18,2721,0,4
2017-06-04,12:01:19,2040,1,2
2017-06-04,12:01:20,2131,0,2
2017-06-04,12:01:21,1632,0,2
2017-06-04,12:01:22,2079,0,2
2017-06-04,12:01:23,1988,0,2
2017-06-04,12:01:24,1770,0,2
2017-06-04,12:01:25,1857,0,2
2017-06-04,12:01:26,2941,0,2
2017-06-04,12:01:27,5059,0,2
2017-06-04,12:01:28,2742,0,2
2017-06-04,12:01:29,2895,0,2
2017-06-04,12:01:30,2770,0,2
2017-06-04,12:01:31,2682,1,3
2017-06-04,12:01:32,2207,0,3
2017-06-04,12:01:33,2311,0,3
2017-06-04,12:01:34,3331,0,3
2017-06-04,12:01:35,3124,0,3
2017-06-04,12:01:36,3149,0,3
2017-06-04,12:01:37,2446,0,3
2017-06-04,12:01:38,2528,0,3
2017-06-04,12:01:39,3446,0,3
2017-06-04,12:01:40,3174,0,3
2017-06-04,12:01:41,3357,0,3
2017-06-04,12:01:42,3131,0,3
2017-06-04,12:01:43,3348,0,3
2017-06-04,12:01:44,2497,0,3
2017-06-04,12:01:45,1342,0,3
2017-06-04,12:01:46,1291,0,3
2017-06-04,12:01:47,2017,0,3
2017-06-04,12:01:48,2089,0,3
2017-06-04,12:01:49,1211,0,3
2017-06-04,12:01:50,1146,0,3
2017-06-04,12:01:51,0,0,3
2017-06-04,12:01:52,2512,0,3
2017-06-04,12:01:53,3219,0,3
2017-06-04,12:01:54,3727,0,3
2017-06-04,12:01:55,4358,0,3
2017-06-04,12:01:56,4071,0,3
2017-06-04,12:01:57,4029,0,3
2017-06-04,12:01:58,3994,0,3
2017-06-04,12:01:59,3464,0,3
2017-06-04,12:02:00,4388,0,3
2017-06-04,12:02:01,3195,0,3
2017-06-04,12:02:02,4648,0,3
2017-06-04,12:02:03,5016,0,3
2017-06-04,12:02:04,4264,0,3
2017-06-04,12:02:05,1102,0,3
2017-06-04,12:02:06,1256,0,3
2017-06-04,12:02:07,1044,0,3
2017-06-04,12:02:08,0,0,3
2017-06-04,12:02:09,0,0,3
2017-06-04,12:02:10,1249,0,3
2017-06-04,12:02:11,1541,0,3
2017-06-04,12:02:12,1393,0,3
2017-06-04,12:02:13,0,0,3
2017-06-04,12:02:14,2627,0,3
2017-06-04,12:02:15,2321,0,3
2017-06-04,12:02:16,1562,0,3
2017-06-04,12:02:17,1679,0,3
2017-06-04,12:02:18,1568,0,3
2017-06-04,12:02:19,1934,1,8
2017-06-04,12:02:20,2813,1,8
2017-06-04,12:02:21,1378,0,8
2017-06-04,12:02:22,0,0,8
2017-06-04,12:02:23,1194,0,8
2017-06-04,12:02:24,1285,0,8
2017-06-04,12:02:25,3222,0,8
2017-06-04,12:02:26,3354,0,8
2017-06-04,12:02:27,3262,0,8
2017-06-04,12:02:28,3268,0,8
2017-06-04,12:02:29,3191,0,8
2017-06-04,12:02:30,3610,0,8
2017-06-04,12:02:31,4393,0,8
2017-06-04,12:02:32,3671,0,8
2017-06-04,12:02:33,1365,0,8
2017-06-04,12:02:34,1287,0,8
2017-06-04,12:02:35,2303,0,8
2017-06-04,12:02:36,4241,0,8
2017-06-04,12:02:37,4320,0,8
2017-06-04,12:02:38,3044,1,1
2017-06-04,12:02:39,4919,0,1
2017-06-04,12:02:40,5157,0,1
2017-06-04,12:02:41,4636,0,1
2017-06-04,12:02:42,2114,0,1
2017-06-04,12:02:43,1253,0,1
2017-06-04,12:02:44,0,0,1
2017-06-04,12:02:45,1290,0,1
2017-06-04,12:02:46,1311,0,1
2017-06-04,12:02:47,1167,0,1
2017-06-04,12:02:48,2324,0,1
2017-06-04,12:02:49,2267,0,1
2017-06-04,12:02:50,2393,0,1
2017-06-04,12:02:51,2082,0,1
2017-06-04,12:02:52,1555,0,1
2017-06-04,12:02:53,1877,0,1
2017-06-04,12:02:54,1903,0,1
2017-06-04,12:02:55,2598,0,1
2017-06-04,12:02:56,2415,0,1
2017-06-04,12:02:57,2105,0,1
2017-06-04,12:02:58,2398,0,1
2017-06-04,12:02:59,2795,0,1
2017-06-04,12:03:00,2253,0,1
2017-06-04,12:03:01,2124,0,1
2017-06-04,12:03:02,5021,0,1
2017-06-04,12:03:03,6803,0,1
2017-06-04,12:03:04,7907,0,1
2017-06-04,12:03:05,8307,0,1
2017-06-04,12:03:06,5680,0,1
2017-06-04,12:03:07,1242,0,1
2017-06-04,12:03:08,1032,0,1
2017-06-04,12:03:09,1856,0,1
2017-06-04,12:03:10,1651,0,1
2017-06-04,12:03:11,0,0,1
2017-06-04,12:03:12,1107,0,1
2017-06-04,12:03:13,1212,0,1
2017-06-04,12:03:14,2642,0,1
2017-06-04,12:03:15,2886,0,1
2017-06-04,12:03:16,2449,0,1
2017-06-04,12:03:17,2141,0,1
2017-06-04,12:03:18,1539,0,1
2017-06-04,12:03:19,3750,0,1
2017-06-04,12:03:20,6464,0,1
2017-06-04,12:03:21,6611,0,1
2017-06-04,12:03:22,6093,0,1
2017-06-04,12:03:23,5660,0,1
2017-06-04,12:03:24,4736,0,1
2017-06-04,12:03:25,3413,0,1
2017-06-04,12:03:26,3593,0,1
2017-06-04,12:03:27,3822,0,1
2017-06-04,12:03:28,3243,0,1
2017-06-04,12:03:29,1934,0,1
2017-06-04,12:03:30,1614,0,1
2017-06-04,12:03:31,2625,0,1
2017-06-04,12:03:32,4785,0,1
2017-06-04,12:03:33,3930,0,1
2017-06-04,12:03:34,1655,0,1
2017-06-04,12:03:35,0,0,1
2017-06-04,12:03:36,0,0,1
2017-06-04,12:03:37,1746,0,1
2017-06-04,12:03:38,3698,0,1
2017-06-04,12:03:39,2800,0,1
2017-06-04,12:03:40,1954,0,1
2017-06-04,12:03:41,2903,0,1
2017-06-04,12:03:42,1459,0,1
2017-06-04,12:03:43,1518,0,1
2017-06-04,12:03:44,1326,0,1
2017-06-04,12:03:45,1489,0,1
2017-06-04,12:03:46,2352,0,1
2017-06-04,12:03:47,2256,0,1
2017-06-04,12:03:48,1715,0,1
2017-06-04,12:03:49,1382,0,1
2017-06-04,12:03:50,1350,0,1
2017-06-04,12:03:51,1316,0,1
2017-06-04,12:03:52,1277,0,1
2017-06-04,12:03:53,1280,0,1
2017-06-04,12:03:54,2351,0,1
2017-06-04,12:03:55,2321,0,1
2017-06-04,12:03:56,1674,0,1
2017-06-04,12:03:57,2359,0,1
2017-06-04,12:03:58,1643,0,1
2017-06-04,12:03:59,1117,0,1
2017-06-04,12:04:00,0,0,1
2017-06-04,12:04:01,1263,0,1
2017-06-04,12:04:02,1112,0,1
2017-06-04,12:04:03,2023,0,1
2017-06-04,12:04:04,2950,0,1
2017-06-04,12:04:05,2707,0,1
2017-06-04,12:04:06,2208,0,1
2017-06-04,12:04:07,2111,0,1
2017-06-04,12:04:08,1636,0,1
2017-06-04,12:04:09,3407,0,1
2017-06-04,12:04:10,3777,0,1
2017-06-04,12:04:11,2444,0,1
2017-06-04,12:04:12,1417,0,1
2017-06-04,12:04:13,1294,0,1
2017-06-04,12:04:14,2357,0,1
2017-06-04,12:04:15,4340,0,1
2017-06-04,12:04:16,4476,0,1
2017-06-04,12:04:17,4524,0,1
2017-06-04,12:04:18,4478,0,1
2017-06-04,12:04:19,4550,0,1
2017-06-04,12:04:20,2507,0,1
2017-06-04,12:04:21,3422,0,1
2017-06-04,12:04:22,4154,0,1
2017-06-04,12:04:23,6245,0,1
2017-06-04,12:04:24,3879,0,1
2017-06-04,12:04:25,4102,0,1
2017-06-04,12:04:26,2871,0,1
2017-06-04,12:04:27,4257,0,1
2017-06-04,12:04:28,3310,0,1
2017-06-04,12:04:29,2042,0,1
2017-06-04,12:04:30,1699,0,1
2017-06-04,12:04:31,1346,0,1
2017-06-04,12:04:32,2110,0,1
2017-06-04,12:04:33,3004,0,1
2017-06-04,12:04:34,4753,0,1
2017-06-04,12:04:35,4070,0,1
2017-06-04,12:04:36,3756,0,1
2017-06-04,12:04:37,2917,0,1
2017-06-04,12:04:38,2081,0,1
2017-06-04,12:04:39,4752,0,1
2017-06-04,12:04:40,3344,0,1
2017-06-04,12:04:41,1681,0,1
2017-06-04,12:04:42,2814,0,1
2017-06-04,12:04:43,3583,0,1
2017-06-04,12:04:44,6830,0,1
2017-06-04,12:04:45,4809,0,1
2017-06-04,12:04:46,5677,0,1
2017-06-04,12:04:47,5198,0,1
2017-06-04,12:04:48,4802,0,1
2017-06-04,12:04:49,2042,0,1
2017-06-04,12:04:50,2881,0,1
2017-06-04,12:04:51,2712,0,1
2017-06-04,12:04:52,2630,0,1
2017-06-04,12:04:53,1845,0,1
2017-06-04,12:04:54,1719,0,1
2017-06-04,12:04:55,1141,0,1
2017-06-04,12:04:56,1540,0,1
2017-06-04,12:04:57,2696,0,1
2017-06-04,12:04:58,2843,0,1
2017-06-04,12:04:59,2056,0,1
2017-06-04,12:05:00,0,0,1
2017-06-04,12:05:01,3084,0,1
2017-06-04,12:05:02,5632,0,1
2017-06-04,12:05:03,7706,0,1
2017-06-04,12:05:04,6997,0,1
2017-06-04,12:05:05,6889,0,1
2017-06-04,12:05:06,5215,0,1
2017-06-04,12:05:07,3801,0,1
2017-06-04,12:05:08,3163,0,1
2017-06-04,12:05:09,3419,0,1
2017-06-04,12:05:10,3825,0,1
2017-06-04,12:05:11,2009,0,1
2017-06-04,12:05:12,2966,0,1
2017-06-04,12:05:13,1454,0,1
2017-06-04,12:05:14,1578,0,1
2017-06-04,12:05:15,1358,0,1
2017-06-04,12:05:16,1094,0,1
2017-06-04,12:05:17,2098,0,1
2017-06-04,12:05:18,2922,0,1
2017-06-04,12:05:19,2210,0,1
2017-06-04,12:05:20,5011,0,1
2017-06-04,12:05:21,6129,0,1
2017-06-04,12:05:22,6349,0,1
2017-06-04,12:05:23,4420,0,1
2017-06-04,12:05:24,2943,0,1
2017-06-04,12:05:25,2882,0,1
2017-06-04,12:05:26,2755,0,1
2017-06-04,12:05:27,3110,0,1
2017-06-04,12:05:28,3279,0,1
2017-06-04,12:05:29,3914,0,1
2017-06-04,12:05:30,4426,0,1
2017-06-04,12:05:31,2889,0,1
2017-06-04,12:05:32,4636,0,1
2017-06-04,12:05:33,6442,0,1
2017-06-04,12:05:34,1844,0,1
2017-06-04,12:05:35,1487,0,1
2017-06-04,12:05:36,3184,0,1
2017-06-04,12:05:37,2670,0,1
2017-06-04,12:05:38,1363,0,1
2017-06-04,12:05:39,1641,0,1
2017-06-04,12:05:40,2778,0,1
2017-06-04,12:05:41,2739,0,5
2017-06-04,12:05:42,1247,0,5
2017-06-04,12:05:43,1382,0,5
2017-06-04,12:05:44,0,0,5
2017-06-04,12:05:45,1877,0,5
2017-06-04,12:05:46,2042,0,5
2017-06-04,12:05:47,2891,0,5
2017-06-04,12:05:48,1250,0,5
2017-06-04,12:05:49,2115,0,5
2017-06-04,12:05:50,3045,0,5
2017-06-04,12:05:51,4822,0,5
2017-06-04,12:05:52,5523,0,5
2017-06-04,12:05:53,2227,0,5
2017-06-04,12:05:54,2517,0,5
2017-06-04,12:05:55,1854,0,5
2017-06-04,12:05:56,2600,0,5
2017-06-04,12:05:57,2556,0,5
2017-06-04,12:05:58,2407,0,5
2017-06-04,12:05:59,2446,0,5
2017-06-04,12:06:00,1273,0,5
2017-06-04,12:06:01,0,0,5
2017-06-04,12:06:02,1015,0,5
2017-06-04,12:06:03,1596,0,5
2017-06-04,12:06:04,2233,0,5
2017-06-04,12:06:05,2099,0,5
2017-06-04,12:06:06,1853,0,5
2017-06-04,12:06:07,1188,0,5
2017-06-04,12:06:08,2247,0,5
2017-06-04,12:06:09,1907,0,5
2017-06-04,12:06:10,1701,0,5
2017-06-04,12:06:11,2288,0,5
2017-06-04,12:06:12,3918,0,5
2017-06-04,12:06:13,7096,0,5
2017-06-04,12:06:14,5319,0,5
2017-06-04,12:06:15,1091,0,5
2017-06-04,12:06:16,1753,0,5
2017-06-04,12:06:17,2263,0,5
2017-06-04,12:06:18,1367,0,5
2017-06-04,12:06:19,1302,0,5
2017-06-04,12:06:20,1392,0,5
2017-06-04,12:06:21,1627,0,5
2017-06-04,12:06:22,1147,0,5
2017-06-04,12:06:23,0,0,5
2017-06-04,12:06:24,0,0,5
2017-06-04,12:06:25,0,0,5
2017-06-04,12:06:26,0,0,5
2017-06-04,12:06:27,0,0,5
2017-06-04,12:06:28,0,0,5
2017-06-04,12:06:29,0,0,5
2017-06-04,12:06:30,0,0,5
2017-06-04,12:06:31,0,0,5
2017-06-04,12:06:32,0,0,5
2017-06-04,12:06:33,0,0,5
2017-06-04,12:06:34,0,0,5
2017-06-04,12:06:35,0,0,5
2017-06-04,12:06:36,0,0,5
2017-06-04,12:06:37,0,0,5
2017-06-04,12:06:38,0,0,5
2017-06-04,12:06:39,0,0,5
2017-06-04,12:06:40,0,0,5
2017-06-04,12:06:41,0,0,5
2017-06-04,12:06:42,1084,0,5
2017-06-04,12:06:43,0,0,5
2017-06-04,12:06:44,1570,0,5
2017-06-04,12:06:45,1152,0,5
2017-06-04,12:06:46,1092,0,5
2017-06-04,12:06:47,0,0,5
2017-06-04,12:06:48,0,0,5
2017-06-04,12:06:49,0,0,5
2017-06-04,12:06:50,0,0,5
2017-06-04,12:06:51,0,0,5
2017-06-04,12:06:52,0,0,5
2017-06-04,12:06:53,0,0,5
2017-06-04,12:06:54,0,0,5
2017-06-04,12:06:55,0,0,5
2017-06-04,12:06:56,0,0,5
2017-06-04,12:06:57,0,0,5
2017-06-04,12:06:58,0,0,5
2017-06-04,12:06:59,0,0,5
2017-06-04,12:07:00,3139,0,5
2017-06-04,12:07:01,2787,0,5
2017-06-04,12:07:02,0,0,5
2017-06-04,12:07:03,0,0,5
2017-06-04,12:07:04,0,0,5
2017-06-04,12:07:05,0,0,5
2017-06-04,12:07:06,0,0,5
2017-06-04,12:07:07,0,0,5
2017-06-04,12:07:08,0,0,5
2017-06-04,12:07:09,0,0,5
2017-06-04,12:07:10,0,0,5
2017-06-04,12:07:11,0,0,5
2017-06-04,12:07:12,0,0,5
2017-06-04,12:07:13,0,0,5
2017-06-04,12:07:14,0,0,5
2017-06-04,12:07:15,0,0,5
2017-06-04,12:07:16,0,0,5
2017-06-04,12:07:17,0,0,5
2017-06-04,12:07:18,0,0,5
2017-06-04,12:07:19,0,0,5
2017-06-04,12:07:20,0,0,5
2017-06-04,12:07:21,40542,0,5
2017-06-04,12:07:22,0,0,5
2017-06-04,12:07:23,0,0,5
2017-06-04,12:07:24,0,0,5
2017-06-04,12:07:25,0,0,5
2017-06-04,12:07:26,0,0,5
2017-06-04,12:07:27,0,0,5
2017-06-04,12:07:28,0,0,5
2017-06-04,12:07:29,0,0,5
2017-06-04,12:07:30,0,0,5
2017-06-04,12:07:31,0,0,5
2017-06-04,12:07:32,0,0,5
2017-06-04,12:07:33,0,0,5
2017-06-04,12:07:34,0,0,5
2017-06-04,12:07:35,0,0,5
2017-06-04,12:07:36,0,0,5
2017-06-04,12:07:37,0,0,5
2017-06-04,12:07:38,0,0,5
2017-06-04,12:07:39,0,0,5
2017-06-04,12:07:40,0,0,5
2017-06-04,12:07:41,0,0,5
2017-06-04,12:07:42,0,0,5
2017-06-04,12:07:43,0,0,5
2017-06-04,12:07:44,0,0,5
2017-06-04,12:07:45,0,0,5
2017-06-04,12:07:46,0,0,5
2017-06-04,12:07:47,0,0,5
2017-06-04,12:07:48,0,0,5
2017-06-04,12:07:49,0,0,5
2017-06-04,12:07:50,0,0,5
2017-06-04,12:07:51,0,0,5
2017-06-04,12:07:52,0,0,5
2017-06-04,12:07:53,0,0,5
2017-06-04,12:07:54,0,0,5
2017-06-04,12:07:55,0,0,5
2017-06-04,12:07:56,0,0,5
2017-06-04,12:07:57,0,0,5
2017-06-04,12:07:58,0,0,5
2017-06-04,12:07:59,0,0,5
2017-06-04,12:08:00,0,0,5
2017-06-04,12:08:01,0,0,5
2017-06-04,12:08:02,0,0,5
2017-06-04,12:08:03,0,0,5
2017-06-04,12:08:04,0,0,5
2017-06-04,12:08:05,0,0,5
2017-06-04,12:08:06,0,0,5
2017-06-04,12:08:07,0,0,5
2017-06-04,12:08:08,0,0,5
2017-06-04,12:08:09,0,0,5
2017-06-04,12:08:10,0,0,5
2017-06-04,12:08:11,0,0,5
2017-06-04,12:08:12,0,0,5
2017-06-04,12:08:13,0,0,5
2017-06-04,12:08:14,0,0,5
2017-06-04,12:08:15,0,0,5
2017-06-04,12:08:16,0,0,5
2017-06-04,12:08:17,0,0,5
2017-06-04,12:08:18,0,0,5
2017-06-04,12:08:19,0,0,5
2017-06-04,12:08:20,0,0,5
2017-06-04,12:08:21,0,0,5
2017-06-04,12:08:22,0,0,5
2017-06-04,12:08:23,0,0,5
2017-06-04,12:08:24,0,0,5
2017-06-04,12:08:25,0,0,5
2017-06-04,12:08:26,0,0,5
2017-06-04,12:08:27,0,0,5
2017-06-04,12:08:28,0,0,5
2017-06-04,12:08:29,0,0,5
2017-06-04,12:08:30,0,0,5
2017-06-04,12:08:31,0,0,5
2017-06-04,12:08:32,0,0,5
2017-06-04,12:08:33,0,0,5
2017-06-04,12:08:34,0,0,5
2017-06-04,12:08:35,0,0,5
2017-06-04,12:08:36,0,0,5
2017-06-04,12:08:37,0,0,5
2017-06-04,12:08:38,0,0,5
2017-06-04,12:08:39,0,0,5
2017-06-04,12:08:40,0,0,5
2017-06-04,12:08:41,0,0,5
2017-06-04,12:08:42,0,0,5
2017-06-04,12:08:43,0,0,5
2017-06-04,12:08:44,0,0,5
2017-06-04,12:08:45,0,0,5
2017-06-04,12:08:46,0,0,5
2017-06-04,12:08:47,0,0,5
2017-06-04,12:08:48,0,0,5
2017-06-04,12:08:49,0,0,5
2017-06-04,12:08:50,0,0,5
2017-06-04,12:08:51,0,0,5
2017-06-04,12:08:52,0,0,5
2017-06-04,12:08:53,0,0,5
2017-06-04,12:08:54,0,0,5
2017-06-04,12:08:55,0,0,5
2017-06-04,12:08:56,0,0,5
2017-06-04,12:08:57,0,0,5
2017-06-04,12:08:58,0,0,5
2017-06-04,12:08:59,0,0,5
2017-06-04,12:09:00,0,0,5
2017-06-04,12:09:01,0,0,5
2017-06-04,12:09:02,0,0,5
2017-06-04,12:09:03,0,0,5
2017-06-04,12:09:04,0,0,5
2017-06-04,12:09:05,0,0,5
2017-06-04,12:09:06,0,0,5
2017-06-04,12:09:07,0,0,5
2017-06-04,12:09:08,0,0,5
2017-06-04,12:09:09,0,0,5
2017-06-04,12:09:10,0,0,5
2017-06-04,12:09:11,0,0,5
2017-06-04,12:09:12,0,0,5
2017-06-04,12:09:13,0,0,5
2017-06-04,12:09:14,0,0,5
2017-06-04,12:09:15,0,0,5
2017-06-04,12:09:16,0,0,5
2017-06-04,12:09:17,0,0,5
2017-06-04,12:09:18,0,0,5
2017-06-04,12:09:19,0,0,5
2017-06-04,12:09:20,0,0,5
2017-06-04,12:09:21,0,0,5
2017-06-04,12:09:22,0,0,5
2017-06-04,12:09:23,0,0,5
2017-06-04,12:09:24,0,0,5
2017-06-04,12:09:25,0,0,5
2017-06-04,12:09:26,0,0,5
2017-06-04,12:09:27,0,0,5
2017-06-04,12:09:28,0,0,5
2017-06-04,12:09:29,0,0,5
2017-06-04,12:09:30,0,0,5
2017-06-04,12:09:31,0,0,5
2017-06-04,12:09:32,0,0,5
2017-06-04,12:09:33,0,0,5
2017-06-04,12:09:34,0,0,5
2017-06-04,12:09:35,0,0,5
2017-06-04,12:09:36,0,0,5
2017-06-04,12:09:37,0,0,5
2017-06-04,12:09:38,0,0,5
2017-06-04,12:09:39,0,0,5
2017-06-04,12:09:40,0,0,5
2017-06-04,12:09:41,0,0,5
2017-06-04,12:09:42,0,0,5
2017-06-04,12:09:43,0,0,5
2017-06-04,12:09:44,0,0,5
2017-06-04,12:09:45,0,0,5
2017-06-04,12:09:46,0,0,5
2017-06-04,12:09:47,0,0,5
2017-06-04,12:09:48,0,0,5
2017-06-04,12:09:49,0,0,5
2017-06-04,12:09:50,0,0,5
2017-06-04,12:09:51,0,0,5
2017-06-04,12:09:52,0,0,5
2017-06-04,12:09:53,0,0,5
2017-06-04,12:09:54,0,0,5
2017-06-04,12:09:55,0,0,5
2017-06-04,12:09:56,0,0,5
2017-06-04,12:09:57,0,0,5
2017-06-04,12:09:58,0,0,5
2017-06-04,12:09:59,0,0,5
2017-06-04,12:10:00,0,0,5
2017-06-04,12:10:01,0,0,6
2017-06-04,12:10:02,0,0,6
2017-06-04,12:10:03,0,0,6
2017-06-04,12:10:04,0,0,6
2017-06-04,12:10:05,0,0,6
2017-06-04,12:10:06,0,0,6
2017-06-04,12:10:07,0,0,6
2017-06-04,12:10:08,0,0,6
2017-06-04,12:10:09,0,0,6
2017-06-04,12:10:10,0,0,6
2017-06-04,12:10:11,0,0,6
2017-06-04,12:10:12,0,0,6
2017-06-04,12:10:13,0,0,6
2017-06-04,12:10:14,0,0,6
2017-06-04,12:10:15,0,0,6
2017-06-04,12:10:16,0,0,6
2017-06-04,12:10:17,0,0,6
2017-06-04,12:10:18,0,0,6
2017-06-04,12:10:19,0,0,6
2017-06-04,12:10:20,0,0,6
2017-06-04,12:10:21,0,0,6
2017-06-04,12:10:22,0,0,6
2017-06-04,12:10:23,0,0,6
2017-06-04,12:10:24,0,0,6
2017-06-04,12:10:25,0,0,6
2017-06-04,12:10:26,0,0,6
2017-06-04,12:10:27,0,0,6
2017-06-04,12:10:28,0,0,6
2017-06-04,12:10:29,0,0,6
2017-06-04,12:10:30,0,0,6
2017-06-04,12:10:31,0,0,6
2017-06-04,12:10:32,0,0,6
2017-06-04,12:10:33,0,0,6
2017-06-04,12:10:34,0,0,6
2017-06-04,12:10:35,0,0,6
2017-06-04,12:10:36,0,0,6
2017-06-04,12:10:37,0,0,6
2017-06-04,12:10:38,0,0,6
2017-06-04,12:10:39,0,0,6
2017-06-04,12:10:40,0,0,6
2017-06-04,12:10:41,0,0,6
2017-06-04,12:10:42,0,0,6
2017-06-04,12:10:43,0,0,6
2017-06-04,12:10:44,0,0,6
2017-06-04,12:10:45,0,0,6
2017-06-04,12:10:46,0,0,6
2017-06-04,12:10:47,0,0,6
2017-06-04,12:10:48,0,0,6
2017-06-04,12:10:49,0,0,6
2017-06-04,12:10:50,0,0,6
2017-06-04,12:10:51,0,0,6
2017-06-04,12:10:52,0,0,6
2017-06-04,12:10:53,0,0,6
2017-06-04,12:10:54,0,0,6
2017-06-04,12:10:55,0,0,6
2017-06-04,12:10:56,0,0,6
2017-06-04,12:10:57,0,0,6
2017-06-04,12:10:58,0,0,6
2017-06-04,12:10:59,0,0,6
2017-06-04,12:11:00,0,0,6
2017-06-04,12:11:01,0,0,7
2017-06-04,12:11:02,0,0,7
2017-06-04,12:11:03,0,0,7
2017-06-04,12:11:04,0,0,7
2017-06-04,12:11:05,0,0,7
2017-06-04,12:11:06,0,0,7
2017-06-04,12:11:07,0,0,7
2017-06-04,12:11:08,0,0,7
2017-06-04,12:11:09,0,0,7
2017-06-04,12:11:10,0,0,7
2017-06-04,12:11:11,0,0,7
2017-06-04,12:11:12,0,0,7
2017-06-04,12:11:13,0,0,7
2017-06-04,12:11:14,0,0,7
2017-06-04,12:11:15,0,0,7
2017-06-04,12:11:16,0,0,7
2017-06-04,12:11:17,0,0,7
2017-06-04,12:11:18,0,0,7
2017-06-04,12:11:19,0,0,7
2017-06-04,12:11:20,0,0,7
2017-06-04,12:11:21,0,0,7
2017-06-04,12:11:22,0,0,7
2017-06-04,12:11:23,0,0,7
2017-06-04,12:11:24,0,0,7
2017-06-04,12:11:25,0,0,7
2017-06-04,12:11:26,0,0,7
2017-06-04,12:11:27,0,0,7
2017-06-04,12:11:28,0,0,7
2017-06-04,12:11:29,0,0,7
2017-06-04,12:11:30,0,0,7
2017-06-04,12:11:31,0,0,7
2017-06-04,12:11:32,0,0,7
2017-06-04,12:11:33,0,0,7
2017-06-04,12:11:34,0,0,7
2017-06-04,12:11:35,0,0,7
2017-06-04,12:11:36,0,0,7
2017-06-04,12:11:37,0,0,7
2017-06-04,12:11:38,0,0,7
2017-06-04,12:11:39,0,0,7
2017-06-04,12:11:40,0,0,7
2017-06-04,12:11:41,0,0,7
2017-06-04,12:11:42,0,0,7
2017-06-04,12:11:43,0,0,7
2017-06-04,12:11:44,0,0,7
2017-06-04,12:11:45,0,0,7
2017-06-04,12:11:46,0,0,7
2017-06-04,12:11:47,0,0,7
2017-06-04,12:11:48,0,0,7
2017-06-04,12:11:49,0,0,7
2017-06-04,12:11:50,0,0,7
2017-06-04,12:11:51,0,0,7
2017-06-04,12:11:52,0,0,7
2017-06-04,12:11:53,0,0,7
2017-06-04,12:11:54,0,0,7
2017-06-04,12:11:55,0,0,7
2017-06-04,12:11:56,0,0,7
2017-06-04,12:11:57,0,0,7
2017-06-04,12:11:58,0,0,7
2017-06-04,12:11:59,0,0,7
2017-06-04,12:12:00,0,0,7
2017-06-04,12:12:01,0,0,1
2017-06-04,12:12:02,0,0,1
2017-06-04,12:12:03,0,0,1
2017-06-04,12:12:04,0,0,1
2017-06-04,12:12:05,0,0,1
2017-06-04,12:12:06,0,0,1
2017-06-04,12:12:07,0,0,1
2017-06-04,12:12:08,0,0,1
2017-06-04,12:12:09,0,0,1
2017-06-04,12:12:10,0,0,1
2017-06-04,12:12:11,0,0,1
2017-06-04,12:12:12,0,0,1
2017-06-04,12:12:13,0,0,1
2017-06-04,12:12:14,0,0,1
2017-06-04,12:12:15,0,0,1
2017-06-04,12:12:16,0,0,1
2017-06-04,12:12:17,0,0,1
2017-06-04,12:12:18,0,0,1
2017-06-04,12:12:19,0,0,1
2017-06-04,12:12:20,0,0,1
2017-06-04,12:12:21,0,0,1
2017-06-04,12:12:22,0,0,1
2017-06-04,12:12:23,0,0,1
2017-06-04,12:12:24,0,0,1
2017-06-04,12:12:25,0,0,1
2017-06-04,12:12:26,0,0,1
2017-06-04,12:12:27,0,0,1
2017-06-04,12:12:28,0,0,1
2017-06-04,12:12:29,0,0,1
2017-06-04,12:12:30,0,0,1
2017-06-04,12:12:31,0,0,1
2017-06-04,12:12:32,0,0,1
2017-06-04,12:12:33,0,0,1
2017-06-04,12:12:34,0,0,1
2017-06-04,12:12:35,0,0,1
2017-06-04,12:12:36,0,0,1
2017-06-04,12:12:37,40226,0,1
2017-06-04,12:12:38,0,0,1
2017-06-04,12:12:39,0,0,1
2017-06-04,12:12:40,0,0,1
2017-06-04,12:12:41,0,0,1
2017-06-04,12:12:42,0,0,1
2017-06-04,12:12:43,0,0,1
2017-06-04,12:12:44,0,0,1
2017-06-04,12:12:45,0,0,1
2017-06-04,12:12:46,0,0,1
2017-06-04,12:12:47,0,0,1
2017-06-04,12:12:48,0,0,1
2017-06-04,12:12:49,0,0,1
2017-06-04,12:12:50,0,0,1
2017-06-04,12:12:51,0,0,1
2017-06-04,12:12:52,0,0,1
2017-06-04,12:12:53,0,0,1
2017-06-04,12:12:54,0,0,1
2017-06-04,12:12:55,0,0,1
2017-06-04,12:12:56,0,0,1
2017-06-04,12:12:57,0,0,1
2017-06-04,12:12:58,0,0,1
2017-06-04,12:12:59,0,0,1
2017-06-04,12:13:00,0,0,1
2017-06-04,12:13:01,0,0,2
2017-06-04,12:13:02,0,0,2
2017-06-04,12:13:03,0,0,2
2017-06-04,12:13:04,0,0,2
2017-06-04,12:13:05,0,0,2
2017-06-04,12:13:06,0,0,2
2017-06-04,12:13:07,0,0,2
2017-06-04,12:13:08,0,0,2
2017-06-04,12:13:09,0,0,2
2017-06-04,12:13:10,0,0,2
2017-06-04,12:13:11,0,0,2
2017-06-04,12:13:12,0,0,2
2017-06-04,12:13:13,0,0,2
2017-06-04,12:13:14,0,0,2
2017-06-04,12:13:15,0,0,2
2017-06-04,12:13:16,0,0,2
2017-06-04,12:13:17,0,0,2
2017-06-04,12:13:18,0,0,2
2017-06-04,12:13:19,0,0,2
2017-06-04,12:13:20,0,0,2
2017-06-04,12:13:21,0,0,2
2017-06-04,12:13:22,0,0,2
2017-06-04,12:13:23,0,0,2
2017-06-04,12:13:24,0,0,2
2017-06-04,12:13:25,0,0,2
2017-06-04,12:13:26,0,0,2
2017-06-04,12:13:27,0,0,2
2017-06-04,12:13:28,0,0,2
2017-06-04,12:13:29,0,0,2
2017-06-04,12:13:30,0,0,2
2017-06-04,12:13:31,0,0,2
2017-06-04,12:13:32,0,0,2
2017-06-04,12:13:33,0,0,2
2017-06-04,12:13:34,0,0,2
2017-06-04,12:13:35,0,0,2
2017-06-04,12:13:36,0,0,2
2017-06-04,12:13:37,0,0,2
2017-06-04,12:13:38,0,0,2
2017-06-04,12:13:39,0,0,2
2017-06-04,12:13:40,0,0,2
2017-06-04,12:13:41,0,0,2
2017-06-04,12:13:42,0,0,2
2017-06-04,12:13:43,0,0,2
2017-06-04,12:13:44,0,0,2
2017-06-04,12:13:45,0,0,2
2017-06-04,12:13:46,0,0,2
2017-06-04,12:13:47,0,0,2
2017-06-04,12:13:48,0,0,2
2017-06-04,12:13:49,0,0,2
2017-06-04,12:13:50,0,0,2
2017-06-04,12:13:51,0,0,2
2017-06-04,12:13:52,0,0,2
2017-06-04,12:13:53,0,0,2
2017-06-04,12:13:54,0,0,2
2017-06-04,12:13:55,0,0,2
2017-06-04,12:13:56,0,0,2
2017-06-04,12:13:57,0,0,2
2017-06-04,12:13:58,0,0,2
2017-06-04,12:13:59,0,0,2
2017-06-04,12:14:00,0,0,2
2017-06-04,12:14:01,0,0,3
2017-06-04,12:14:02,0,0,3
2017-06-04,12:14:03,0,0,3
2017-06-04,12:14:04,0,0,3
2017-06-04,12:14:05,0,0,3
2017-06-04,12:14:06,0,0,3
2017-06-04,12:14:07,0,0,3
2017-06-04,12:14:08,0,0,3
2017-06-04,12:14:09,0,0,3
2017-06-04,12:14:10,0,0,3
2017-06-04,12:14:11,0,0,3
2017-06-04,12:14:12,0,0,3
2017-06-04,12:14:13,0,0,3
2017-06-04,12:14:14,0,0,3
2017-06-04,12:14:15,0,0,3
2017-06-04,12:14:16,0,0,3
2017-06-04,12:14:17,0,0,3
2017-06-04,12:14:18,0,0,3
2017-06-04,12:14:19,0,0,3
2017-06-04,12:14:20,0,0,3
2017-06-04,12:14:21,0,0,3
2017-06-04,12:14:22,0,0,3
2017-06-04,12:14:23,0,0,3
2017-06-04,12:14:24,0,1,1
2017-06-04,12:14:25,0,0,1
2017-06-04,12:14:26,0,0,1
2017-06-04,12:14:27,0,0,1
2017-06-04,12:14:28,0,0,1
2017-06-04,12:14:29,0,0,1
2017-06-04,12:14:30,0,0,1
2017-06-04,12:14:31,0,0,1
2017-06-04,12:14:32,0,0,1
2017-06-04,12:14:33,0,0,1
2017-06-04,12:14:34,0,0,1
2017-06-04,12:14:35,0,0,1
2017-06-04,12:14:36,0,0,1
2017-06-04,12:14:37,0,0,1
2017-06-04,12:14:38,0,0,1
2017-06-04,12:14:39,0,0,1
2017-06-04,12:14:40,2056,0,1
2017-06-04,12:14:41,4657,0,1
2017-06-04,12:14:42,2551,0,1
2017-06-04,12:14:43,3991,0,1
2017-06-04,12:14:44,6174,0,1
2017-06-04,12:14:45,6780,0,1
2017-06-04,12:14:46,7131,0,1
2017-06-04,12:14:47,7204,0,1
2017-06-04,12:14:48,7211,0,1
2017-06-04,12:14:49,6759,0,1
2017-06-04,12:14:50,1982,0,1
2017-06-04,12:14:51,1229,0,1
2017-06-04,12:14:52,2653,0,1
2017-06-04,12:14:53,3341,1,5
2017-06-04,12:14:54,0,0,5
2017-06-04,12:14:55,0,0,5
2017-06-04,12:14:56,0,0,5
2017-06-04,12:14:57,0,0,5
2017-06-04,12:14:58,0,0,5
2017-06-04,12:14:59,0,0,5
2017-06-04,12:15:00,0,0,5
2017-06-04,12:15:01,0,0,5
2017-06-04,12:15:02,0,0,5
2017-06-04,12:15:03,0,0,5
2017-06-04,12:15:04,0,0,5
2017-06-04,12:15:05,0,0,5
2017-06-04,12:15:06,0,0,5
2017-06-04,12:15:07,0,0,5
2017-06-04,12:15:08,0,0,5
2017-06-04,12:15:09,0,0,5
2017-06-04,12:15:10,0,0,5
2017-06-04,12:15:11,3866,0,5
2017-06-04,12:15:12,7312,0,5
2017-06-04,12:15:13,5138,0,5
2017-06-04,12:15:14,5905,0,5
2017-06-04,12:15:15,7120,0,5
2017-06-04,12:15:16,6179,0,5
2017-06-04,12:15:17,6404,0,5
2017-06-04,12:15:18,4165,0,5
2017-06-04,12:15:19,2335,0,5
2017-06-04,12:15:20,5877,0,5
2017-06-04,12:15:21,7080,0,5
2017-06-04,12:15:22,7022,0,5
2017-06-04,12:15:23,4586,0,5
2017-06-04,12:15:24,0,0,5
2017-06-04,12:15:25,0,0,5
2017-06-04,12:15:26,0,0,5
2017-06-04,12:15:27,0,0,5
2017-06-04,12:15:28,0,0,5
2017-06-04,12:15:29,0,0,5
2017-06-04,12:15:30,1656,0,5
2017-06-04,12:15:31,3312,0,5
2017-06-04,12:15:32,0,0,5
2017-06-04,12:15:33,0,0,5
2017-06-04,12:15:34,0,0,5
2017-06-04,12:15:35,0,0,5
2017-06-04,12:15:36,0,0,5
2017-06-04,12:15:37,0,0,5
2017-06-04,12:15:38,0,0,5
2017-06-04,12:15:39,0,0,5
2017-06-04,12:15:40,0,0,5
2017-06-04,12:15:41,0,0,5
2017-06-04,12:15:42,0,0,5
2017-06-04,12:15:43,0,0,5
2017-06-04,12:15:44,0,0,5
2017-06-04,12:15:45,0,0,5
2017-06-04,12:15:46,0,0,5
2017-06-04,12:15:47,1056,0,5
2017-06-04,12:15:48,0,0,5
2017-06-04,12:15:49,0,0,5
2017-06-04,12:15:50,0,0,5
2017-06-04,12:15:51,0,0,5
2017-06-04,12:15:52,1925,0,5
2017-06-04,12:15:53,4488,0,5
2017-06-04,12:15:54,5634,0,5
2017-06-04,12:15:55,2515,0,5
2017-06-04,12:15:56,1443,0,5
2017-06-04,12:15:57,1128,0,5
2017-06-04,12:15:58,1078,0,5
2017-06-04,12:15:59,1084,0,5
2017-06-04,12:16:00,1636,0,6
2017-06-04,12:16:01,1278,0,6
2017-06-04,12:16:02,0,0,6
2017-06-04,12:16:03,0,0,6
2017-06-04,12:16:04,0,0,6
2017-06-04,12:16:05,0,0,6
2017-06-04,12:16:06,3442,0,6
2017-06-04,12:16:07,6193,0,6
2017-06-04,12:16:08,5768,0,6
2017-06-04,12:16:09,5520,0,6
2017-06-04,12:16:10,5633,0,6
2017-06-04,12:16:11,6065,0,6
2017-06-04,12:16:12,6022,0,6
2017-06-04,12:16:13,7146,0,6
2017-06-04,12:16:14,8159,0,6
2017-06-04,12:16:15,7697,0,6
2017-06-04,12:16:16,5576,0,6
2017-06-04,12:16:17,5272,0,6
2017-06-04,12:16:18,5543,0,6
2017-06-04,12:16:19,4455,0,6
2017-06-04,12:16:20,1630,0,6
2017-06-04,12:16:21,0,0,6
2017-06-04,12:16:22,1769,0,6
2017-06-04,12:16:23,2377,0,6
2017-06-04,12:16:24,2778,0,6
2017-06-04,12:16:25,2838,0,6
2017-06-04,12:16:26,2943,0,6
2017-06-04,12:16:27,2258,0,6
2017-06-04,12:16:28,40543,0,6
2017-06-04,12:16:29,0,0,6
2017-06-04,12:16:30,0,0,6
2017-06-04,12:16:31,0,0,6
2017-06-04,12:16:32,0,0,6
2017-06-04,12:16:33,0,0,6
2017-06-04,12:16:34,0,0,6
2017-06-04,12:16:35,0,0,6
2017-06-04,12:16:36,0,0,6
2017-06-04,12:16:37,0,0,6
2017-06-04,12:16:38,0,0,6
2017-06-04,12:16:39,0,0,6
2017-06-04,12:16:40,0,0,6
2017-06-04,12:16:41,0,0,6
2017-06-04,12:16:42,0,0,6
2017-06-04,12:16:43,0,0,6
2017-06-04,12:16:44,0,0,6
2017-06-04,12:16:45,0,0,6
2017-06-04,12:16:46,1125,0,6
2017-06-04,12:16:47,2329,0,6
2017-06-04,12:16:48,2782,0,6
2017-06-04,12:16:49,1610,0,6
2017-06-04,12:16:50,2798,0,6
2017-06-04,12:16:51,2896,0,6
2017-06-04,12:16:52,2562,0,6
2017-06-04,12:16:53,1685,0,6
2017-06-04,12:16:54,1066,0,6
2017-06-04,12:16:55,1806,0,6
2017-06-04,12:16:56,3051,0,6
2017-06-04,12:16:57,1428,0,6
2017-06-04,12:16:58,0,0,6
2017-06-04,12:16:59,0,0,6
2017-06-04,12:17:00,1841,0,4
2017-06-04,12:17:01,0,0,4
2017-06-04,12:17:02,0,0,4
2017-06-04,12:17:03,0,0,4
2017-06-04,12:17:04,0,0,4
2017-06-04,12:17:05,0,0,4
2017-06-04,12:17:06,0,0,4
2017-06-04,12:17:07,0,0,4
2017-06-04,12:17:08,0,0,4
2017-06-04,12:17:09,0,0,4
2017-06-04,12:17:10,0,0,4
2017-06-04,12:17:11,0,0,4
2017-06-04,12:17:12,1625,0,4
2017-06-04,12:17:13,2969,0,4
2017-06-04,12:17:14,2820,0,4
2017-06-04,12:17:15,1205,0,4
2017-06-04,12:17:16,0,0,4
2017-06-04,12:17:17,1837,0,4
2017-06-04,12:17:18,1305,1,8
2017-06-04,12:17:19,0,0,8
2017-06-04,12:17:20,0,0,8
2017-06-04,12:17:21,0,0,8
2017-06-04,12:17:22,0,0,8
2017-06-04,12:17:23,0,0,8
2017-06-04,12:17:24,1439,0,8
2017-06-04,12:17:25,2742,0,8
2017-06-04,12:17:26,2381,0,8
2017-06-04,12:17:27,0,0,8
2017-06-04,12:17:28,1059,0,8
2017-06-04,12:17:29,1152,0,8
2017-06-04,12:17:30,1085,0,8
2017-06-04,12:17:31,1050,0,8
2017-06-04,12:17:32,0,0,8
2017-06-04,12:17:33,1037,0,8
2017-06-04,12:17:34,1223,1,5
2017-06-04,12:17:35,0,0,5
2017-06-04,12:17:36,0,0,5
2017-06-04,12:17:37,0,0,5
2017-06-04,12:17:38,0,0,5
2017-06-04,12:17:39,0,0,5
2017-06-04,12:17:40,0,0,5
2017-06-04,12:17:41,0,0,5
2017-06-04,12:17:42,0,0,5
2017-06-04,12:17:43,0,0,5
2017-06-04,12:17:44,0,0,5
2017-06-04,12:17:45,0,0,5
2017-06-04,12:17:46,0,0,5
2017-06-04,12:17:47,0,0,5
2017-06-04,12:17:48,0,0,5
2017-06-04,12:17:49,0,0,5
2017-06-04,12:17:50,0,0,5
2017-06-04,12:17:51,1449,0,5
2017-06-04,12:17:52,3285,0,5
2017-06-04,12:17:53,3794,0,5
2017-06-04,12:17:54,3860,0,5
2017-06-04,12:17:55,3922,0,5
2017-06-04,12:17:56,40543,0,5
2017-06-04,12:17:57,0,0,5
2017-06-04,12:17:58,0,0,5
2017-06-04,12:17:59,0,0,5
2017-06-04,12:18:00,0,0,5
2017-06-04,12:18:01,0,0,5
2017-06-04,12:18:02,0,0,5
2017-06-04,12:18:03,0,0,5
2017-06-04,12:18:04,0,0,5
2017-06-04,12:18:05,0,0,5
2017-06-04,12:18:06,0,0,5
2017-06-04,12:18:07,0,0,5
2017-06-04,12:18:08,0,0,5
2017-06-04,12:18:09,0,0,5
2017-06-04,12:18:10,0,0,5
2017-06-04,12:18:11,0,0,5
2017-06-04,12:18:12,0,0,5
2017-06-04,12:18:13,0,0,5
2017-06-04,12:18:14,0,0,5
2017-06-04,12:18:15,0,0,5
2017-06-04,12:18:16,0,0,5
2017-06-04,12:18:17,0,0,5
2017-06-04,12:18:18,0,0,5
2017-06-04,12:18:19,0,0,5
2017-06-04,12:18:20,2121,0,5
2017-06-04,12:18:21,3042,0,5
2017-06-04,12:18:22,2518,0,5
2017-06-04,12:18:23,0,0,5
2017-06-04,12:18:24,0,0,5
2017-06-04,12:18:25,1731,0,5
2017-06-04,12:18:26,1543,0,5
2017-06-04,12:18:27,0,0,5
2017-06-04,12:18:28,0,0,5
2017-06-04,12:18:29,0,0,5
2017-06-04,12:18:30,0,0,5
2017-06-04,12:18:31,0,0,5
2017-06-04,12:18:32,1279,0,5
2017-06-04,12:18:33,1644,0,5
2017-06-04,12:18:34,1796,0,5
2017-06-04,12:18:35,1366,0,5
2017-06-04,12:18:36,1445,0,5
2017-06-04,12:18:37,2320,0,5
2017-06-04,12:18:38,3129,0,5
2017-06-04,12:18:39,2554,0,5
2017-06-04,12:18:40,2830,0,5
2017-06-04,12:18:41,3088,0,5
2017-06-04,12:18:42,2987,0,5
2017-06-04,12:18:43,1666,0,5
2017-06-04,12:18:44,1422,0,5
2017-06-04,12:18:45,0,0,5
2017-06-04,12:18:46,0,0,5
2017-06-04,12:18:47,1994,0,5
2017-06-04,12:18:48,2414,0,5
2017-06-04,12:18:49,2515,0,5
2017-06-04,12:18:50,1934,0,5
2017-06-04,12:18:51,2481,0,5
2017-06-04,12:18:52,2583,0,5
2017-06-04,12:18:53,1674,0,5
2017-06-04,12:18:54,1038,0,5
2017-06-04,12:18:55,0,0,5
2017-06-04,12:18:56,0,0,5
2017-06-04,12:18:57,0,0,5
2017-06-04,12:18:58,0,0,5
2017-06-04,12:18:59,0,0,5
2017-06-04,12:19:00,0,0,5
2017-06-04,12:19:01,0,0,5
2017-06-04,12:19:02,0,0,5
2017-06-04,12:19:03,0,0,5
2017-06-04,12:19:04,0,0,5
2017-06-04,12:19:05,0,0,5
2017-06-04,12:19:06,0,0,5
2017-06-04,12:19:07,1624,0,5
2017-06-04,12:19:08,2239,0,5
2017-06-04,12:19:09,2538,0,5
2017-06-04,12:19:10,2316,0,5
2017-06-04,12:19:11,1722,0,5
2017-06-04,12:19:12,0,0,5
2017-06-04,12:19:13,0,0,5
2017-06-04,12:19:14,0,0,5
2017-06-04,12:19:15,0,0,5
2017-06-04,12:19:16,0,0,5
2017-06-04,12:19:17,0,0,5
2017-06-04,12:19:18,0,0,5
2017-06-04,12:19:19,0,0,5
2017-06-04,12:19:20,0,0,5
2017-06-04,12:19:21,0,0,5
2017-06-04,12:19:22,0,0,5
2017-06-04,12:19:23,0,0,5
2017-06-04,12:19:24,0,0,5
2017-06-04,12:19:25,0,0,5
2017-06-04,12:19:26,1591,0,5
2017-06-04,12:19:27,1914,0,5
2017-06-04,12:19:28,2090,0,5
2017-06-04,12:19:29,2053,0,5
2017-06-04,12:19:30,40544,0,5
2017-06-04,12:19:31,0,0,5
2017-06-04,12:19:32,0,0,5
2017-06-04,12:19:33,0,0,5
2017-06-04,12:19:34,0,0,5
2017-06-04,12:19:35,0,0,5
2017-06-04,12:19:36,0,0,5
2017-06-04,12:19:37,0,0,5
2017-06-04,12:19:38,0,0,5
2017-06-04,12:19:39,0,0,5
2017-06-04,12:19:40,0,0,5
2017-06-04,12:19:41,0,0,5
2017-06-04,12:19:42,0,0,5
2017-06-04,12:19:43,0,0,3
2017-06-04,12:19:44,0,0,3
2017-06-04,12:19:45,0,0,3
2017-06-04,12:19:46,0,0,3
2017-06-04,12:19:47,0,0,3
2017-06-04,12:19:48,0,1,3
2017-06-04,12:19:49,0,0,3
2017-06-04,12:19:50,0,0,3
2017-06-04,12:19:51,0,0,3
2017-06-04,12:19:52,0,0,3
2017-06-04,12:19:53,0,0,3
2017-06-04,12:19:54,0,0,3
2017-06-04,12:19:55,0,0,3
2017-06-04,12:19:56,0,0,3
2017-06-04,12:19:57,0,0,3
2017-06-04,12:19:58,0,0,3
2017-06-04,12:19:59,0,0,3
2017-06-04,12:20:00,0,1,3
2017-06-04,12:20:01,0,0,3
2017-06-04,12:20:02,0,0,3
2017-06-04,12:20:03,0,0,3
2017-06-04,12:20:04,0,1,3
2017-06-04,12:20:05,0,0,3
2017-06-04,12:20:06,0,1,7
2017-06-04,12:20:07,0,0,7
2017-06-04,12:20:08,0,0,7
2017-06-04,12:20:09,0,0,7
2017-06-04,12:20:10,0,0,7
2017-06-04,12:20:11,0,0,7
2017-06-04,12:20:12,0,1,3
2017-06-04,12:20:13,0,0,3
2017-06-04,12:20:14,0,0,3
2017-06-04,12:20:15,0,0,3
2017-06-04,12:20:16,0,0,3
2017-06-04,12:20:17,0,0,3
2017-06-04,12:20:18,0,0,3
2017-06-04,12:20:19,0,0,3
2017-06-04,12:20:20,0,0,3
2017-06-04,12:20:21,0,0,3
2017-06-04,12:20:22,0,0,3
2017-06-04,12:20:23,0,1,1
2017-06-04,12:20:24,0,0,1
2017-06-04,12:20:25,0,0,1
2017-06-04,12:20:26,0,0,1
2017-06-04,12:20:27,0,0,1
2017-06-04,12:20:28,0,0,1
2017-06-04,12:20:29,0,0,1
2017-06-04,12:20:30,0,0,1
2017-06-04,12:20:31,0,0,1
2017-06-04,12:20:32,0,0,1
2017-06-04,12:20:33,0,0,1
2017-06-04,12:20:34,0,0,1
2017-06-04,12:20:35,0,0,1
2017-06-04,12:20:36,0,0,1
2017-06-04,12:20:37,0,0,1
2017-06-04,12:20:38,0,0,1
2017-06-04,12:20:39,0,0,1
2017-06-04,12:20:40,0,0,1
2017-06-04,12:20:41,0,0,1
2017-06-04,12:20:42,0,0,1
2017-06-04,12:20:43,0,0,1
2017-06-04,12:20:44,0,0,1
2017-06-04,12:20:45,0,0,1
2017-06-04,12:20:46,0,0,1
2017-06-04,12:20:47,0,0,1
2017-06-04,12:20:48,0,0,1
2017-06-04,12:20:49,0,0,1
2017-06-04,12:20:50,0,0,1
2017-06-04,12:20:51,0,0,1
2017-06-04,12:20:52,0,0,1
2017-06-04,12:20:53,0,0,1
2017-06-04,12:20:54,0,0,1
2017-06-04,12:20:55,0,0,1
2017-06-04,12:20:56,0,0,1
2017-06-04,12:20:57,0,0,1
2017-06-04,12:20:58,0,0,1
2017-06-04,12:20:59,0,0,1
2017-06-04,12:21:00,0,0,1
2017-06-04,12:21:01,0,0,1
2017-06-04,12:21:02,0,0,1
2017-06-04,12:21:03,0,0,1
2017-06-04,12:21:04,0,0,1
2017-06-04,12:21:05,0,0,1
2017-06-04,12:21:06,0,0,1
2017-06-04,12:21:07,0,0,1
2017-06-04,12:21:08,0,0,1
2017-06-04,12:21:09,0,0,1
2017-06-04,12:21:10,0,1,5
2017-06-04,12:21:11,0,0,5
2017-06-04,12:21:12,0,0,5
2017-06-04,12:21:13,2379,0,5
2017-06-04,12:21:14,1265,0,5
2017-06-04,12:21:15,0,0,5
2017-06-04,12:21:16,0,0,5
2017-06-04,12:21:17,0,0,5
2017-06-04,12:21:18,0,0,5
2017-06-04,12:21:19,0,0,5
2017-06-04,12:21:20,0,0,5
2017-06-04,12:21:21,0,0,5
2017-06-04,12:21:22,0,0,5
2017-06-04,12:21:23,1124,0,5
2017-06-04,12:21:24,1091,0,5
2017-06-04,12:21:25,1015,0,5
2017-06-04,12:21:26,0,0,5
2017-06-04,12:21:27,0,0,5
2017-06-04,12:21:28,0,0,5
2017-06-04,12:21:29,1081,0,5
2017-06-04,12:21:30,1259,0,5
2017-06-04,12:21:31,1361,0,5
2017-06-04,12:21:32,1073,0,5
2017-06-04,12:21:33,1183,0,5
2017-06-04,12:21:34,1129,0,5
2017-06-04,12:21:35,1071,0,5
2017-06-04,12:21:36,0,0,5
2017-06-04,12:21:37,1013,0,5
2017-06-04,12:21:38,1539,0,5
2017-06-04,12:21:39,4866,0,5
2017-06-04,12:21:40,5103,0,5
2017-06-04,12:21:41,4716,0,5
2017-06-04,12:21:42,3191,0,5
2017-06-04,12:21:43,1949,0,5
2017-06-04,12:21:44,2428,0,5
2017-06-04,12:21:45,4111,0,5
2017-06-04,12:21:46,3601,0,5
2017-06-04,12:21:47,3265,0,5
2017-06-04,12:21:48,3417,0,5
2017-06-04,12:21:49,3100,0,5
2017-06-04,12:21:50,3234,0,5
2017-06-04,12:21:51,2751,0,5
2017-06-04,12:21:52,0,0,5
2017-06-04,12:21:53,0,0,5
2017-06-04,12:21:54,0,0,5
2017-06-04,12:21:55,0,0,5
2017-06-04,12:21:56,1066,0,5
2017-06-04,12:21:57,1640,0,5
2017-06-04,12:21:58,2123,0,5
2017-06-04,12:21:59,1905,0,5
2017-06-04,12:22:00,1229,0,5
2017-06-04,12:22:01,1091,0,5
2017-06-04,12:22:02,0,0,5
2017-06-04,12:22:03,0,0,5
2017-06-04,12:22:04,2505,0,5
2017-06-04,12:22:05,4417,0,5
2017-06-04,12:22:06,3420,0,5
2017-06-04,12:22:07,3043,0,5
2017-06-04,12:22:08,3489,0,5
2017-06-04,12:22:09,3076,0,5
2017-06-04,12:22:10,2640,0,5
2017-06-04,12:22:11,2868,0,5
2017-06-04,12:22:12,7218,0,5
2017-06-04,12:22:13,7130,0,5
2017-06-04,12:22:14,6970,0,5
2017-06-04,12:22:15,7118,0,5
2017-06-04,12:22:16,4550,0,5
2017-06-04,12:22:17,1869,0,5
2017-06-04,12:22:18,1344,0,5
2017-06-04,12:22:19,0,0,5
2017-06-04,12:22:20,0,0,5
2017-06-04,12:22:21,0,0,5
2017-06-04,12:22:22,1133,0,5
2017-06-04,12:22:23,1200,0,5
2017-06-04,12:22:24,1172,0,5
2017-06-04,12:22:25,1479,0,5
2017-06-04,12:22:26,2351,0,5
2017-06-04,12:22:27,1987,0,5
2017-06-04,12:22:28,1817,0,5
2017-06-04,12:22:29,1170,0,5
2017-06-04,12:22:30,1213,0,5
2017-06-04,12:22:31,1096,0,5
2017-06-04,12:22:32,1365,0,5
2017-06-04,12:22:33,1743,0,5
2017-06-04,12:22:34,1804,0,5
2017-06-04,12:22:35,1730,0,5
2017-06-04,12:22:36,1467,0,5
2017-06-04,12:22:37,1764,0,5
2017-06-04,12:22:38,2762,0,5
2017-06-04,12:22:39,2855,0,5
2017-06-04,12:22:40,2991,0,5
2017-06-04,12:22:41,3138,0,5
2017-06-04,12:22:42,3637,0,5
2017-06-04,12:22:43,4436,0,5
2017-06-04,12:22:44,5713,0,5
2017-06-04,12:22:45,5310,0,5
2017-06-04,12:22:46,10103,0,5
2017-06-04,12:22:47,11662,0,5
2017-06-04,12:22:48,11811,0,5
2017-06-04,12:22:49,11753,0,5
2017-06-04,12:22:50,11308,0,5
2017-06-04,12:22:51,11671,0,5
2017-06-04,12:22:52,10221,0,5
2017-06-04,12:22:53,10077,0,5
2017-06-04,12:22:54,10362,0,5
2017-06-04,12:22:55,9217,0,5
2017-06-04,12:22:56,10597,0,5
2017-06-04,12:22:57,10112,0,5
2017-06-04,12:22:58,6082,0,5
2017-06-04,12:22:59,6414,0,5
2017-06-04,12:23:00,6410,0,5
2017-06-04,12:23:01,7750,0,1
2017-06-04,12:23:02,4983,0,1
2017-06-04,12:23:03,21358,0,1
2017-06-04,12:23:04,0,0,1
2017-06-04,12:23:05,0,0,1
2017-06-04,12:23:06,0,0,1
2017-06-04,12:23:07,0,0,1
2017-06-04,12:23:08,0,0,1
2017-06-04,12:23:09,0,0,1
2017-06-04,12:23:10,0,0,1
2017-06-04,12:23:11,0,0,1
2017-06-04,12:23:12,0,0,1
2017-06-04,12:23:13,0,0,1
2017-06-04,12:23:14,0,0,1
2017-06-04,12:23:15,0,0,1
2017-06-04,12:23:16,0,0,1
2017-06-04,12:23:17,1180,0,1
2017-06-04,12:23:18,1075,0,1
2017-06-04,12:23:19,1128,0,1
2017-06-04,12:23:20,0,0,1
2017-06-04,12:23:21,0,0,1
2017-06-04,12:23:22,0,0,1
2017-06-04,12:23:23,0,0,1
2017-06-04,12:23:24,0,0,1
2017-06-04,12:23:25,0,0,1
2017-06-04,12:23:26,1024,0,1
2017-06-04,12:23:27,2450,0,1
2017-06-04,12:23:28,3055,0,1
2017-06-04,12:23:29,2031,0,1
2017-06-04,12:23:30,2354,0,1
2017-06-04,12:23:31,2195,0,1
2017-06-04,12:23:32,1771,0,1
2017-06-04,12:23:33,1123,0,1
2017-06-04,12:23:34,1654,0,1
2017-06-04,12:23:35,1620,0,1
2017-06-04,12:23:36,2024,0,1
2017-06-04,12:23:37,2894,0,1
2017-06-04,12:23:38,4119,0,1
2017-06-04,12:23:39,4178,0,1
2017-06-04,12:23:40,3754,0,1
2017-06-04,12:23:41,2002,0,1
2017-06-04,12:23:42,0,0,1
2017-06-04,12:23:43,1005,0,1
2017-06-04,12:23:44,1361,0,1
2017-06-04,12:23:45,3123,0,1
2017-06-04,12:23:46,3612,0,1
2017-06-04,12:23:47,4271,0,1
2017-06-04,12:23:48,4392,0,1
2017-06-04,12:23:49,4105,0,1
2017-06-04,12:23:50,2646,0,1
2017-06-04,12:23:51,0,0,1
2017-06-04,12:23:52,1175,0,1
2017-06-04,12:23:53,1561,0,1
2017-06-04,12:23:54,1581,0,1
2017-06-04,12:23:55,2395,0,1
2017-06-04,12:23:56,2564,0,1
2017-06-04,12:23:57,2628,0,1
2017-06-04,12:23:58,3227,0,1
2017-06-04,12:23:59,3460,0,1
2017-06-04,12:24:00,4053,0,1
2017-06-04,12:24:01,4732,0,1
2017-06-04,12:24:02,2332,0,1
2017-06-04,12:24:03,2293,0,1
2017-06-04,12:24:04,1726,0,1
2017-06-04,12:24:05,1433,0,1
2017-06-04,12:24:06,1317,0,1
2017-06-04,12:24:07,1551,0,1
2017-06-04,12:24:08,1558,0,1
2017-06-04,12:24:09,1287,0,1
2017-06-04,12:24:10,1382,0,1
2017-06-04,12:24:11,2238,0,1
2017-06-04,12:24:12,3024,0,1
2017-06-04,12:24:13,1576,0,1
2017-06-04,12:24:14,3180,0,1
2017-06-04,12:24:15,3127,0,1
2017-06-04,12:24:16,6667,0,1
2017-06-04,12:24:17,5967,0,1
2017-06-04,12:24:18,4539,0,1
2017-06-04,12:24:19,5513,0,1
2017-06-04,12:24:20,4606,0,1
2017-06-04,12:24:21,4485,0,1
2017-06-04,12:24:22,4781,0,1
2017-06-04,12:24:23,5354,0,1
2017-06-04,12:24:24,5374,0,1
2017-06-04,12:24:25,4401,0,1
2017-06-04,12:24:26,4404,0,1
2017-06-04,12:24:27,3645,0,1
2017-06-04,12:24:28,3616,0,1
2017-06-04,12:24:29,2539,0,1
2017-06-04,12:24:30,1797,0,1
2017-06-04,12:24:31,1255,0,1
2017-06-04,12:24:32,1081,0,1
2017-06-04,12:24:33,1692,0,1
2017-06-04,12:24:34,1651,0,1
2017-06-04,12:24:35,1423,0,1
2017-06-04,12:24:36,0,0,1
2017-06-04,12:24:37,0,0,1
2017-06-04,12:24:38,9175,0,1
2017-06-04,12:24:39,0,0,3
2017-06-04,12:24:40,0,0,3
2017-06-04,12:24:41,0,0,3
2017-06-04,12:24:42,0,0,3
2017-06-04,12:24:43,0,0,3
2017-06-04,12:24:44,0,0,3
2017-06-04,12:24:45,0,0,3
2017-06-04,12:24:46,0,0,3
2017-06-04,12:24:47,0,0,3
2017-06-04,12:24:48,0,0,3
2017-06-04,12:24:49,0,0,3
2017-06-04,12:24:50,0,0,3
2017-06-04,12:24:51,0,0,3
2017-06-04,12:24:52,0,1,7
2017-06-04,12:24:53,0,0,7
2017-06-04,12:24:54,0,0,7
2017-06-04,12:24:55,0,0,7
2017-06-04,12:24:56,0,0,7
2017-06-04,12:24:57,0,0,7
2017-06-04,12:24:58,1031,0,7
2017-06-04,12:24:59,1229,0,7
2017-06-04,12:25:00,2449,0,7
2017-06-04,12:25:01,2293,0,7
2017-06-04,12:25:02,2431,0,7
2017-06-04,12:25:03,6085,0,7
2017-06-04,12:25:04,5220,0,7
2017-06-04,12:25:05,3687,0,7
2017-06-04,12:25:06,2907,0,7
2017-06-04,12:25:07,2910,0,7
2017-06-04,12:25:08,2531,0,7
2017-06-04,12:25:09,2639,0,7
2017-06-04,12:25:10,3298,0,7
2017-06-04,12:25:11,6021,0,7
2017-06-04,12:25:12,3755,0,7
2017-06-04,12:25:13,1160,0,7
2017-06-04,12:25:14,1267,0,7
2017-06-04,12:25:15,1440,0,7
2017-06-04,12:25:16,0,0,7
2017-06-04,12:25:17,1213,0,7
2017-06-04,12:25:18,2706,0,7
2017-06-04,12:25:19,2618,0,7
2017-06-04,12:25:20,2179,0,7
2017-06-04,12:25:21,2388,0,7
2017-06-04,12:25:22,2571,0,7
2017-06-04,12:25:23,3529,0,7
2017-06-04,12:25:24,3197,0,7
2017-06-04,12:25:25,2682,0,7
2017-06-04,12:25:26,2423,0,7
2017-06-04,12:25:27,2486,0,7
2017-06-04,12:25:28,6470,0,7
2017-06-04,12:25:29,7921,0,7
2017-06-04,12:25:30,8325,0,7
2017-06-04,12:25:31,8457,0,7
2017-06-04,12:25:32,8884,0,7
2017-06-04,12:25:33,9322,0,7
2017-06-04,12:25:34,8039,0,7
2017-06-04,12:25:35,8062,0,7
2017-06-04,12:25:36,9991,0,7
2017-06-04,12:25:37,7870,0,7
2017-06-04,12:25:38,3563,0,7
2017-06-04,12:25:39,4243,0,7
2017-06-04,12:25:40,2511,0,7
2017-06-04,12:25:41,2340,0,7
2017-06-04,12:25:42,3499,0,7
2017-06-04,12:25:43,3595,0,7
2017-06-04,12:25:44,3388,0,7
2017-06-04,12:25:45,2368,0,7
2017-06-04,12:25:46,2240,0,7
2017-06-04,12:25:47,2164,0,7
2017-06-04,12:25:48,1500,0,7
2017-06-04,12:25:49,2031,0,7
2017-06-04,12:25:50,4076,0,7
2017-06-04,12:25:51,4051,0,7
2017-06-04,12:25:52,4178,0,7
2017-06-04,12:25:53,4714,0,7
2017-06-04,12:25:54,14341,0,7
2017-06-04,12:25:55,19475,0,7
2017-06-04,12:25:56,0,0,7
2017-06-04,12:25:57,0,0,7
2017-06-04,12:25:58,0,0,7
2017-06-04,12:25:59,0,0,7
2017-06-04,12:26:00,0,0,7
2017-06-04,12:26:01,0,0,7
2017-06-04,12:26:02,0,0,7
2017-06-04,12:26:03,0,0,7
2017-06-04,12:26:04,0,0,7
2017-06-04,12:26:05,0,0,7
2017-06-04,12:26:06,0,0,7
2017-06-04,12:26:07,0,0,7
2017-06-04,12:26:08,0,0,7
2017-06-04,12:26:09,4909,0,7
2017-06-04,12:26:10,4390,0,7
2017-06-04,12:26:11,4375,0,7
2017-06-04,12:26:12,4637,0,7
2017-06-04,12:26:13,4188,0,7
2017-06-04,12:26:14,1400,0,7
2017-06-04,12:26:15,1624,0,7
2017-06-04,12:26:16,1466,0,7
2017-06-04,12:26:17,2146,0,7
2017-06-04,12:26:18,12804,0,7
2017-06-04,12:26:19,0,0,7
2017-06-04,12:26:20,0,0,7
2017-06-04,12:26:21,0,0,7
2017-06-04,12:26:22,0,0,7
2017-06-04,12:26:23,0,0,7
2017-06-04,12:26:24,0,0,7
2017-06-04,12:26:25,0,0,7
2017-06-04,12:26:26,0,0,7
2017-06-04,12:26:27,0,0,7
2017-06-04,12:26:28,0,0,7
2017-06-04,12:26:29,0,0,7
2017-06-04,12:26:30,0,0,7
2017-06-04,12:26:31,0,0,7
2017-06-04,12:26:32,0,0,7
2017-06-04,12:26:33,10209,0,7
2017-06-04,12:26:34,10388,0,7
2017-06-04,12:26:35,9731,0,7
2017-06-04,12:26:36,8317,0,7
2017-06-04,12:26:37,7981,0,7
2017-06-04,12:26:38,7958,0,7
2017-06-04,12:26:39,3976,0,7
2017-06-04,12:26:40,0,0,7
2017-06-04,12:26:41,1209,0,7
2017-06-04,12:26:42,3385,0,7
2017-06-04,12:26:43,4199,0,7
2017-06-04,12:26:44,3982,0,7
2017-06-04,12:26:45,2629,0,7
2017-06-04,12:26:46,1631,0,7
2017-06-04,12:26:47,2055,0,7
2017-06-04,12:26:48,2599,0,7
2017-06-04,12:26:49,3536,0,7
2017-06-04,12:26:50,2197,0,7
2017-06-04,12:26:51,2036,0,7
2017-06-04,12:26:52,1966,0,7
2017-06-04,12:26:53,0,0,7
2017-06-04,12:26:54,0,0,7
2017-06-04,12:26:55,0,0,7
2017-06-04,12:26:56,0,0,7
2017-06-04,12:26:57,1872,0,7
2017-06-04,12:26:58,2189,0,7
2017-06-04,12:26:59,2123,0,7
2017-06-04,12:27:00,1203,0,7
2017-06-04,12:27:01,0,0,7
2017-06-04,12:27:02,1146,0,7
2017-06-04,12:27:03,1321,0,7
2017-06-04,12:27:04,1057,0,7
2017-06-04,12:27:05,0,0,7
2017-06-04,12:27:06,0,0,7
2017-06-04,12:27:07,0,0,7
2017-06-04,12:27:08,0,0,7
2017-06-04,12:27:09,0,0,7
2017-06-04,12:27:10,1026,0,7
2017-06-04,12:27:11,1076,0,7
2017-06-04,12:27:12,1093,0,7
2017-06-04,12:27:13,1045,0,7
2017-06-04,12:27:14,0,0,7
2017-06-04,12:27:15,1125,0,7
2017-06-04,12:27:16,1337,0,7
2017-06-04,12:27:17,1365,0,7
2017-06-04,12:27:18,0,0,7
2017-06-04,12:27:19,1145,0,7
2017-06-04,12:27:20,1503,0,7
2017-06-04,12:27:21,1377,0,7
2017-06-04,12:27:22,1230,0,7
2017-06-04,12:27:23,0,0,7
2017-06-04,12:27:24,0,0,7
2017-06-04,12:27:25,0,0,7
2017-06-04,12:27:26,0,0,7
2017-06-04,12:27:27,1081,0,7
2017-06-04,12:27:28,1308,0,7
2017-06-04,12:27:29,1029,0,7
2017-06-04,12:27:30,1010,0,7
2017-06-04,12:27:31,0,0,7
2017-06-04,12:27:32,0,0,7
2017-06-04,12:27:33,1948,0,7
2017-06-04,12:27:34,2261,0,7
2017-06-04,12:27:35,2117,0,7
2017-06-04,12:27:36,1882,0,7
2017-06-04,12:27:37,1327,0,7
2017-06-04,12:27:38,4043,0,7
2017-06-04,12:27:39,7117,0,7
2017-06-04,12:27:40,6439,0,7
2017-06-04,12:27:41,6400,0,7
2017-06-04,12:27:42,5606,0,7
2017-06-04,12:27:43,3931,0,8
2017-06-04,12:27:44,3758,0,8
2017-06-04,12:27:45,2196,0,8
2017-06-04,12:27:46,1222,0,8
2017-06-04,12:27:47,1024,0,8
2017-06-04,12:27:48,40542,0,8
2017-06-04,12:27:49,0,0,8
2017-06-04,12:27:50,0,0,8
2017-06-04,12:27:51,0,0,8
2017-06-04,12:27:52,0,0,8
2017-06-04,12:27:53,0,0,8
2017-06-04,12:27:54,0,0,8
2017-06-04,12:27:55,0,0,8
2017-06-04,12:27:56,0,0,8
2017-06-04,12:27:57,0,0,8
2017-06-04,12:27:58,0,0,8
2017-06-04,12:27:59,0,0,8
2017-06-04,12:28:00,0,0,8
2017-06-04,12:28:01,0,0,8
2017-06-04,12:28:02,0,0,8
2017-06-04,12:28:03,0,0,8
2017-06-04,12:28:04,0,0,8
2017-06-04,12:28:05,0,0,8
2017-06-04,12:28:06,0,0,8
2017-06-04,12:28:07,0,0,8
2017-06-04,12:28:08,0,0,8
2017-06-04,12:28:09,0,0,8
2017-06-04,12:28:10,0,0,8
2017-06-04,12:28:11,0,0,8
2017-06-04,12:28:12,0,0,8
2017-06-04,12:28:13,0,0,8
2017-06-04,12:28:14,0,1,3
2017-06-04,12:28:15,0,0,3
2017-06-04,12:28:16,0,0,3
2017-06-04,12:28:17,0,0,3
2017-06-04,12:28:18,0,0,3
2017-06-04,12:28:19,0,0,3
2017-06-04,12:28:20,0,0,3
2017-06-04,12:28:21,0,0,3
2017-06-04,12:28:22,0,0,3
2017-06-04,12:28:23,0,0,3
2017-06-04,12:28:24,0,0,3
2017-06-04,12:28:25,0,1,7
2017-06-04,12:28:26,0,0,7
2017-06-04,12:28:27,0,0,7
2017-06-04,12:28:28,0,0,7
2017-06-04,12:28:29,0,0,7
2017-06-04,12:28:30,0,0,7
2017-06-04,12:28:31,0,0,7
2017-06-04,12:28:32,0,0,7
2017-06-04,12:28:33,0,0,7
2017-06-04,12:28:34,0,0,7
2017-06-04,12:28:35,0,0,7
2017-06-04,12:28:36,0,0,7
2017-06-04,12:28:37,0,0,7
2017-06-04,12:28:38,1016,0,7
2017-06-04,12:28:39,1014,0,7
2017-06-04,12:28:40,0,0,7
2017-06-04,12:28:41,0,0,7
2017-06-04,12:28:42,0,0,7
2017-06-04,12:28:43,0,0,7
2017-06-04,12:28:44,0,0,7
2017-06-04,12:28:45,0,0,7
2017-06-04,12:28:46,1136,0,7
2017-06-04,12:28:47,0,0,7
2017-06-04,12:28:48,0,0,7
2017-06-04,12:28:49,0,0,7
2017-06-04,12:28:50,0,0,7
2017-06-04,12:28:51,1913,0,7
2017-06-04,12:28:52,2362,0,7
2017-06-04,12:28:53,2312,0,7
2017-06-04,12:28:54,1347,0,7
2017-06-04,12:28:55,0,0,7
2017-06-04,12:28:56,1701,0,7
2017-06-04,12:28:57,2188,0,7
2017-06-04,12:28:58,2652,0,7
2017-06-04,12:28:59,3097,0,7
2017-06-04,12:29:00,2910,0,7
2017-06-04,12:29:01,2840,0,7
2017-06-04,12:29:02,0,0,7
2017-06-04,12:29:03,0,0,7
2017-06-04,12:29:04,0,0,7
2017-06-04,12:29:05,0,0,7
2017-06-04,12:29:06,0,0,7
2017-06-04,12:29:07,1111,0,7
2017-06-04,12:29:08,1539,0,7
2017-06-04,12:29:09,0,0,7
2017-06-04,12:29:10,0,0,7
2017-06-04,12:29:11,1948,0,7
2017-06-04,12:29:12,2033,0,7
2017-06-04,12:29:13,2051,0,7
2017-06-04,12:29:14,2056,0,7
2017-06-04,12:29:15,2101,0,7
2017-06-04,12:29:16,1989,0,7
2017-06-04,12:29:17,2195,0,7
2017-06-04,12:29:18,2178,0,7
2017-06-04,12:29:19,2158,0,7
2017-06-04,12:29:20,1986,0,7
2017-06-04,12:29:21,2115,0,7
2017-06-04,12:29:22,2221,0,7
2017-06-04,12:29:23,2333,0,7
2017-06-04,12:29:24,2495,0,7
2017-06-04,12:29:25,2617,0,7
2017-06-04,12:29:26,2380,0,7
2017-06-04,12:29:27,2258,0,7
2017-06-04,12:29:28,2186,0,7
2017-06-04,12:29:29,2156,0,7
2017-06-04,12:29:30,1555,0,7
2017-06-04,12:29:31,1385,0,7
2017-06-04,12:29:32,1567,0,7
2017-06-04,12:29:33,0,0,7
2017-06-04,12:29:34,1021,0,7
2017-06-04,12:29:35,1643,0,7
2017-06-04,12:29:36,1185,0,7
2017-06-04,12:29:37,0,0,7
2017-06-04,12:29:38,1011,0,7
2017-06-04,12:29:39,0,0,7
2017-06-04,12:29:40,40542,0,7
2017-06-04,12:29:41,0,0,7
2017-06-04,12:29:42,0,0,7
2017-06-04,12:29:43,0,0,7
2017-06-04,12:29:44,0,0,7
2017-06-04,12:29:45,0,0,7
2017-06-04,12:29:46,0,0,7
2017-06-04,12:29:47,0,0,7
2017-06-04,12:29:48,0,0,7
2017-06-04,12:29:49,0,0,7
2017-06-04,12:29:50,0,0,7
2017-06-04,12:29:51,0,0,7
2017-06-04,12:29:52,0,0,7
2017-06-04,12:29:53,0,0,7
2017-06-04,12:29:54,0,0,7
2017-06-04,12:29:55,7404,0,7
2017-06-04,12:29:56,7547,0,7
2017-06-04,12:29:57,7748,0,7
2017-06-04,12:29:58,3848,0,7
2017-06-04,12:29:59,0,0,7
2017-06-04,12:30:00,0,0,7
2017-06-04,12:30:01,0,0,7
2017-06-04,12:30:02,0,0,7
2017-06-04,12:30:03,0,0,7
2017-06-04,12:30:04,0,0,7
2017-06-04,12:30:05,0,0,7
2017-06-04,12:30:06,0,0,7
2017-06-04,12:30:07,0,0,7
2017-06-04,12:30:08,0,0,7
2017-06-04,12:30:09,0,0,7
2017-06-04,12:30:10,1496,0,7
2017-06-04,12:30:11,2396,0,7
2017-06-04,12:30:12,2407,0,7
2017-06-04,12:30:13,2169,0,7
2017-06-04,12:30:14,2382,0,7
2017-06-04,12:30:15,2334,0,7
2017-06-04,12:30:16,1364,0,7
2017-06-04,12:30:17,0,0,7
2017-06-04,12:30:18,0,0,7
2017-06-04,12:30:19,0,0,7
2017-06-04,12:30:20,0,0,7
2017-06-04,12:30:21,0,0,7
2017-06-04,12:30:22,0,0,7
2017-06-04,12:30:23,0,0,7
2017-06-04,12:30:24,0,0,7
2017-06-04,12:30:25,0,0,7
2017-06-04,12:30:26,0,0,7
2017-06-04,12:30:27,0,0,7
2017-06-04,12:30:28,0,0,7
2017-06-04,12:30:29,0,0,7
2017-06-04,12:30:30,1176,0,7
2017-06-04,12:30:31,1706,0,7
2017-06-04,12:30:32,2214,0,7
2017-06-04,12:30:33,1776,0,7
2017-06-04,12:30:34,0,0,7
2017-06-04,12:30:35,1044,0,7
2017-06-04,12:30:36,1062,0,7
2017-06-04,12:30:37,0,0,7
2017-06-04,12:30:38,0,0,7
2017-06-04,12:30:39,2366,0,7
2017-06-04,12:30:40,2431,0,7
2017-06-04,12:30:41,2440,0,7
2017-06-04,12:30:42,2877,0,7
2017-06-04,12:30:43,3492,0,7
2017-06-04,12:30:44,4306,0,7
2017-06-04,12:30:45,4839,0,7
2017-06-04,12:30:46,5698,0,7
2017-06-04,12:30:47,6745,0,7
2017-06-04,12:30:48,7352,0,7
2017-06-04,12:30:49,4590,0,7
2017-06-04,12:30:50,6781,0,7
2017-06-04,12:30:51,3403,0,7
2017-06-04,12:30:52,4609,0,7
2017-06-04,12:30:53,7358,0,7
2017-06-04,12:30:54,4643,0,7
2017-06-04,12:30:55,0,0,7
2017-06-04,12:30:56,0,0,7
2017-06-04,12:30:57,0,0,7
2017-06-04,12:30:58,0,0,7
2017-06-04,12:30:59,2967,0,7
2017-06-04,12:31:00,7358,0,7
2017-06-04,12:31:01,6706,0,7
2017-06-04,12:31:02,3669,0,7
2017-06-04,12:31:03,1810,0,7
2017-06-04,12:31:04,2110,0,7
2017-06-04,12:31:05,2085,0,7
2017-06-04,12:31:06,2083,0,7
2017-06-04,12:31:07,2356,0,7
2017-06-04,12:31:08,2457,0,7
2017-06-04,12:31:09,2834,0,7
2017-06-04,12:31:10,2958,0,7
2017-06-04,12:31:11,2984,0,7
2017-06-04,12:31:12,2999,0,5
2017-06-04,12:31:13,2053,0,5
2017-06-04,12:31:14,1080,0,5
2017-06-04,12:31:15,1013,0,5
2017-06-04,12:31:16,0,0,5
2017-06-04,12:31:17,0,0,5
2017-06-04,12:31:18,0,0,5
2017-06-04,12:31:19,0,0,5
2017-06-04,12:31:20,0,0,5
2017-06-04,12:31:21,0,0,5
2017-06-04,12:31:22,2422,0,5
2017-06-04,12:31:23,2587,0,5
2017-06-04,12:31:24,2519,0,5
2017-06-04,12:31:25,2912,0,5
2017-06-04,12:31:26,2865,0,5
2017-06-04,12:31:27,1732,0,5
2017-06-04,12:31:28,1499,0,5
2017-06-04,12:31:29,0,0,5
2017-06-04,12:31:30,1748,0,5
2017-06-04,12:31:31,1885,0,5
2017-06-04,12:31:32,1926,0,5
2017-06-04,12:31:33,1981,0,5
2017-06-04,12:31:34,0,0,5
2017-06-04,12:31:35,0,0,5
2017-06-04,12:31:36,0,0,5
2017-06-04,12:31:37,0,0,5
2017-06-04,12:31:38,0,0,5
2017-06-04,12:31:39,1033,0,5
2017-06-04,12:31:40,0,0,5
2017-06-04,12:31:41,0,0,5
2017-06-04,12:31:42,0,0,5
2017-06-04,12:31:43,0,0,5
2017-06-04,12:31:44,0,0,5
2017-06-04,12:31:45,1497,0,5
2017-06-04,12:31:46,2137,0,5
2017-06-04,12:31:47,2178,0,5
2017-06-04,12:31:48,2169,0,5
2017-06-04,12:31:49,2216,0,5
2017-06-04,12:31:50,2214,0,5
2017-06-04,12:31:51,2082,0,5
2017-06-04,12:31:52,1941,0,5
2017-06-04,12:31:53,1535,0,5
2017-06-04,12:31:54,0,0,5
2017-06-04,12:31:55,0,0,5
2017-06-04,12:31:56,40543,0,5
2017-06-04,12:31:57,0,0,5
2017-06-04,12:31:58,0,0,5
2017-06-04,12:31:59,0,0,5
2017-06-04,12:32:00,0,0,5
2017-06-04,12:32:01,0,0,5
2017-06-04,12:32:02,0,0,5
2017-06-04,12:32:03,0,0,5
2017-06-04,12:32:04,0,0,5
2017-06-04,12:32:05,0,0,5
2017-06-04,12:32:06,0,0,5
2017-06-04,12:32:07,0,0,5
2017-06-04,12:32:08,0,0,5
2017-06-04,12:32:09,0,0,5
2017-06-04,12:32:10,0,0,5
2017-06-04,12:32:11,0,0,5
2017-06-04,12:32:12,0,0,5
2017-06-04,12:32:13,0,0,5
2017-06-04,12:32:14,0,0,5
2017-06-04,12:32:15,0,0,5
2017-06-04,12:32:16,0,0,5
2017-06-04,12:32:17,0,0,5
2017-06-04,12:32:18,0,0,5
2017-06-04,12:32:19,0,0,5
2017-06-04,12:32:20,0,0,5
2017-06-04,12:32:21,0,0,5
2017-06-04,12:32:22,0,0,5
2017-06-04,12:32:23,0,0,5
2017-06-04,12:32:24,0,0,5
2017-06-04,12:32:25,0,0,5
2017-06-04,12:32:26,0,0,5
2017-06-04,12:32:27,0,0,5
2017-06-04,12:32:28,0,0,5
2017-06-04,12:32:29,0,0,5
2017-06-04,12:32:30,0,0,5
2017-06-04,12:32:31,0,0,5
2017-06-04,12:32:32,0,0,5
2017-06-04,12:32:33,0,0,5
2017-06-04,12:32:34,0,0,5
2017-06-04,12:32:35,0,0,5
2017-06-04,12:32:36,0,0,5
2017-06-04,12:32:37,0,0,5
2017-06-04,12:32:38,0,0,5
2017-06-04,12:32:39,0,0,5
2017-06-04,12:32:40,0,0,5
2017-06-04,12:32:41,0,0,5
2017-06-04,12:32:42,0,0,5
2017-06-04,12:32:43,0,0,5
2017-06-04,12:32:44,0,0,5
2017-06-04,12:32:45,0,0,5
2017-06-04,12:32:46,0,0,5
2017-06-04,12:32:47,0,0,5
2017-06-04,12:32:48,0,0,5
2017-06-04,12:32:49,0,0,5
2017-06-04,12:32:50,0,0,5
2017-06-04,12:32:51,0,0,5
2017-06-04,12:32:52,0,0,5
2017-06-04,12:32:53,0,0,5
2017-06-04,12:32:54,0,0,5
2017-06-04,12:32:55,0,0,5
2017-06-04,12:32:56,0,0,5
2017-06-04,12:32:57,0,0,5
2017-06-04,12:32:58,0,0,5
2017-06-04,12:32:59,0,0,5
2017-06-04,12:33:00,0,0,5
2017-06-04,12:33:01,0,0,5
2017-06-04,12:33:02,0,0,5
2017-06-04,12:33:03,0,0,5
2017-06-04,12:33:04,0,0,5
2017-06-04,12:33:05,0,0,5
2017-06-04,12:33:06,0,0,5
2017-06-04,12:33:07,0,0,5
2017-06-04,12:33:08,0,0,5
2017-06-04,12:33:09,0,0,5
2017-06-04,12:33:10,1219,0,5
2017-06-04,12:33:11,0,0,5
2017-06-04,12:33:12,0,0,5
2017-06-04,12:33:13,0,0,5
2017-06-04,12:33:14,0,0,5
2017-06-04,12:33:15,0,0,5
2017-06-04,12:33:16,0,0,5
2017-06-04,12:33:17,0,0,5
2017-06-04,12:33:18,0,0,5
2017-06-04,12:33:19,0,0,5
2017-06-04,12:33:20,0,0,5
2017-06-04,12:33:21,0,0,5
2017-06-04,12:33:22,0,0,5
2017-06-04,12:33:23,0,0,5
2017-06-04,12:33:24,0,0,5
2017-06-04,12:33:25,0,0,5
2017-06-04,12:33:26,0,0,5
2017-06-04,12:33:27,0,0,5
2017-06-04,12:33:28,0,0,5
2017-06-04,12:33:29,0,0,5
2017-06-04,12:33:30,0,0,5
2017-06-04,12:33:31,0,0,5
2017-06-04,12:33:32,2570,0,5
2017-06-04,12:33:33,0,0,5
2017-06-04,12:33:34,0,0,5
2017-06-04,12:33:35,0,0,5
2017-06-04,12:33:36,0,0,5
2017-06-04,12:33:37,0,0,5
2017-06-04,12:33:38,1265,0,5
2017-06-04,12:33:39,0,0,5
2017-06-04,12:33:40,0,0,5
2017-06-04,12:33:41,0,0,5
2017-06-04,12:33:42,0,0,5
2017-06-04,12:33:43,0,0,5
2017-06-04,12:33:44,0,0,5
2017-06-04,12:33:45,1339,0,5
2017-06-04,12:33:46,1525,0,5
2017-06-04,12:33:47,3544,0,5
2017-06-04,12:33:48,3557,0,5
2017-06-04,12:33:49,1818,0,5
2017-06-04,12:33:50,2533,0,5
2017-06-04,12:33:51,4102,0,5
2017-06-04,12:33:52,3207,0,5
2017-06-04,12:33:53,3338,0,5
2017-06-04,12:33:54,3153,0,5
2017-06-04,12:33:55,1879,0,5
2017-06-04,12:33:56,1561,0,5
2017-06-04,12:33:57,2079,0,5
2017-06-04,12:33:58,2230,0,5
2017-06-04,12:33:59,2879,0,5
2017-06-04,12:34:00,2091,0,5
2017-06-04,12:34:01,2251,0,5
2017-06-04,12:34:02,2845,0,5
2017-06-04,12:34:03,3506,0,5
2017-06-04,12:34:04,2768,0,5
2017-06-04,12:34:05,2122,0,5
2017-06-04,12:34:06,2270,0,5
2017-06-04,12:34:07,3400,0,5
2017-06-04,12:34:08,2857,0,5
2017-06-04,12:34:09,3507,0,5
2017-06-04,12:34:10,2425,0,5
2017-06-04,12:34:11,3861,0,5
2017-06-04,12:34:12,3455,0,5
2017-06-04,12:34:13,3079,0,5
2017-06-04,12:34:14,2721,0,5
2017-06-04,12:34:15,3017,0,5
2017-06-04,12:34:16,3387,0,5
2017-06-04,12:34:17,3158,0,5
2017-06-04,12:34:18,3688,0,5
2017-06-04,12:34:19,6205,0,5
2017-06-04,12:34:20,2635,0,5
2017-06-04,12:34:21,3484,0,5
2017-06-04,12:34:22,3892,0,5
2017-06-04,12:34:23,5242,1,1
2017-06-04,12:34:24,2785,0,1
2017-06-04,12:34:25,3122,0,1
2017-06-04,12:34:26,3378,0,1
2017-06-04,12:34:27,3018,0,1
2017-06-04,12:34:28,2106,0,1
2017-06-04,12:34:29,2913,0,1
2017-06-04,12:34:30,2793,0,1
2017-06-04,12:34:31,3752,0,1
2017-06-04,12:34:32,4067,0,1
2017-06-04,12:34:33,3265,0,1
2017-06-04,12:34:34,2483,0,1
2017-06-04,12:34:35,3239,0,1
2017-06-04,12:34:36,4484,0,1
2017-06-04,12:34:37,3497,0,1
2017-06-04,12:34:38,3676,0,1
2017-06-04,12:34:39,4028,0,1
2017-06-04,12:34:40,4194,0,1
2017-06-04,12:34:41,3473,0,1
2017-06-04,12:34:42,1739,0,1
2017-06-04,12:34:43,1801,0,1
2017-06-04,12:34:44,2290,0,1
2017-06-04,12:34:45,1922,0,1
2017-06-04,12:34:46,2196,0,1
2017-06-04,12:34:47,2276,0,1
2017-06-04,12:34:48,1519,0,1
2017-06-04,12:34:49,2193,0,1
2017-06-04,12:34:50,4266,0,1
2017-06-04,12:34:51,6895,0,1
2017-06-04,12:34:52,9429,0,1
2017-06-04,12:34:53,10174,0,1
2017-06-04,12:34:54,8865,0,1
2017-06-04,12:34:55,6479,0,1
2017-06-04,12:34:56,8530,0,1
2017-06-04,12:34:57,9543,0,1
2017-06-04,12:34:58,8328,0,1
2017-06-04,12:34:59,8566,0,1
2017-06-04,12:35:00,10077,0,1
2017-06-04,12:35:01,9655,0,1
2017-06-04,12:35:02,9666,0,1
2017-06-04,12:35:03,9057,0,1
2017-06-04,12:35:04,8072,0,1
2017-06-04,12:35:05,6121,0,1
2017-06-04,12:35:06,4188,1,1
2017-06-04,12:35:07,2177,0,1
2017-06-04,12:35:08,2469,0,1
2017-06-04,12:35:09,2834,0,1
2017-06-04,12:35:10,2794,0,1
2017-06-04,12:35:11,3247,0,1
2017-06-04,12:35:12,3769,0,1
2017-06-04,12:35:13,3666,0,1
2017-06-04,12:35:14,3602,0,1
2017-06-04,12:35:15,4511,0,1
2017-06-04,12:35:16,4002,0,1
2017-06-04,12:35:17,3735,0,1
2017-06-04,12:35:18,2734,0,1
2017-06-04,12:35:19,1560,0,1
2017-06-04,12:35:20,2504,0,1
2017-06-04,12:35:21,2652,0,1
2017-06-04,12:35:22,2977,0,1
2017-06-04,12:35:23,2629,0,1
2017-06-04,12:35:24,2078,0,1
2017-06-04,12:35:25,3294,0,1
2017-06-04,12:35:26,2944,0,1
2017-06-04,12:35:27,3048,0,1
2017-06-04,12:35:28,3941,0,1
2017-06-04,12:35:29,4367,0,1
2017-06-04,12:35:30,3231,0,1
2017-06-04,12:35:31,2641,0,1
2017-06-04,12:35:32,4166,0,1
2017-06-04,12:35:33,4100,0,1
2017-06-04,12:35:34,3108,0,1
2017-06-04,12:35:35,3959,0,1
2017-06-04,12:35:36,3111,0,1
2017-06-04,12:35:37,1754,0,1
2017-06-04,12:35:38,1809,0,1
2017-06-04,12:35:39,0,0,1
2017-06-04,12:35:40,1049,0,1
2017-06-04,12:35:41,1311,0,1
2017-06-04,12:35:42,1378,0,1
2017-06-04,12:35:43,1284,0,1
2017-06-04,12:35:44,1310,0,1
2017-06-04,12:35:45,1398,0,1
2017-06-04,12:35:46,1456,0,1
2017-06-04,12:35:47,1365,0,1
2017-06-04,12:35:48,1682,0,1
2017-06-04,12:35:49,1456,0,1
2017-06-04,12:35:50,1501,0,1
2017-06-04,12:35:51,1645,0,1
2017-06-04,12:35:52,1852,0,1
2017-06-04,12:35:53,2448,0,1
2017-06-04,12:35:54,2370,0,1
2017-06-04,12:35:55,2038,0,1
2017-06-04,12:35:56,1366,0,1
2017-06-04,12:35:57,1743,0,1
2017-06-04,12:35:58,2776,0,1
2017-06-04,12:35:59,2006,0,1
2017-06-04,12:36:00,1891,1,3
2017-06-04,12:36:01,1951,0,3
2017-06-04,12:36:02,2340,0,3
2017-06-04,12:36:03,0,0,3
2017-06-04,12:36:04,0,0,3
2017-06-04,12:36:05,0,0,3
2017-06-04,12:36:06,1930,0,3
2017-06-04,12:36:07,3489,0,3
2017-06-04,12:36:08,3735,0,3
2017-06-04,12:36:09,3563,0,3
2017-06-04,12:36:10,3322,0,3
2017-06-04,12:36:11,4145,0,3
2017-06-04,12:36:12,6038,0,3
2017-06-04,12:36:13,6686,0,3
2017-06-04,12:36:14,5504,0,3
2017-06-04,12:36:15,3503,0,3
2017-06-04,12:36:16,3839,0,3
2017-06-04,12:36:17,4069,0,3
2017-06-04,12:36:18,4295,0,3
2017-06-04,12:36:19,4592,0,3
2017-06-04,12:36:20,3878,0,3
2017-06-04,12:36:21,1926,0,3
2017-06-04,12:36:22,1775,0,3
2017-06-04,12:36:23,2286,0,3
2017-06-04,12:36:24,1789,0,3
2017-06-04,12:36:25,1795,0,3
2017-06-04,12:36:26,1523,0,3
2017-06-04,12:36:27,1410,0,3
2017-06-04,12:36:28,1554,0,3
2017-06-04,12:36:29,1593,0,3
2017-06-04,12:36:30,1970,0,3
2017-06-04,12:36:31,1695,1,1
2017-06-04,12:36:32,2588,0,1
2017-06-04,12:36:33,4275,0,1
2017-06-04,12:36:34,5770,0,1
2017-06-04,12:36:35,6360,0,1
2017-06-04,12:36:36,6374,0,1
2017-06-04,12:36:37,4084,1,1
2017-06-04,12:36:38,3474,0,1
2017-06-04,12:36:39,3549,0,1
2017-06-04,12:36:40,4266,0,1
2017-06-04,12:36:41,4256,0,1
2017-06-04,12:36:42,3405,0,1
2017-06-04,12:36:43,3848,0,1
2017-06-04,12:36:44,4752,0,1
2017-06-04,12:36:45,5284,0,1
2017-06-04,12:36:46,7519,0,1
2017-06-04,12:36:47,6971,0,1
2017-06-04,12:36:48,6438,0,1
2017-06-04,12:36:49,2665,1,8
2017-06-04,12:36:50,0,0,8
2017-06-04,12:36:51,2481,0,8
2017-06-04,12:36:52,2398,0,8
2017-06-04,12:36:53,4810,0,8
2017-06-04,12:36:54,4615,0,8
2017-06-04,12:36:55,3932,0,8
2017-06-04,12:36:56,4962,0,8
2017-06-04,12:36:57,5253,0,8
2017-06-04,12:36:58,5260,0,8
2017-06-04,12:36:59,4914,0,8
2017-06-04,12:37:00,5535,0,8
2017-06-04,12:37:01,2437,0,8
2017-06-04,12:37:02,3839,0,8
2017-06-04,12:37:03,4990,0,8
2017-06-04,12:37:04,4478,0,8
2017-06-04,12:37:05,4849,0,8
2017-06-04,12:37:06,3649,0,8
2017-06-04,12:37:07,3762,0,8
2017-06-04,12:37:08,4151,0,8
2017-06-04,12:37:09,3851,0,8
2017-06-04,12:37:10,3051,0,8
2017-06-04,12:37:11,3050,0,8
2017-06-04,12:37:12,4669,0,8
2017-06-04,12:37:13,4996,0,8
2017-06-04,12:37:14,4119,0,8
2017-06-04,12:37:15,9092,0,8
2017-06-04,12:37:16,0,0,8
2017-06-04,12:37:17,0,0,8
2017-06-04,12:37:18,0,0,8
2017-06-04,12:37:19,0,0,8
2017-06-04,12:37:20,0,0,8
2017-06-04,12:37:21,0,0,8
2017-06-04,12:37:22,0,0,8
2017-06-04,12:37:23,0,0,8
2017-06-04,12:37:24,0,0,8
2017-06-04,12:37:25,0,0,8
2017-06-04,12:37:26,0,0,8
2017-06-04,12:37:27,0,0,8
2017-06-04,12:37:28,0,0,8
2017-06-04,12:37:29,0,0,8
2017-06-04,12:37:30,0,0,8
2017-06-04,12:37:31,0,0,8
2017-06-04,12:37:32,0,0,8
2017-06-04,12:37:33,0,0,8
2017-06-04,12:37:34,0,0,8
2017-06-04,12:37:35,0,0,8
2017-06-04,12:37:36,0,1,4
2017-06-04,12:37:37,0,0,4
2017-06-04,12:37:38,0,0,4
2017-06-04,12:37:39,0,0,4
2017-06-04,12:37:40,0,0,4
2017-06-04,12:37:41,0,0,4
2017-06-04,12:37:42,0,0,4
2017-06-04,12:37:43,0,0,4
2017-06-04,12:37:44,0,0,4
2017-06-04,12:37:45,3407,1,4
2017-06-04,12:37:46,2170,0,4
2017-06-04,12:37:47,1894,0,4
2017-06-04,12:37:48,2319,0,4
2017-06-04,12:37:49,2852,0,4
2017-06-04,12:37:50,3664,0,4
2017-06-04,12:37:51,3909,0,4
2017-06-04,12:37:52,2705,0,4
2017-06-04,12:37:53,4108,0,4
2017-06-04,12:37:54,6099,0,4
2017-06-04,12:37:55,2941,0,4
2017-06-04,12:37:56,1347,0,4
2017-06-04,12:37:57,0,0,4
2017-06-04,12:37:58,0,0,4
2017-06-04,12:37:59,1033,0,4
2017-06-04,12:38:00,0,0,4
2017-06-04,12:38:01,0,0,4
2017-06-04,12:38:02,0,0,4
2017-06-04,12:38:03,0,0,4
2017-06-04,12:38:04,0,0,4
2017-06-04,12:38:05,0,0,4
2017-06-04,12:38:06,0,0,4
2017-06-04,12:38:07,0,0,4
2017-06-04,12:38:08,0,0,4
2017-06-04,12:38:09,0,0,4
2017-06-04,12:38:10,0,0,4
2017-06-04,12:38:11,0,0,4
2017-06-04,12:38:12,0,0,4
2017-06-04,12:38:13,0,0,4
2017-06-04,12:38:14,0,0,4
2017-06-04,12:38:15,0,0,4
2017-06-04,12:38:16,0,0,4
2017-06-04,12:38:17,0,0,4
2017-06-04,12:38:18,0,0,4
2017-06-04,12:38:19,0,0,4
2017-06-04,12:38:20,0,0,4
2017-06-04,12:38:21,0,0,4
2017-06-04,12:38:22,0,0,4
2017-06-04,12:38:23,0,0,4
2017-06-04,12:38:24,0,0,4
2017-06-04,12:38:25,0,0,4
2017-06-04,12:38:26,0,0,4
2017-06-04,12:38:27,0,0,4
2017-06-04,12:38:28,0,0,4
2017-06-04,12:38:29,0,0,4
2017-06-04,12:38:30,0,0,4
2017-06-04,12:38:31,0,0,4
2017-06-04,12:38:32,0,0,4
2017-06-04,12:38:33,0,0,4
2017-06-04,12:38:34,0,0,4
2017-06-04,12:38:35,0,0,4
2017-06-04,12:38:36,0,0,4
2017-06-04,12:38:37,0,0,4
2017-06-04,12:38:38,0,0,4
2017-06-04,12:38:39,0,0,4
2017-06-04,12:38:40,0,0,4
2017-06-04,12:38:41,0,0,4
2017-06-04,12:38:42,0,0,4
2017-06-04,12:38:43,0,0,4
2017-06-04,12:38:44,0,0,4
2017-06-04,12:38:45,0,0,4
2017-06-04,12:38:46,0,0,4
2017-06-04,12:38:47,0,0,4
2017-06-04,12:38:48,0,0,4
2017-06-04,12:38:49,0,0,4
2017-06-04,12:38:50,0,0,4
2017-06-04,12:38:51,0,0,4
2017-06-04,12:38:52,0,0,4
2017-06-04,12:38:53,0,0,4
2017-06-04,12:38:54,0,0,4
2017-06-04,12:38:55,0,0,4
2017-06-04,12:38:56,0,0,4
2017-06-04,12:38:57,0,0,4
2017-06-04,12:38:58,0,0,4
2017-06-04,12:38:59,0,0,4
2017-06-04,12:39:00,0,0,4
2017-06-04,12:39:01,0,0,4
2017-06-04,12:39:02,0,0,4
2017-06-04,12:39:03,0,0,4
2017-06-04,12:39:04,0,0,4
2017-06-04,12:39:05,0,0,4
2017-06-04,12:39:06,0,0,4
2017-06-04,12:39:07,0,0,4
2017-06-04,12:39:08,0,0,4
2017-06-04,12:39:09,0,0,4
2017-06-04,12:39:10,0,0,4
2017-06-04,12:39:11,0,0,4
2017-06-04,12:39:12,0,0,4
2017-06-04,12:39:13,0,0,4
2017-06-04,12:39:14,0,0,4
2017-06-04,12:39:15,0,0,4
2017-06-04,12:39:16,0,0,4
2017-06-04,12:39:17,0,0,4
2017-06-04,12:39:18,0,0,4
2017-06-04,12:39:19,0,0,4
2017-06-04,12:39:20,0,0,4
2017-06-04,12:39:21,0,0,4
2017-06-04,12:39:22,0,0,4
2017-06-04,12:39:23,0,0,4
2017-06-04,12:39:24,0,0,4
2017-06-04,12:39:25,0,0,4
2017-06-04,12:39:26,0,0,4
2017-06-04,12:39:27,0,0,4
2017-06-04,12:39:28,0,0,4
2017-06-04,12:39:29,0,0,4
2017-06-04,12:39:30,0,0,4
2017-06-04,12:39:31,0,0,4
2017-06-04,12:39:32,0,0,4
2017-06-04,12:39:33,0,0,4
2017-06-04,12:39:34,0,0,4
2017-06-04,12:39:35,0,0,4
2017-06-04,12:39:36,0,0,4
2017-06-04,12:39:37,0,0,4
2017-06-04,12:39:38,0,0,4
2017-06-04,12:39:39,0,0,4
2017-06-04,12:39:40,0,0,4
2017-06-04,12:39:41,0,0,4
2017-06-04,12:39:42,0,0,4
2017-06-04,12:39:43,1391,0,4
2017-06-04,12:39:44,1235,0,4
2017-06-04,12:39:45,1222,0,4
2017-06-04,12:39:46,1450,0,4
2017-06-04,12:39:47,1428,0,4
2017-06-04,12:39:48,1442,0,4
2017-06-04,12:39:49,1294,0,4
2017-06-04,12:39:50,1693,0,4
2017-06-04,12:39:51,2283,0,4
2017-06-04,12:39:52,1986,0,4
2017-06-04,12:39:53,2104,0,4
2017-06-04,12:39:54,1714,0,4
2017-06-04,12:39:55,2564,0,4
2017-06-04,12:39:56,5741,0,4
2017-06-04,12:39:57,5793,0,4
2017-06-04,12:39:58,5820,0,4
2017-06-04,12:39:59,6017,0,4
2017-06-04,12:40:00,6332,0,4
2017-06-04,12:40:01,6013,0,4
2017-06-04,12:40:02,5487,0,4
2017-06-04,12:40:03,5198,0,4
2017-06-04,12:40:04,4967,0,4
2017-06-04,12:40:05,5217,0,4
2017-06-04,12:40:06,6172,0,4
2017-06-04,12:40:07,5193,0,4
2017-06-04,12:40:08,4978,0,4
2017-06-04,12:40:09,4784,0,4
2017-06-04,12:40:10,3969,0,4
2017-06-04,12:40:11,1279,0,4
2017-06-04,12:40:12,0,0,4
2017-06-04,12:40:13,0,0,4
2017-06-04,12:40:14,0,0,4
2017-06-04,12:40:15,40544,0,4
2017-06-04,12:40:16,40541,0,4
2017-06-04,12:40:17,0,0,4
2017-06-04,12:40:18,0,0,4
2017-06-04,12:40:19,0,0,4
2017-06-04,12:40:20,0,0,4
2017-06-04,12:40:21,0,0,4
2017-06-04,12:40:22,0,0,4
2017-06-04,12:40:23,0,0,4
2017-06-04,12:40:24,0,0,4
2017-06-04,12:40:25,0,0,4
2017-06-04,12:40:26,0,0,4
2017-06-04,12:40:27,0,0,4
2017-06-04,12:40:28,0,0,4
2017-06-04,12:40:29,0,0,4
2017-06-04,12:40:30,0,0,4
2017-06-04,12:40:31,0,0,4
2017-06-04,12:40:32,0,0,4
2017-06-04,12:40:33,0,0,4
2017-06-04,12:40:34,0,0,4
2017-06-04,12:40:35,0,0,4
2017-06-04,12:40:36,0,0,4
2017-06-04,12:40:37,0,0,4
2017-06-04,12:40:38,0,0,4
2017-06-04,12:40:39,0,0,4
2017-06-04,12:40:40,0,0,4
2017-06-04,12:40:41,0,0,4
2017-06-04,12:40:42,0,0,4
2017-06-04,12:40:43,0,0,4
2017-06-04,12:40:44,0,0,4
2017-06-04,12:40:45,0,0,4
2017-06-04,12:40:46,0,0,4
2017-06-04,12:40:47,0,0,4
2017-06-04,12:40:48,1461,0,4
2017-06-04,12:40:49,1246,0,4
2017-06-04,12:40:50,0,0,4
2017-06-04,12:40:51,0,0,4
2017-06-04,12:40:52,0,0,4
2017-06-04,12:40:53,0,0,4
2017-06-04,12:40:54,0,0,4
2017-06-04,12:40:55,0,0,4
2017-06-04,12:40:56,0,0,4
2017-06-04,12:40:57,0,0,4
2017-06-04,12:40:58,0,0,4
2017-06-04,12:40:59,0,0,4
2017-06-04,12:41:00,0,0,4
2017-06-04,12:41:01,0,0,4
2017-06-04,12:41:02,0,0,4
2017-06-04,12:41:03,0,0,4
2017-06-04,12:41:04,0,0,4
2017-06-04,12:41:05,0,0,4
2017-06-04,12:41:06,0,0,4
2017-06-04,12:41:07,0,0,4
2017-06-04,12:41:08,0,0,4
2017-06-04,12:41:09,0,0,4
2017-06-04,12:41:10,0,0,4
2017-06-04,12:41:11,0,0,4
2017-06-04,12:41:12,0,0,4
2017-06-04,12:41:13,0,0,4
2017-06-04,12:41:14,0,0,4
2017-06-04,12:41:15,0,0,4
2017-06-04,12:41:16,0,0,4
2017-06-04,12:41:17,0,0,4
2017-06-04,12:41:18,0,0,4
2017-06-04,12:41:19,0,0,4
2017-06-04,12:41:20,0,0,4
2017-06-04,12:41:21,0,0,4
2017-06-04,12:41:22,0,0,4
2017-06-04,12:41:23,0,0,4
2017-06-04,12:41:24,0,0,4
2017-06-04,12:41:25,0,0,4
2017-06-04,12:41:26,0,0,4
2017-06-04,12:41:27,0,0,4
2017-06-04,12:41:28,0,0,4
2017-06-04,12:41:29,0,0,4
2017-06-04,12:41:30,0,0,4
2017-06-04,12:41:31,0,0,4
2017-06-04,12:41:32,0,0,4
2017-06-04,12:41:33,0,0,4
2017-06-04,12:41:34,0,0,4
2017-06-04,12:41:35,0,0,4
2017-06-04,12:41:36,0,0,4
2017-06-04,12:41:37,0,0,4
2017-06-04,12:41:38,0,0,4
2017-06-04,12:41:39,0,0,4
2017-06-04,12:41:40,0,0,4
2017-06-04,12:41:41,0,0,4
2017-06-04,12:41:42,0,0,4
2017-06-04,12:41:43,0,0,4
2017-06-04,12:41:44,1025,0,4
2017-06-04,12:41:45,1069,0,4
2017-06-04,12:41:46,0,0,4
2017-06-04,12:41:47,0,0,4
2017-06-04,12:41:48,0,0,4
2017-06-04,12:41:49,3909,0,4
2017-06-04,12:41:50,4336,0,4
2017-06-04,12:41:51,2251,0,4
2017-06-04,12:41:52,10386,0,4
2017-06-04,12:41:53,0,0,4
2017-06-04,12:41:54,0,0,4
2017-06-04,12:41:55,0,0,4
2017-06-04,12:41:56,0,0,4
2017-06-04,12:41:57,0,0,4
2017-06-04,12:41:58,0,0,4
2017-06-04,12:41:59,0,0,4
2017-06-04,12:42:00,0,0,4
2017-06-04,12:42:01,0,0,4
2017-06-04,12:42:02,0,0,4
2017-06-04,12:42:03,0,0,4
2017-06-04,12:42:04,0,0,4
2017-06-04,12:42:05,0,0,4
2017-06-04,12:42:06,0,0,4
2017-06-04,12:42:07,0,0,4
2017-06-04,12:42:08,0,0,4
2017-06-04,12:42:09,0,0,4
2017-06-04,12:42:10,0,0,4
2017-06-04,12:42:11,0,0,7
2017-06-04,12:42:12,0,0,7
2017-06-04,12:42:13,0,0,7
2017-06-04,12:42:14,0,0,7
2017-06-04,12:42:15,0,0,7
2017-06-04,12:42:16,0,0,7
2017-06-04,12:42:17,0,0,7
2017-06-04,12:42:18,0,0,7
2017-06-04,12:42:19,0,0,7
2017-06-04,12:42:20,0,0,7
2017-06-04,12:42:21,0,0,7
2017-06-04,12:42:22,0,0,7
2017-06-04,12:42:23,0,0,7
2017-06-04,12:42:24,0,0,7
2017-06-04,12:42:25,0,0,7
2017-06-04,12:42:26,0,0,7
2017-06-04,12:42:27,0,0,7
2017-06-04,12:42:28,0,0,7
2017-06-04,12:42:29,0,0,7
2017-06-04,12:42:30,0,0,7
2017-06-04,12:42:31,0,0,7
2017-06-04,12:42:32,0,0,7
2017-06-04,12:42:33,0,0,7
2017-06-04,12:42:34,0,0,7
2017-06-04,12:42:35,0,0,7
2017-06-04,12:42:36,0,0,7
2017-06-04,12:42:37,0,0,7
2017-06-04,12:42:38,0,0,7
2017-06-04,12:42:39,0,0,7
2017-06-04,12:42:40,0,0,7
2017-06-04,12:42:41,0,0,7
2017-06-04,12:42:42,0,0,7
2017-06-04,12:42:43,0,0,7
2017-06-04,12:42:44,0,0,7
2017-06-04,12:42:45,0,1,7
2017-06-04,12:42:46,0,0,7
2017-06-04,12:42:47,0,0,7
2017-06-04,12:42:48,0,0,7
2017-06-04,12:42:49,0,0,7
2017-06-04,12:42:50,0,0,7
2017-06-04,12:42:51,3655,0,7
2017-06-04,12:42:52,10233,0,7
2017-06-04,12:42:53,8106,0,7
2017-06-04,12:42:54,5547,0,7
2017-06-04,12:42:55,0,0,7
2017-06-04,12:42:56,0,0,7
2017-06-04,12:42:57,0,0,7
2017-06-04,12:42:58,0,0,7
2017-06-04,12:42:59,0,0,7
2017-06-04,12:43:00,0,0,7
2017-06-04,12:43:01,0,0,7
2017-06-04,12:43:02,0,0,7
2017-06-04,12:43:03,0,0,7
2017-06-04,12:43:04,0,0,7
2017-06-04,12:43:05,0,0,7
2017-06-04,12:43:06,0,0,7
2017-06-04,12:43:07,0,0,7
2017-06-04,12:43:08,0,0,7
2017-06-04,12:43:09,0,0,7
2017-06-04,12:43:10,0,0,7
2017-06-04,12:43:11,0,0,7
2017-06-04,12:43:12,0,0,7
2017-06-04,12:43:13,0,0,7
2017-06-04,12:43:14,0,0,7
2017-06-04,12:43:15,0,0,7
2017-06-04,12:43:16,0,0,7
2017-06-04,12:43:17,0,0,7
2017-06-04,12:43:18,0,0,7
2017-06-04,12:43:19,0,0,7
2017-06-04,12:43:20,0,0,7
2017-06-04,12:43:21,0,0,7
2017-06-04,12:43:22,0,0,7
2017-06-04,12:43:23,0,0,7
2017-06-04,12:43:24,0,0,7
2017-06-04,12:43:25,0,0,7
2017-06-04,12:43:26,0,0,7
2017-06-04,12:43:27,0,0,7
2017-06-04,12:43:28,0,0,7
2017-06-04,12:43:29,0,0,7
2017-06-04,12:43:30,0,0,7
2017-06-04,12:43:31,0,0,7
2017-06-04,12:43:32,0,0,7
2017-06-04,12:43:33,0,0,7
2017-06-04,12:43:34,0,0,7
2017-06-04,12:43:35,0,0,7
2017-06-04,12:43:36,0,0,7
2017-06-04,12:43:37,0,0,7
2017-06-04,12:43:38,0,0,7
2017-06-04,12:43:39,0,0,7
2017-06-04,12:43:40,0,0,7
2017-06-04,12:43:41,0,0,7
2017-06-04,12:43:42,0,0,7
2017-06-04,12:43:43,0,0,7
2017-06-04,12:43:44,0,0,7
2017-06-04,12:43:45,0,0,7
2017-06-04,12:43:46,0,0,7
2017-06-04,12:43:47,0,0,7
2017-06-04,12:43:48,0,0,7
2017-06-04,12:43:49,0,0,7
2017-06-04,12:43:50,0,0,7
2017-06-04,12:43:51,0,0,7
2017-06-04,12:43:52,0,0,7
2017-06-04,12:43:53,0,0,7
2017-06-04,12:43:54,0,0,7
2017-06-04,12:43:55,0,0,7
2017-06-04,12:43:56,0,0,7
2017-06-04,12:43:57,0,0,7
2017-06-04,12:43:58,0,0,7
2017-06-04,12:43:59,0,0,7
2017-06-04,12:44:00,0,0,7
2017-06-04,12:44:01,0,0,7
2017-06-04,12:44:02,0,0,7
2017-06-04,12:44:03,0,0,7
2017-06-04,12:44:04,0,0,7
2017-06-04,12:44:05,0,0,7
2017-06-04,12:44:06,0,0,7
2017-06-04,12:44:07,0,0,7
2017-06-04,12:44:08,0,0,7
2017-06-04,12:44:09,0,0,7
2017-06-04,12:44:10,0,0,7
2017-06-04,12:44:11,0,0,7
2017-06-04,12:44:12,0,0,7
2017-06-04,12:44:13,0,0,7
2017-06-04,12:44:14,0,0,7
2017-06-04,12:44:15,0,0,7
2017-06-04,12:44:16,0,0,7
2017-06-04,12:44:17,0,0,7
2017-06-04,12:44:18,0,0,7
2017-06-04,12:44:19,0,0,7
2017-06-04,12:44:20,0,0,7
2017-06-04,12:44:21,0,0,7
2017-06-04,12:44:22,0,0,7
2017-06-04,12:44:23,0,0,7
2017-06-04,12:44:24,0,0,7
2017-06-04,12:44:25,0,0,7
2017-06-04,12:44:26,0,0,7
2017-06-04,12:44:27,0,0,7
2017-06-04,12:44:28,0,0,7
2017-06-04,12:44:29,0,0,7
2017-06-04,12:44:30,0,0,7
2017-06-04,12:44:31,0,0,7
2017-06-04,12:44:32,0,0,7
2017-06-04,12:44:33,0,0,7
2017-06-04,12:44:34,0,0,7
2017-06-04,12:44:35,0,0,7
2017-06-04,12:44:36,0,0,7
2017-06-04,12:44:37,0,0,7
2017-06-04,12:44:38,0,0,7
2017-06-04,12:44:39,0,0,7
2017-06-04,12:44:40,0,0,7
2017-06-04,12:44:41,0,0,7
2017-06-04,12:44:42,0,0,7
2017-06-04,12:44:43,0,0,7
2017-06-04,12:44:44,0,0,7
2017-06-04,12:44:45,0,0,7
2017-06-04,12:44:46,0,0,7
2017-06-04,12:44:47,0,0,7
2017-06-04,12:44:48,0,0,7
2017-06-04,12:44:49,0,0,7
2017-06-04,12:44:50,0,0,7
2017-06-04,12:44:51,0,0,7
2017-06-04,12:44:52,0,0,7
2017-06-04,12:44:53,0,0,7
2017-06-04,12:44:54,0,0,7
2017-06-04,12:44:55,0,0,7
2017-06-04,12:44:56,0,0,7
2017-06-04,12:44:57,0,0,7
2017-06-04,12:44:58,0,0,7
2017-06-04,12:44:59,0,0,7
2017-06-04,12:45:00,0,0,7
2017-06-04,12:45:01,0,0,7
2017-06-04,12:45:02,0,0,7
2017-06-04,12:45:03,0,0,7
2017-06-04,12:45:04,0,0,7
2017-06-04,12:45:05,0,0,7
2017-06-04,12:45:06,0,0,7
2017-06-04,12:45:07,0,0,7
2017-06-04,12:45:08,0,0,7
2017-06-04,12:45:09,0,0,7
2017-06-04,12:45:10,0,0,7
2017-06-04,12:45:11,0,0,7
2017-06-04,12:45:12,0,0,7
2017-06-04,12:45:13,0,0,7
2017-06-04,12:45:14,0,0,7
2017-06-04,12:45:15,0,0,7
2017-06-04,12:45:16,0,0,7
2017-06-04,12:45:17,0,0,7
2017-06-04,12:45:18,0,0,7
2017-06-04,12:45:19,0,0,7
2017-06-04,12:45:20,0,0,7
2017-06-04,12:45:21,0,0,7
2017-06-04,12:45:22,0,0,7
2017-06-04,12:45:23,0,0,7
2017-06-04,12:45:24,0,0,7
2017-06-04,12:45:25,0,0,7
2017-06-04,12:45:26,0,0,7
2017-06-04,12:45:27,0,0,7
2017-06-04,12:45:28,0,0,7
2017-06-04,12:45:29,0,0,7
2017-06-04,12:45:30,0,0,7
2017-06-04,12:45:31,0,0,7
2017-06-04,12:45:32,0,0,7
2017-06-04,12:45:33,0,0,7
2017-06-04,12:45:34,0,0,7
2017-06-04,12:45:35,0,0,7
2017-06-04,12:45:36,0,0,7
2017-06-04,12:45:37,0,0,7
2017-06-04,12:45:38,0,0,7
2017-06-04,12:45:39,0,0,7
2017-06-04,12:45:40,0,0,7
2017-06-04,12:45:41,0,0,7
2017-06-04,12:45:42,0,0,7
2017-06-04,12:45:43,0,0,7
2017-06-04,12:45:44,0,0,7
2017-06-04,12:45:45,0,0,7
2017-06-04,12:45:46,0,0,7
2017-06-04,12:45:47,0,0,7
2017-06-04,12:45:48,0,0,7
2017-06-04,12:45:49,0,0,7
2017-06-04,12:45:50,0,0,7
2017-06-04,12:45:51,40544,0,7
2017-06-04,12:45:52,40541,0,7
2017-06-04,12:45:53,0,0,7
2017-06-04,12:45:54,0,0,1
2017-06-04,12:45:55,0,0,1
2017-06-04,12:45:56,0,0,1
2017-06-04,12:45:57,0,0,1
2017-06-04,12:45:58,0,0,1
2017-06-04,12:45:59,0,0,1
2017-06-04,12:46:00,0,0,1
2017-06-04,12:46:01,0,0,1
2017-06-04,12:46:02,0,0,1
2017-06-04,12:46:03,0,0,1
2017-06-04,12:46:04,0,0,1
2017-06-04,12:46:05,0,0,1
2017-06-04,12:46:06,0,0,1
2017-06-04,12:46:07,0,0,1
2017-06-04,12:46:08,0,0,1
2017-06-04,12:46:09,0,0,1
2017-06-04,12:46:10,0,0,1
2017-06-04,12:46:11,0,0,1
2017-06-04,12:46:12,0,0,1
2017-06-04,12:46:13,0,0,1
2017-06-04,12:46:14,0,0,1
2017-06-04,12:46:15,0,0,1
2017-06-04,12:46:16,0,0,1
2017-06-04,12:46:17,0,0,1
2017-06-04,12:46:18,0,0,1
2017-06-04,12:46:19,0,0,1
2017-06-04,12:46:20,0,0,1
2017-06-04,12:46:21,0,0,1
2017-06-04,12:46:22,0,0,1
2017-06-04,12:46:23,0,0,1
2017-06-04,12:46:24,0,0,1
2017-06-04,12:46:25,0,0,1
2017-06-04,12:46:26,0,0,1
2017-06-04,12:46:27,0,0,1
2017-06-04,12:46:28,0,0,1
2017-06-04,12:46:29,0,0,1
2017-06-04,12:46:30,0,0,1
2017-06-04,12:46:31,0,0,1
2017-06-04,12:46:32,0,0,1
2017-06-04,12:46:33,0,0,1
2017-06-04,12:46:34,0,0,1
2017-06-04,12:46:35,0,0,1
2017-06-04,12:46:36,0,0,1
2017-06-04,12:46:37,0,0,1
2017-06-04,12:46:38,0,0,1
2017-06-04,12:46:39,0,0,1
2017-06-04,12:46:40,0,0,1
2017-06-04,12:46:41,0,0,1
2017-06-04,12:46:42,0,0,1
2017-06-04,12:46:43,0,0,1
2017-06-04,12:46:44,0,0,1
2017-06-04,12:46:45,0,0,1
2017-06-04,12:46:46,0,0,1
2017-06-04,12:46:47,0,0,1
2017-06-04,12:46:48,0,0,1
2017-06-04,12:46:49,0,0,1
2017-06-04,12:46:50,0,0,1
2017-06-04,12:46:51,0,0,1
2017-06-04,12:46:52,0,0,1
2017-06-04,12:46:53,0,0,1
2017-06-04,12:46:54,0,0,2
2017-06-04,12:46:55,0,0,2
2017-06-04,12:46:56,0,0,2
2017-06-04,12:46:57,0,0,2
2017-06-04,12:46:58,0,0,2
2017-06-04,12:46:59,0,0,2
2017-06-04,12:47:00,0,0,2
2017-06-04,12:47:01,0,0,2
2017-06-04,12:47:02,0,0,2
2017-06-04,12:47:03,0,0,2
2017-06-04,12:47:04,0,0,2
2017-06-04,12:47:05,0,0,2
2017-06-04,12:47:06,0,0,2
2017-06-04,12:47:07,0,0,2
2017-06-04,12:47:08,0,0,2
2017-06-04,12:47:09,0,0,2
2017-06-04,12:47:10,0,0,2
2017-06-04,12:47:11,0,0,2
2017-06-04,12:47:12,0,0,2
2017-06-04,12:47:13,0,0,2
2017-06-04,12:47:14,0,0,2
2017-06-04,12:47:15,0,0,2
2017-06-04,12:47:16,0,0,2
2017-06-04,12:47:17,0,0,2
2017-06-04,12:47:18,0,0,2
2017-06-04,12:47:19,0,0,2
2017-06-04,12:47:20,0,0,2
2017-06-04,12:47:21,0,0,2
2017-06-04,12:47:22,0,0,2
2017-06-04,12:47:23,0,0,2
2017-06-04,12:47:24,0,0,2
2017-06-04,12:47:25,0,0,2
2017-06-04,12:47:26,0,0,2
2017-06-04,12:47:27,0,0,2
2017-06-04,12:47:28,0,0,2
2017-06-04,12:47:29,0,0,2
2017-06-04,12:47:30,0,0,2
2017-06-04,12:47:31,0,0,2
2017-06-04,12:47:32,0,0,2
2017-06-04,12:47:33,0,0,2
2017-06-04,12:47:34,0,0,2
2017-06-04,12:47:35,0,0,2
2017-06-04,12:47:36,0,0,2
2017-06-04,12:47:37,0,0,2
2017-06-04,12:47:38,0,0,2
2017-06-04,12:47:39,0,0,2
2017-06-04,12:47:40,0,0,2
2017-06-04,12:47:41,0,0,2
2017-06-04,12:47:42,40542,0,2
2017-06-04,12:47:43,0,0,2
2017-06-04,12:47:44,0,0,2
2017-06-04,12:47:45,0,0,2
2017-06-04,12:47:46,0,0,2
2017-06-04,12:47:47,0,0,2
2017-06-04,12:47:48,0,0,2
2017-06-04,12:47:49,0,0,2
2017-06-04,12:47:50,0,0,2
2017-06-04,12:47:51,0,0,2
2017-06-04,12:47:52,0,0,2
2017-06-04,12:47:53,0,0,2
2017-06-04,12:47:54,0,0,3
2017-06-04,12:47:55,0,0,3
2017-06-04,12:47:56,0,0,3
2017-06-04,12:47:57,0,0,3
2017-06-04,12:47:58,0,0,3
2017-06-04,12:47:59,0,0,3
2017-06-04,12:48:00,0,0,3
2017-06-04,12:48:01,0,0,3
2017-06-04,12:48:02,0,0,3
2017-06-04,12:48:03,0,0,3
2017-06-04,12:48:04,0,0,3
2017-06-04,12:48:05,0,0,3
2017-06-04,12:48:06,0,0,3
2017-06-04,12:48:07,0,0,3
2017-06-04,12:48:08,0,0,3
2017-06-04,12:48:09,0,0,3
2017-06-04,12:48:10,0,0,3
2017-06-04,12:48:11,0,0,3
2017-06-04,12:48:12,0,0,3
2017-06-04,12:48:13,0,0,3
2017-06-04,12:48:14,0,0,3
2017-06-04,12:48:15,0,0,3
2017-06-04,12:48:16,0,0,3
2017-06-04,12:48:17,0,0,3
2017-06-04,12:48:18,0,0,3
2017-06-04,12:48:19,40541,0,3
2017-06-04,12:48:20,0,0,3
2017-06-04,12:48:21,0,0,3
2017-06-04,12:48:22,0,0,3
2017-06-04,12:48:23,0,0,3
2017-06-04,12:48:24,0,0,3
2017-06-04,12:48:25,0,0,3
2017-06-04,12:48:26,0,0,3
2017-06-04,12:48:27,0,0,3
2017-06-04,12:48:28,0,0,3
2017-06-04,12:48:29,0,0,3
2017-06-04,12:48:30,0,0,3
2017-06-04,12:48:31,0,0,3
2017-06-04,12:48:32,0,0,3
2017-06-04,12:48:33,0,0,3
2017-06-04,12:48:34,0,0,3
2017-06-04,12:48:35,0,0,3
2017-06-04,12:48:36,0,0,3
2017-06-04,12:48:37,0,0,3
2017-06-04,12:48:38,0,0,3
2017-06-04,12:48:39,0,0,3
2017-06-04,12:48:40,0,0,3
2017-06-04,12:48:41,0,0,3
2017-06-04,12:48:42,0,0,3
2017-06-04,12:48:43,0,0,3
2017-06-04,12:48:44,0,0,3
2017-06-04,12:48:45,0,0,3
2017-06-04,12:48:46,0,0,3
2017-06-04,12:48:47,0,0,3
2017-06-04,12:48:48,0,0,3
2017-06-04,12:48:49,0,0,3
2017-06-04,12:48:50,0,0,3
2017-06-04,12:48:51,0,0,3
2017-06-04,12:48:52,0,0,3
2017-06-04,12:48:53,0,0,3
2017-06-04,12:48:54,0,0,4
2017-06-04,12:48:55,0,0,4
2017-06-04,12:48:56,0,0,4
2017-06-04,12:48:57,0,0,4
2017-06-04,12:48:58,0,0,4
2017-06-04,12:48:59,0,0,4
2017-06-04,12:49:00,0,0,4
2017-06-04,12:49:01,0,0,4
2017-06-04,12:49:02,0,0,4
2017-06-04,12:49:03,0,0,4
2017-06-04,12:49:04,0,0,4
2017-06-04,12:49:05,0,0,4
2017-06-04,12:49:06,0,0,4
2017-06-04,12:49:07,0,0,4
2017-06-04,12:49:08,0,0,4
2017-06-04,12:49:09,0,0,4
2017-06-04,12:49:10,0,0,4
2017-06-04,12:49:11,0,0,4
2017-06-04,12:49:12,0,0,4
2017-06-04,12:49:13,0,0,4
2017-06-04,12:49:14,0,0,4
2017-06-04,12:49:15,0,0,4
2017-06-04,12:49:16,0,0,4
2017-06-04,12:49:17,0,0,4
2017-06-04,12:49:18,0,0,4
2017-06-04,12:49:19,0,0,4
2017-06-04,12:49:20,0,0,4
2017-06-04,12:49:21,0,0,4
2017-06-04,12:49:22,0,0,4
2017-06-04,12:49:23,0,0,4
2017-06-04,12:49:24,0,0,4
2017-06-04,12:49:25,0,0,4
2017-06-04,12:49:26,0,0,4
2017-06-04,12:49:27,0,0,4
2017-06-04,12:49:28,0,0,4
2017-06-04,12:49:29,0,0,4
2017-06-04,12:49:30,0,0,4
2017-06-04,12:49:31,0,0,4
2017-06-04,12:49:32,0,0,4
2017-06-04,12:49:33,0,0,4
2017-06-04,12:49:34,0,0,4
2017-06-04,12:49:35,0,0,4
2017-06-04,12:49:36,0,0,4
2017-06-04,12:49:37,0,0,4
2017-06-04,12:49:38,0,0,4
2017-06-04,12:49:39,0,0,4
2017-06-04,12:49:40,0,0,4
2017-06-04,12:49:41,0,0,4
2017-06-04,12:49:42,0,0,4
2017-06-04,12:49:43,0,0,4
2017-06-04,12:49:44,0,0,4
2017-06-04,12:49:45,0,0,4
2017-06-04,12:49:46,0,0,4
2017-06-04,12:49:47,0,0,4
2017-06-04,12:49:48,0,0,4
2017-06-04,12:49:49,0,0,4
2017-06-04,12:49:50,0,0,4
2017-06-04,12:49:51,0,0,4
2017-06-04,12:49:52,0,0,4
2017-06-04,12:49:53,0,0,4
2017-06-04,12:49:54,0,0,5
2017-06-04,12:49:55,0,0,5
2017-06-04,12:49:56,0,0,5
2017-06-04,12:49:57,0,0,5
2017-06-04,12:49:58,0,0,5
2017-06-04,12:49:59,0,0,5
2017-06-04,12:50:00,0,0,5
2017-06-04,12:50:01,0,0,5
2017-06-04,12:50:02,40542,0,5
2017-06-04,12:50:03,0,0,5
2017-06-04,12:50:04,0,0,5
2017-06-04,12:50:05,0,0,5
2017-06-04,12:50:06,0,0,5
2017-06-04,12:50:07,0,0,5
2017-06-04,12:50:08,0,0,5
2017-06-04,12:50:09,0,0,5
2017-06-04,12:50:10,0,0,5
2017-06-04,12:50:11,0,0,5
2017-06-04,12:50:12,0,0,5
2017-06-04,12:50:13,0,0,5
2017-06-04,12:50:14,0,0,5
2017-06-04,12:50:15,0,0,5
2017-06-04,12:50:16,0,0,5
2017-06-04,12:50:17,0,0,5
2017-06-04,12:50:18,0,0,5
2017-06-04,12:50:19,0,0,5
2017-06-04,12:50:20,0,0,5
2017-06-04,12:50:21,0,0,5
2017-06-04,12:50:22,0,0,5
2017-06-04,12:50:23,0,0,5
2017-06-04,12:50:24,0,0,5
2017-06-04,12:50:25,0,0,5
2017-06-04,12:50:26,0,0,5
2017-06-04,12:50:27,0,0,5
2017-06-04,12:50:28,0,0,5
2017-06-04,12:50:29,0,0,5
2017-06-04,12:50:30,0,0,5
2017-06-04,12:50:31,0,0,5
2017-06-04,12:50:32,0,0,5
2017-06-04,12:50:33,0,0,5
2017-06-04,12:50:34,0,0,5
2017-06-04,12:50:35,0,0,5
2017-06-04,12:50:36,0,0,5
2017-06-04,12:50:37,0,0,5
2017-06-04,12:50:38,0,0,5
2017-06-04,12:50:39,0,0,5
2017-06-04,12:50:40,0,0,5
2017-06-04,12:50:41,0,0,5
2017-06-04,12:50:42,0,0,5
2017-06-04,12:50:43,0,0,5
2017-06-04,12:50:44,0,0,5
2017-06-04,12:50:45,0,0,5
2017-06-04,12:50:46,0,0,5
2017-06-04,12:50:47,0,0,5
2017-06-04,12:50:48,0,0,5
2017-06-04,12:50:49,0,0,5
2017-06-04,12:50:50,0,0,5
2017-06-04,12:50:51,0,0,5
2017-06-04,12:50:52,0,0,5
2017-06-04,12:50:53,0,0,5
2017-06-04,12:50:54,0,0,6
2017-06-04,12:50:55,0,0,6
2017-06-04,12:50:56,0,0,6
2017-06-04,12:50:57,0,0,6
2017-06-04,12:50:58,0,0,6
2017-06-04,12:50:59,0,0,6
2017-06-04,12:51:00,0,0,6
2017-06-04,12:51:01,0,0,6
2017-06-04,12:51:02,0,0,6
2017-06-04,12:51:03,0,0,6
2017-06-04,12:51:04,0,0,6
2017-06-04,12:51:05,0,0,6
2017-06-04,12:51:06,0,0,6
2017-06-04,12:51:07,0,0,6
2017-06-04,12:51:08,40542,0,6
2017-06-04,12:51:09,0,0,6
2017-06-04,12:51:10,0,0,6
2017-06-04,12:51:11,0,0,6
2017-06-04,12:51:12,0,0,6
2017-06-04,12:51:13,0,0,6
2017-06-04,12:51:14,0,0,6
2017-06-04,12:51:15,0,0,6
2017-06-04,12:51:16,0,0,6
2017-06-04,12:51:17,0,0,6
2017-06-04,12:51:18,0,0,6
2017-06-04,12:51:19,0,0,6
2017-06-04,12:51:20,0,0,6
2017-06-04,12:51:21,0,0,6
2017-06-04,12:51:22,0,0,6
2017-06-04,12:51:23,0,0,6
2017-06-04,12:51:24,0,0,6
2017-06-04,12:51:25,0,0,6
2017-06-04,12:51:26,0,0,6
2017-06-04,12:51:27,0,0,6
2017-06-04,12:51:28,0,0,6
2017-06-04,12:51:29,0,0,6
2017-06-04,12:51:30,0,0,6
2017-06-04,12:51:31,0,0,6
2017-06-04,12:51:32,0,0,6
2017-06-04,12:51:33,0,0,6
2017-06-04,12:51:34,0,0,6
2017-06-04,12:51:35,0,0,6
2017-06-04,12:51:36,0,0,6
2017-06-04,12:51:37,0,0,6
2017-06-04,12:51:38,0,0,6
2017-06-04,12:51:39,0,0,6
2017-06-04,12:51:40,0,0,6
2017-06-04,12:51:41,0,0,6
2017-06-04,12:51:42,0,0,6
2017-06-04,12:51:43,0,0,6
2017-06-04,12:51:44,0,0,6
2017-06-04,12:51:45,0,0,6
2017-06-04,12:51:46,0,0,6
2017-06-04,12:51:47,0,0,6
2017-06-04,12:51:48,0,0,6
2017-06-04,12:51:49,0,0,6
2017-06-04,12:51:50,0,0,6
2017-06-04,12:51:51,0,0,6
2017-06-04,12:51:52,0,0,6
2017-06-04,12:51:53,0,0,6
2017-06-04,12:51:54,0,0,7
2017-06-04,12:51:55,0,0,7
2017-06-04,12:51:56,0,0,7
2017-06-04,12:51:57,0,0,7
2017-06-04,12:51:58,0,0,7
2017-06-04,12:51:59,0,0,7
2017-06-04,12:52:00,0,0,7
2017-06-04,12:52:01,0,0,7
2017-06-04,12:52:02,0,0,7
2017-06-04,12:52:03,0,0,7
2017-06-04,12:52:04,0,0,7
2017-06-04,12:52:05,0,0,7
2017-06-04,12:52:06,0,0,7
2017-06-04,12:52:07,0,0,7
2017-06-04,12:52:08,40542,0,7
2017-06-04,12:52:09,0,0,7
2017-06-04,12:52:10,0,0,7
2017-06-04,12:52:11,0,0,7
2017-06-04,12:52:12,0,0,7
2017-06-04,12:52:13,0,0,7
2017-06-04,12:52:14,0,0,7
2017-06-04,12:52:15,0,0,7
2017-06-04,12:52:16,0,0,7
2017-06-04,12:52:17,0,0,7
2017-06-04,12:52:18,0,0,7
2017-06-04,12:52:19,0,0,7
2017-06-04,12:52:20,0,0,7
2017-06-04,12:52:21,0,0,7
2017-06-04,12:52:22,0,0,7
2017-06-04,12:52:23,0,0,7
2017-06-04,12:52:24,0,0,7
2017-06-04,12:52:25,0,0,7
2017-06-04,12:52:26,0,0,7
2017-06-04,12:52:27,0,0,7
2017-06-04,12:52:28,0,0,7
2017-06-04,12:52:29,0,0,7
2017-06-04,12:52:30,0,0,7
2017-06-04,12:52:31,0,0,7
2017-06-04,12:52:32,0,0,7
2017-06-04,12:52:33,0,0,7
2017-06-04,12:52:34,0,0,7
2017-06-04,12:52:35,0,0,7
2017-06-04,12:52:36,0,0,7
2017-06-04,12:52:37,0,0,7
2017-06-04,12:52:38,0,0,7
2017-06-04,12:52:39,0,0,7
2017-06-04,12:52:40,0,0,7
2017-06-04,12:52:41,0,0,7
2017-06-04,12:52:42,0,0,7
2017-06-04,12:52:43,0,0,7
2017-06-04,12:52:44,0,0,7
2017-06-04,12:52:45,0,0,7
2017-06-04,12:52:46,0,0,7
2017-06-04,12:52:47,0,0,7
2017-06-04,12:52:48,0,0,7
2017-06-04,12:52:49,0,0,7
2017-06-04,12:52:50,0,0,7
2017-06-04,12:52:51,0,0,7
2017-06-04,12:52:52,0,0,7
2017-06-04,12:52:53,0,0,7
2017-06-04,12:52:54,0,0,1
2017-06-04,12:52:55,0,0,1
2017-06-04,12:52:56,0,0,1
2017-06-04,12:52:57,0,0,1
2017-06-04,12:52:58,1199,0,1
2017-06-04,12:52:59,1425,0,1
2017-06-04,12:53:00,0,0,1
2017-06-04,12:53:01,0,0,1
2017-06-04,12:53:02,0,0,1
2017-06-04,12:53:03,0,0,1
2017-06-04,12:53:04,0,0,1
2017-06-04,12:53:05,0,0,1
2017-06-04,12:53:06,0,0,1
2017-06-04,12:53:07,0,0,1
2017-06-04,12:53:08,0,0,1
2017-06-04,12:53:09,1993,0,1
2017-06-04,12:53:10,2198,0,1
2017-06-04,12:53:11,0,0,1
2017-06-04,12:53:12,0,0,1
2017-06-04,12:53:13,0,0,1
2017-06-04,12:53:14,0,0,1
2017-06-04,12:53:15,1104,0,1
2017-06-04,12:53:16,1160,0,1
2017-06-04,12:53:17,40543,0,1
2017-06-04,12:53:18,0,0,1
2017-06-04,12:53:19,0,0,1
2017-06-04,12:53:20,0,0,1
2017-06-04,12:53:21,0,0,1
2017-06-04,12:53:22,0,0,1
2017-06-04,12:53:23,0,0,1
2017-06-04,12:53:24,0,0,1
2017-06-04,12:53:25,0,0,1
2017-06-04,12:53:26,0,0,1
2017-06-04,12:53:27,0,0,1
2017-06-04,12:53:28,0,0,1
2017-06-04,12:53:29,0,0,1
2017-06-04,12:53:30,0,0,1
2017-06-04,12:53:31,1986,0,1
2017-06-04,12:53:32,2126,0,1
2017-06-04,12:53:33,2206,0,1
2017-06-04,12:53:34,2449,0,1
2017-06-04,12:53:35,2214,0,1
2017-06-04,12:53:36,4944,0,1
2017-06-04,12:53:37,7909,0,1
2017-06-04,12:53:38,7195,0,1
2017-06-04,12:53:39,6332,0,1
2017-06-04,12:53:40,7029,0,1
2017-06-04,12:53:41,8029,0,1
2017-06-04,12:53:42,5225,0,1
2017-06-04,12:53:43,4683,0,1
2017-06-04,12:53:44,4247,0,1
2017-06-04,12:53:45,5007,0,1
2017-06-04,12:53:46,6772,0,1
2017-06-04,12:53:47,9198,0,1
2017-06-04,12:53:48,9116,0,1
2017-06-04,12:53:49,9012,0,1
2017-06-04,12:53:50,5896,0,1
2017-06-04,12:53:51,6232,0,1
2017-06-04,12:53:52,5031,0,1
2017-06-04,12:53:53,6068,0,1
2017-06-04,12:53:54,8507,0,1
2017-06-04,12:53:55,8613,0,1
2017-06-04,12:53:56,9787,0,1
2017-06-04,12:53:57,6840,0,1
2017-06-04,12:53:58,2352,0,1
2017-06-04,12:53:59,2001,0,1
2017-06-04,12:54:00,1295,0,1
2017-06-04,12:54:01,1361,0,1
2017-06-04,12:54:02,1911,0,1
2017-06-04,12:54:03,1836,0,1
2017-06-04,12:54:04,1370,0,1
2017-06-04,12:54:05,1648,0,1
2017-06-04,12:54:06,1319,0,1
2017-06-04,12:54:07,1230,0,1
2017-06-04,12:54:08,0,0,1
2017-06-04,12:54:09,0,0,1
2017-06-04,12:54:10,0,0,1
2017-06-04,12:54:11,0,0,1
2017-06-04,12:54:12,2369,0,1
2017-06-04,12:54:13,2347,0,1
2017-06-04,12:54:14,0,0,1
2017-06-04,12:54:15,0,0,1
2017-06-04,12:54:16,0,0,1
2017-06-04,12:54:17,2002,0,1
2017-06-04,12:54:18,1003,0,1
2017-06-04,12:54:19,1166,0,1
2017-06-04,12:54:20,0,0,1
2017-06-04,12:54:21,40544,0,1
2017-06-04,12:54:22,0,0,1
2017-06-04,12:54:23,0,0,1
2017-06-04,12:54:24,0,0,1
2017-06-04,12:54:25,0,0,1
2017-06-04,12:54:26,0,1,7
2017-06-04,12:54:27,0,0,7
2017-06-04,12:54:28,0,0,7
2017-06-04,12:54:29,0,0,7
2017-06-04,12:54:30,0,0,7
2017-06-04,12:54:31,0,0,7
2017-06-04,12:54:32,0,1,7
2017-06-04,12:54:33,0,0,7
2017-06-04,12:54:34,0,0,7
2017-06-04,12:54:35,0,0,7
2017-06-04,12:54:36,0,0,7
2017-06-04,12:54:37,0,0,7
2017-06-04,12:54:38,0,0,7
2017-06-04,12:54:39,0,0,7
2017-06-04,12:54:40,0,0,7
2017-06-04,12:54:41,0,0,7
2017-06-04,12:54:42,0,0,7
2017-06-04,12:54:43,0,0,7
2017-06-04,12:54:44,0,0,7
2017-06-04,12:54:45,0,0,7
2017-06-04,12:54:46,0,0,7
2017-06-04,12:54:47,40544,0,7
2017-06-04,12:54:48,0,0,7
2017-06-04,12:54:49,0,1,2
2017-06-04,12:54:50,0,0,2
2017-06-04,12:54:51,0,0,2
2017-06-04,12:54:52,0,0,2
2017-06-04,12:54:53,0,0,2
2017-06-04,12:54:54,0,0,2
2017-06-04,12:54:55,0,0,2
2017-06-04,12:54:56,0,0,2
2017-06-04,12:54:57,0,0,2
2017-06-04,12:54:58,0,0,2
2017-06-04,12:54:59,0,0,2
2017-06-04,12:55:00,0,0,2
2017-06-04,12:55:01,0,0,2
2017-06-04,12:55:02,0,0,2
2017-06-04,12:55:03,0,0,2
2017-06-04,12:55:04,0,0,2
2017-06-04,12:55:05,0,0,2
2017-06-04,12:55:06,0,0,2
2017-06-04,12:55:07,0,0,2
2017-06-04,12:55:08,0,0,2
2017-06-04,12:55:09,0,0,2
2017-06-04,12:55:10,0,0,2
2017-06-04,12:55:11,0,0,2
2017-06-04,12:55:12,0,0,2
2017-06-04,12:55:13,0,0,2
2017-06-04,12:55:14,0,0,2
2017-06-04,12:55:15,0,0,2
2017-06-04,12:55:16,3946,0,2
2017-06-04,12:55:17,3028,0,2
2017-06-04,12:55:18,0,0,2
2017-06-04,12:55:19,0,0,2
2017-06-04,12:55:20,0,0,2
2017-06-04,12:55:21,0,0,2
2017-06-04,12:55:22,2965,0,2
2017-06-04,12:55:23,4516,0,2
2017-06-04,12:55:24,1880,0,2
2017-06-04,12:55:25,1990,0,2
2017-06-04,12:55:26,3016,1,2
2017-06-04,12:55:27,1715,0,2
2017-06-04,12:55:28,1303,0,2
2017-06-04,12:55:29,1285,0,2
2017-06-04,12:55:30,1309,0,2
2017-06-04,12:55:31,1213,0,2
2017-06-04,12:55:32,1295,0,2
2017-06-04,12:55:33,1252,0,2
2017-06-04,12:55:34,1335,0,2
2017-06-04,12:55:35,1283,0,2
2017-06-04,12:55:36,1022,0,2
2017-06-04,12:55:37,2158,0,2
2017-06-04,12:55:38,2234,0,2
2017-06-04,12:55:39,3295,0,2
2017-06-04,12:55:40,3237,0,2
2017-06-04,12:55:41,2719,0,2
2017-06-04,12:55:42,0,0,2
2017-06-04,12:55:43,0,0,2
2017-06-04,12:55:44,0,0,2
2017-06-04,12:55:45,1420,0,2
2017-06-04,12:55:46,1918,0,2
2017-06-04,12:55:47,1975,0,2
2017-06-04,12:55:48,1662,0,2
2017-06-04,12:55:49,1301,0,2
2017-06-04,12:55:50,2117,0,2
2017-06-04,12:55:51,2251,0,2
2017-06-04,12:55:52,2594,0,2
2017-06-04,12:55:53,2917,0,2
2017-06-04,12:55:54,2141,0,2
2017-06-04,12:55:55,3135,0,2
2017-06-04,12:55:56,4244,0,2
2017-06-04,12:55:57,3801,0,2
2017-06-04,12:55:58,2436,0,2
2017-06-04,12:55:59,0,0,2
2017-06-04,12:56:00,0,0,2
2017-06-04,12:56:01,0,0,2
2017-06-04,12:56:02,2730,0,2
2017-06-04,12:56:03,3200,0,2
2017-06-04,12:56:04,3676,0,2
2017-06-04,12:56:05,2800,0,2
2017-06-04,12:56:06,3755,0,2
2017-06-04,12:56:07,3505,0,2
2017-06-04,12:56:08,3899,0,2
2017-06-04,12:56:09,6675,0,2
2017-06-04,12:56:10,6835,0,2
2017-06-04,12:56:11,7403,0,2
2017-06-04,12:56:12,7851,0,2
2017-06-04,12:56:13,8413,0,2
2017-06-04,12:56:14,7736,0,2
2017-06-04,12:56:15,8114,0,2
2017-06-04,12:56:16,8120,0,2
2017-06-04,12:56:17,9230,0,2
2017-06-04,12:56:18,8668,0,2
2017-06-04,12:56:19,6667,0,2
2017-06-04,12:56:20,5379,0,2
2017-06-04,12:56:21,4031,0,2
2017-06-04,12:56:22,2934,0,2
2017-06-04,12:56:23,3427,0,2
2017-06-04,12:56:24,2890,0,2
2017-06-04,12:56:25,3928,0,2
2017-06-04,12:56:26,2915,0,2
2017-06-04,12:56:27,2259,0,2
2017-06-04,12:56:28,1702,0,2
2017-06-04,12:56:29,1713,0,2
2017-06-04,12:56:30,2969,0,2
2017-06-04,12:56:31,3030,0,2
2017-06-04,12:56:32,1470,0,2
2017-06-04,12:56:33,1404,0,2
2017-06-04,12:56:34,1546,0,2
2017-06-04,12:56:35,1748,0,2
2017-06-04,12:56:36,1775,0,4
2017-06-04,12:56:37,2103,1,4
2017-06-04,12:56:38,5533,0,4
2017-06-04,12:56:39,5826,0,4
2017-06-04,12:56:40,6025,0,4
2017-06-04,12:56:41,5834,0,4
2017-06-04,12:56:42,4724,0,4
2017-06-04,12:56:43,4540,0,4
2017-06-04,12:56:44,4330,0,4
2017-06-04,12:56:45,4017,0,4
2017-06-04,12:56:46,4404,0,4
2017-06-04,12:56:47,2680,0,4
2017-06-04,12:56:48,1195,0,4
2017-06-04,12:56:49,2613,0,4
2017-06-04,12:56:50,3680,0,4
2017-06-04,12:56:51,3801,0,4
2017-06-04,12:56:52,5273,0,4
2017-06-04,12:56:53,5529,0,4
2017-06-04,12:56:54,5537,1,5
2017-06-04,12:56:55,4919,0,5
2017-06-04,12:56:56,2936,0,5
2017-06-04,12:56:57,3776,0,5
2017-06-04,12:56:58,7716,0,5
2017-06-04,12:56:59,8441,0,5
2017-06-04,12:57:00,8413,0,5
2017-06-04,12:57:01,8295,0,5
2017-06-04,12:57:02,7646,0,5
2017-06-04,12:57:03,6192,0,5
2017-06-04,12:57:04,6024,0,5
2017-06-04,12:57:05,6977,0,5
2017-06-04,12:57:06,7646,0,5
2017-06-04,12:57:07,7466,0,5
2017-06-04,12:57:08,7161,0,5
2017-06-04,12:57:09,5581,0,5
2017-06-04,12:57:10,7664,0,5
2017-06-04,12:57:11,8454,0,5
2017-06-04,12:57:12,6013,0,5
2017-06-04,12:57:13,5449,0,5
2017-06-04,12:57:14,4622,0,5
2017-06-04,12:57:15,7598,0,5
2017-06-04,12:57:16,8749,0,5
2017-06-04,12:57:17,9520,0,5
2017-06-04,12:57:18,9748,0,5
2017-06-04,12:57:19,9280,0,5
2017-06-04,12:57:20,6144,0,5
2017-06-04,12:57:21,16656,0,5
2017-06-04,12:57:22,0,0,5
2017-06-04,12:57:23,0,0,5
2017-06-04,12:57:24,0,0,5
2017-06-04,12:57:25,0,0,5
2017-06-04,12:57:26,0,0,5
2017-06-04,12:57:27,0,1,6
2017-06-04,12:57:28,0,0,6
2017-06-04,12:57:29,0,0,6
2017-06-04,12:57:30,0,0,6
2017-06-04,12:57:31,0,0,6
2017-06-04,12:57:32,0,0,6
2017-06-04,12:57:33,0,1,6
2017-06-04,12:57:34,0,0,6
2017-06-04,12:57:35,0,0,6
2017-06-04,12:57:36,0,0,6
2017-06-04,12:57:37,0,0,6
2017-06-04,12:57:38,0,0,6
2017-06-04,12:57:39,0,0,6
2017-06-04,12:57:40,0,0,6
2017-06-04,12:57:41,0,0,6
2017-06-04,12:57:42,0,1,6
2017-06-04,12:57:43,0,0,6
2017-06-04,12:57:44,0,0,6
2017-06-04,12:57:45,0,1,1
2017-06-04,12:57:46,0,0,1
2017-06-04,12:57:47,0,0,1
2017-06-04,12:57:48,0,0,1
2017-06-04,12:57:49,0,0,1
2017-06-04,12:57:50,5753,0,1
2017-06-04,12:57:51,5036,0,1
2017-06-04,12:57:52,4347,0,1
2017-06-04,12:57:53,3210,0,1
2017-06-04,12:57:54,5320,0,1
2017-06-04,12:57:55,4779,0,1
2017-06-04,12:57:56,3725,0,1
2017-06-04,12:57:57,3498,0,1
2017-06-04,12:57:58,1825,0,1
2017-06-04,12:57:59,1286,0,1
2017-06-04,12:58:00,1822,0,1
2017-06-04,12:58:01,2331,0,1
2017-06-04,12:58:02,3804,0,1
2017-06-04,12:58:03,4194,0,1
2017-06-04,12:58:04,6757,0,1
2017-06-04,12:58:05,8856,0,1
2017-06-04,12:58:06,8989,0,1
2017-06-04,12:58:07,9264,0,1
2017-06-04,12:58:08,9033,0,1
2017-06-04,12:58:09,9382,0,1
2017-06-04,12:58:10,9201,0,1
2017-06-04,12:58:11,8927,0,1
2017-06-04,12:58:12,9239,0,1
2017-06-04,12:58:13,9561,0,1
2017-06-04,12:58:14,9041,0,1
2017-06-04,12:58:15,8378,0,1
2017-06-04,12:58:16,6217,0,1
2017-06-04,12:58:17,5081,0,1
2017-06-04,12:58:18,5856,0,1
2017-06-04,12:58:19,2250,0,1
2017-06-04,12:58:20,3222,0,1
2017-06-04,12:58:21,3338,0,1
2017-06-04,12:58:22,6258,0,1
2017-06-04,12:58:23,5562,0,1
2017-06-04,12:58:24,6379,0,1
2017-06-04,12:58:25,6150,0,1
2017-06-04,12:58:26,8673,0,1
2017-06-04,12:58:27,9445,0,1
2017-06-04,12:58:28,9369,0,1
2017-06-04,12:58:29,6517,0,1
2017-06-04,12:58:30,2887,0,1
2017-06-04,12:58:31,2751,0,1
2017-06-04,12:58:32,2494,0,1
2017-06-04,12:58:33,4121,0,1
2017-06-04,12:58:34,4922,0,1
2017-06-04,12:58:35,2352,0,1
2017-06-04,12:58:36,2196,0,1
2017-06-04,12:58:37,2685,0,1
2017-06-04,12:58:38,3015,0,1
2017-06-04,12:58:39,3193,0,1
2017-06-04,12:58:40,2944,1,4
2017-06-04,12:58:41,3639,0,4
2017-06-04,12:58:42,5779,0,4
2017-06-04,12:58:43,5088,0,4
2017-06-04,12:58:44,4615,0,4
2017-06-04,12:58:45,3202,0,4
2017-06-04,12:58:46,1140,0,4
2017-06-04,12:58:47,0,0,4
2017-06-04,12:58:48,0,0,4
2017-06-04,12:58:49,0,0,4
2017-06-04,12:58:50,0,0,4
2017-06-04,12:58:51,0,0,4
2017-06-04,12:58:52,0,0,4
2017-06-04,12:58:53,0,0,4
2017-06-04,12:58:54,0,0,4
2017-06-04,12:58:55,0,0,4
2017-06-04,12:58:56,0,0,4
2017-06-04,12:58:57,0,0,4
2017-06-04,12:58:58,0,0,4
2017-06-04,12:58:59,0,0,4
2017-06-04,12:59:00,0,0,4
2017-06-04,12:59:01,0,0,4
2017-06-04,12:59:02,0,0,4
2017-06-04,12:59:03,0,0,4
2017-06-04,12:59:04,0,0,4
2017-06-04,12:59:05,0,0,4
2017-06-04,12:59:06,0,0,4
2017-06-04,12:59:07,0,0,4
2017-06-04,12:59:08,0,0,4
2017-06-04,12:59:09,0,0,4
2017-06-04,12:59:10,0,0,4
2017-06-04,12:59:11,0,0,4
2017-06-04,12:59:12,0,0,4
2017-06-04,12:59:13,0,0,4
2017-06-04,12:59:14,0,0,4
2017-06-04,12:59:15,0,0,4
2017-06-04,12:59:16,0,0,4
2017-06-04,12:59:17,0,0,4
2017-06-04,12:59:18,0,0,4
2017-06-04,12:59:19,0,0,4
2017-06-04,12:59:20,0,0,4
2017-06-04,12:59:21,0,0,4
2017-06-04,12:59:22,0,0,4
2017-06-04,12:59:23,0,0,4
2017-06-04,12:59:24,0,0,4
2017-06-04,12:59:25,0,0,4
2017-06-04,12:59:26,0,0,4
2017-06-04,12:59:27,0,0,4
2017-06-04,12:59:28,0,0,4
2017-06-04,12:59:29,0,0,4
2017-06-04,12:59:30,0,0,4
2017-06-04,12:59:31,0,0,4
2017-06-04,12:59:32,0,0,4
2017-06-04,12:59:33,0,0,4
2017-06-04,12:59:34,0,0,4
2017-06-04,12:59:35,0,0,4
2017-06-04,12:59:36,0,0,4
2017-06-04,12:59:37,0,0,4
2017-06-04,12:59:38,0,0,4
2017-06-04,12:59:39,0,0,4
2017-06-04,12:59:40,0,0,4
2017-06-04,12:59:41,0,0,4
2017-06-04,12:59:42,0,0,4
2017-06-04,12:59:43,0,0,4
2017-06-04,12:59:44,0,0,4
2017-06-04,12:59:45,0,0,4
2017-06-04,12:59:46,0,0,4
2017-06-04,12:59:47,0,0,4
2017-06-04,12:59:48,0,0,4
2017-06-04,12:59:49,0,0,4
2017-06-04,12:59:50,0,0,4
2017-06-04,12:59:51,0,0,4
2017-06-04,12:59:52,0,0,4
2017-06-04,12:59:53,0,0,4
2017-06-04,12:59:54,0,0,4
2017-06-04,12:59:55,0,0,4
2017-06-04,12:59:56,0,0,4
2017-06-04,12:59:57,0,0,4
2017-06-04,12:59:58,0,0,4
2017-06-04,12:59:59,0,0,4
2017-06-04,13:00:00,0,0,4
2017-06-04,13:00:01,0,0,4
2017-06-04,13:00:02,0,0,4
2017-06-04,13:00:03,0,0,4
2017-06-04,13:00:04,0,0,4
2017-06-04,13:00:05,0,0,4
2017-06-04,13:00:06,0,0,4
2017-06-04,13:00:07,0,0,4
2017-06-04,13:00:08,0,0,4
2017-06-04,13:00:09,0,0,4
2017-06-04,13:00:10,0,0,4
2017-06-04,13:00:11,0,0,4
2017-06-04,13:00:12,0,0,4
2017-06-04,13:00:13,0,0,4
2017-06-04,13:00:14,0,0,4
2017-06-04,13:00:15,0,0,4
2017-06-04,13:00:16,0,0,4
2017-06-04,13:00:17,0,0,4
2017-06-04,13:00:18,0,0,4
2017-06-04,13:00:19,0,0,4
2017-06-04,13:00:20,0,0,4
2017-06-04,13:00:21,0,0,4
2017-06-04,13:00:22,0,0,4
2017-06-04,13:00:23,0,0,4
2017-06-04,13:00:24,0,0,4
2017-06-04,13:00:25,0,0,4
2017-06-04,13:00:26,0,0,4
2017-06-04,13:00:27,0,0,4
2017-06-04,13:00:28,0,0,4
2017-06-04,13:00:29,0,0,4
2017-06-04,13:00:30,0,0,4
2017-06-04,13:00:31,0,0,4
2017-06-04,13:00:32,0,0,4
2017-06-04,13:00:33,0,0,4
2017-06-04,13:00:34,0,0,4
2017-06-04,13:00:35,0,0,4
2017-06-04,13:00:36,0,0,4
2017-06-04,13:00:37,0,0,4
2017-06-04,13:00:38,0,0,4
2017-06-04,13:00:39,0,0,4
2017-06-04,13:00:40,0,0,4
2017-06-04,13:00:41,0,0,4
2017-06-04,13:00:42,0,0,4
2017-06-04,13:00:43,0,0,4
2017-06-04,13:00:44,0,0,4
2017-06-04,13:00:45,0,0,4
2017-06-04,13:00:46,0,0,4
2017-06-04,13:00:47,0,0,4
2017-06-04,13:00:48,0,0,4
2017-06-04,13:00:49,0,0,4
2017-06-04,13:00:50,0,0,4
2017-06-04,13:00:51,0,0,4
2017-06-04,13:00:52,0,0,4
2017-06-04,13:00:53,0,0,4
2017-06-04,13:00:54,0,0,4
2017-06-04,13:00:55,0,0,4
2017-06-04,13:00:56,0,0,4
2017-06-04,13:00:57,0,0,4
2017-06-04,13:00:58,0,0,4
2017-06-04,13:00:59,0,0,4
2017-06-04,13:01:00,0,0,4
2017-06-04,13:01:01,0,0,4
2017-06-04,13:01:02,0,0,4
2017-06-04,13:01:03,0,0,4
2017-06-04,13:01:04,0,0,4
2017-06-04,13:01:05,0,0,4
2017-06-04,13:01:06,0,0,4
2017-06-04,13:01:07,0,0,4
2017-06-04,13:01:08,0,0,4
2017-06-04,13:01:09,0,0,4
2017-06-04,13:01:10,0,0,4
2017-06-04,13:01:11,0,0,4
2017-06-04,13:01:12,0,0,4
2017-06-04,13:01:13,0,0,4
2017-06-04,13:01:14,0,0,4
2017-06-04,13:01:15,0,0,4
2017-06-04,13:01:16,0,0,4
2017-06-04,13:01:17,0,0,4
2017-06-04,13:01:18,0,0,4
2017-06-04,13:01:19,0,0,4
2017-06-04,13:01:20,0,0,4
2017-06-04,13:01:21,0,0,4
2017-06-04,13:01:22,0,0,4
2017-06-04,13:01:23,0,0,4
2017-06-04,13:01:24,0,0,4
2017-06-04,13:01:25,0,0,4
2017-06-04,13:01:26,0,0,4
2017-06-04,13:01:27,0,0,4
2017-06-04,13:01:28,0,0,4
2017-06-04,13:01:29,0,0,4
2017-06-04,13:01:30,0,0,4
2017-06-04,13:01:31,0,0,4
2017-06-04,13:01:32,0,0,4
2017-06-04,13:01:33,0,0,4
2017-06-04,13:01:34,0,0,4
2017-06-04,13:01:35,0,0,4
2017-06-04,13:01:36,0,0,4
2017-06-04,13:01:37,0,0,4
2017-06-04,13:01:38,0,0,4
2017-06-04,13:01:39,0,0,4
2017-06-04,13:01:40,0,0,4
2017-06-04,13:01:41,0,0,4
2017-06-04,13:01:42,0,0,4
2017-06-04,13:01:43,0,0,4
2017-06-04,13:01:44,0,0,4
2017-06-04,13:01:45,0,0,4
2017-06-04,13:01:46,0,0,4
2017-06-04,13:01:47,0,0,4
2017-06-04,13:01:48,0,0,4
2017-06-04,13:01:49,0,0,4
2017-06-04,13:01:50,0,0,4
2017-06-04,13:01:51,0,0,4
2017-06-04,13:01:52,0,0,4
2017-06-04,13:01:53,0,0,4
2017-06-04,13:01:54,0,0,4
2017-06-04,13:01:55,0,0,4
2017-06-04,13:01:56,0,0,4
2017-06-04,13:01:57,0,0,4
2017-06-04,13:01:58,0,0,4
2017-06-04,13:01:59,0,0,4
2017-06-04,13:02:00,0,0,4
2017-06-04,13:02:01,0,0,4
2017-06-04,13:02:02,0,0,4
2017-06-04,13:02:03,0,0,4
2017-06-04,13:02:04,0,0,4
2017-06-04,13:02:05,0,0,4
2017-06-04,13:02:06,0,0,4
2017-06-04,13:02:07,0,0,4
2017-06-04,13:02:08,0,0,4
2017-06-04,13:02:09,0,0,4
2017-06-04,13:02:10,0,0,4
2017-06-04,13:02:11,0,0,4
2017-06-04,13:02:12,0,0,4
2017-06-04,13:02:13,0,0,4
2017-06-04,13:02:14,0,0,4
2017-06-04,13:02:15,0,0,4
2017-06-04,13:02:16,0,0,4
2017-06-04,13:02:17,0,0,4
2017-06-04,13:02:18,0,0,4
2017-06-04,13:02:19,0,0,4
2017-06-04,13:02:20,0,0,4
2017-06-04,13:02:21,0,0,4
2017-06-04,13:02:22,0,0,4
2017-06-04,13:02:23,0,0,4
2017-06-04,13:02:24,0,0,4
2017-06-04,13:02:25,0,0,4
2017-06-04,13:02:26,0,0,4
2017-06-04,13:02:27,0,0,4
2017-06-04,13:02:28,0,0,4
2017-06-04,13:02:29,0,0,4
2017-06-04,13:02:30,0,0,4
2017-06-04,13:02:31,0,0,4
2017-06-04,13:02:32,0,0,4
2017-06-04,13:02:33,0,0,4
2017-06-04,13:02:34,0,0,4
2017-06-04,13:02:35,0,0,4
2017-06-04,13:02:36,0,0,4
2017-06-04,13:02:37,0,0,4
2017-06-04,13:02:38,0,0,4
2017-06-04,13:02:39,0,0,4
2017-06-04,13:02:40,0,0,4
2017-06-04,13:02:41,0,0,4
2017-06-04,13:02:42,0,0,4
2017-06-04,13:02:43,0,0,4
2017-06-04,13:02:44,0,0,4
2017-06-04,13:02:45,0,0,4
2017-06-04,13:02:46,0,0,4
2017-06-04,13:02:47,0,0,4
2017-06-04,13:02:48,0,0,4
2017-06-04,13:02:49,0,0,4
2017-06-04,13:02:50,0,0,4
2017-06-04,13:02:51,0,0,4
2017-06-04,13:02:52,0,0,4
2017-06-04,13:02:53,0,0,4
2017-06-04,13:02:54,0,0,4
2017-06-04,13:02:55,0,0,4
2017-06-04,13:02:56,0,0,4
2017-06-04,13:02:57,0,0,4
2017-06-04,13:02:58,0,0,4
2017-06-04,13:02:59,0,0,4
2017-06-04,13:03:00,0,0,4
2017-06-04,13:03:01,0,0,4
2017-06-04,13:03:02,0,0,4
2017-06-04,13:03:03,0,0,4
2017-06-04,13:03:04,0,0,4
2017-06-04,13:03:05,0,0,4
2017-06-04,13:03:06,0,0,4
2017-06-04,13:03:07,0,0,4
2017-06-04,13:03:08,0,0,4
2017-06-04,13:03:09,0,0,4
2017-06-04,13:03:10,0,0,4
2017-06-04,13:03:11,0,0,4
2017-06-04,13:03:12,0,0,4
2017-06-04,13:03:13,0,0,4
2017-06-04,13:03:14,0,0,4
2017-06-04,13:03:15,0,0,4
2017-06-04,13:03:16,0,0,4
2017-06-04,13:03:17,0,0,4
2017-06-04,13:03:18,0,0,4
2017-06-04,13:03:19,0,0,4
2017-06-04,13:03:20,0,0,4
2017-06-04,13:03:21,0,0,4
2017-06-04,13:03:22,0,0,4
2017-06-04,13:03:23,0,0,4
2017-06-04,13:03:24,0,0,4
2017-06-04,13:03:25,0,0,4
2017-06-04,13:03:26,0,0,4
2017-06-04,13:03:27,0,0,4
2017-06-04,13:03:28,0,0,4
2017-06-04,13:03:29,0,0,4
2017-06-04,13:03:30,0,0,4
2017-06-04,13:03:31,0,0,4
2017-06-04,13:03:32,0,0,4
2017-06-04,13:03:33,0,0,4
2017-06-04,13:03:34,0,0,4
2017-06-04,13:03:35,0,0,4
2017-06-04,13:03:36,0,0,4
2017-06-04,13:03:37,0,0,4
2017-06-04,13:03:38,0,0,4
2017-06-04,13:03:39,0,0,4
2017-06-04,13:03:40,0,0,4
2017-06-04,13:03:41,0,0,4
2017-06-04,13:03:42,0,0,4
2017-06-04,13:03:43,0,0,4
2017-06-04,13:03:44,0,0,4
2017-06-04,13:03:45,0,0,4
2017-06-04,13:03:46,0,0,4
2017-06-04,13:03:47,0,0,4
2017-06-04,13:03:48,0,0,4
2017-06-04,13:03:49,0,0,4
2017-06-04,13:03:50,0,0,4
2017-06-04,13:03:51,0,0,4
2017-06-04,13:03:52,0,0,4
2017-06-04,13:03:53,0,0,4
2017-06-04,13:03:54,0,0,4
2017-06-04,13:03:55,0,0,4
2017-06-04,13:03:56,0,0,4
2017-06-04,13:03:57,0,0,4
2017-06-04,13:03:58,0,0,4
2017-06-04,13:03:59,0,0,4
2017-06-04,13:04:00,0,0,4
2017-06-04,13:04:01,0,0,4
2017-06-04,13:04:02,0,0,4
2017-06-04,13:04:03,0,0,4
2017-06-04,13:04:04,0,0,4
2017-06-04,13:04:05,0,0,4
2017-06-04,13:04:06,0,0,4
2017-06-04,13:04:07,0,0,4
2017-06-04,13:04:08,0,0,4
2017-06-04,13:04:09,0,0,4
2017-06-04,13:04:10,0,0,4
2017-06-04,13:04:11,0,0,4
2017-06-04,13:04:12,0,0,4
2017-06-04,13:04:13,0,0,4
2017-06-04,13:04:14,0,0,4
2017-06-04,13:04:15,0,0,4
2017-06-04,13:04:16,0,0,4
2017-06-04,13:04:17,0,0,4
2017-06-04,13:04:18,0,0,4
2017-06-04,13:04:19,0,0,4
2017-06-04,13:04:20,0,0,4
2017-06-04,13:04:21,0,0,4
2017-06-04,13:04:22,0,0,4
2017-06-04,13:04:23,0,0,4
2017-06-04,13:04:24,0,0,4
2017-06-04,13:04:25,0,0,4
2017-06-04,13:04:26,0,0,4
2017-06-04,13:04:27,0,0,4
2017-06-04,13:04:28,0,0,4
2017-06-04,13:04:29,0,0,4
2017-06-04,13:04:30,0,0,4
2017-06-04,13:04:31,0,0,4
2017-06-04,13:04:32,0,0,4
2017-06-04,13:04:33,0,0,4
2017-06-04,13:04:34,0,0,4
2017-06-04,13:04:35,0,0,4
2017-06-04,13:04:36,0,0,4
2017-06-04,13:04:37,0,0,4
2017-06-04,13:04:38,0,0,4
2017-06-04,13:04:39,0,0,4
2017-06-04,13:04:40,0,0,5
2017-06-04,13:04:41,0,0,5
2017-06-04,13:04:42,0,0,5
2017-06-04,13:04:43,0,0,5
2017-06-04,13:04:44,0,0,5
2017-06-04,13:04:45,0,0,5
2017-06-04,13:04:46,0,0,5
2017-06-04,13:04:47,0,0,5
2017-06-04,13:04:48,0,0,5
2017-06-04,13:04:49,0,0,5
2017-06-04,13:04:50,0,0,5
2017-06-04,13:04:51,0,0,5
2017-06-04,13:04:52,0,0,5
2017-06-04,13:04:53,0,0,5
2017-06-04,13:04:54,0,0,5
2017-06-04,13:04:55,0,0,5
2017-06-04,13:04:56,0,0,5
2017-06-04,13:04:57,0,0,5
2017-06-04,13:04:58,0,0,5
2017-06-04,13:04:59,0,0,5
2017-06-04,13:05:00,0,0,5
2017-06-04,13:05:01,0,0,5
2017-06-04,13:05:02,0,0,5
2017-06-04,13:05:03,0,0,5
2017-06-04,13:05:04,0,0,5
2017-06-04,13:05:05,0,0,5
2017-06-04,13:05:06,0,0,5
2017-06-04,13:05:07,0,0,5
2017-06-04,13:05:08,0,0,5
2017-06-04,13:05:09,0,0,5
2017-06-04,13:05:10,0,0,5
2017-06-04,13:05:11,0,0,5
2017-06-04,13:05:12,0,0,5
2017-06-04,13:05:13,0,0,5
2017-06-04,13:05:14,0,0,5
2017-06-04,13:05:15,0,0,5
2017-06-04,13:05:16,0,0,5
2017-06-04,13:05:17,0,0,5
2017-06-04,13:05:18,0,0,5
2017-06-04,13:05:19,0,0,5
2017-06-04,13:05:20,0,0,5
2017-06-04,13:05:21,0,0,5
2017-06-04,13:05:22,0,0,5
2017-06-04,13:05:23,0,0,5
2017-06-04,13:05:24,0,0,5
2017-06-04,13:05:25,0,0,5
2017-06-04,13:05:26,0,0,5
2017-06-04,13:05:27,0,0,5
2017-06-04,13:05:28,0,0,5
2017-06-04,13:05:29,0,0,5
2017-06-04,13:05:30,0,0,5
2017-06-04,13:05:31,0,0,5
2017-06-04,13:05:32,0,0,5
2017-06-04,13:05:33,0,0,5
2017-06-04,13:05:34,0,0,5
2017-06-04,13:05:35,0,0,5
2017-06-04,13:05:36,0,0,5
2017-06-04,13:05:37,0,0,5
2017-06-04,13:05:38,0,0,5
2017-06-04,13:05:39,0,0,5
2017-06-04,13:05:40,0,0,6
2017-06-04,13:05:41,0,0,6
2017-06-04,13:05:42,0,0,6
2017-06-04,13:05:43,0,0,6
2017-06-04,13:05:44,0,0,6
2017-06-04,13:05:45,0,0,6
2017-06-04,13:05:46,0,0,6
2017-06-04,13:05:47,0,0,6
2017-06-04,13:05:48,0,0,6
2017-06-04,13:05:49,0,0,6
2017-06-04,13:05:50,0,0,6
2017-06-04,13:05:51,0,0,6
2017-06-04,13:05:52,0,0,6
2017-06-04,13:05:53,0,0,6
2017-06-04,13:05:54,0,0,6
2017-06-04,13:05:55,1656,0,6
2017-06-04,13:05:56,1279,0,6
2017-06-04,13:05:57,1455,0,6
2017-06-04,13:05:58,1551,0,6
2017-06-04,13:05:59,0,0,6
2017-06-04,13:06:00,0,0,6
2017-06-04,13:06:01,0,0,6
2017-06-04,13:06:02,0,0,6
2017-06-04,13:06:03,0,0,6
2017-06-04,13:06:04,1545,0,6
2017-06-04,13:06:05,2981,0,6
2017-06-04,13:06:06,2716,0,6
2017-06-04,13:06:07,1302,0,6
2017-06-04,13:06:08,0,0,6
2017-06-04,13:06:09,0,0,6
2017-06-04,13:06:10,0,0,6
2017-06-04,13:06:11,0,0,6
2017-06-04,13:06:12,0,0,6
2017-06-04,13:06:13,0,0,6
2017-06-04,13:06:14,0,0,6
2017-06-04,13:06:15,0,0,6
2017-06-04,13:06:16,0,0,6
2017-06-04,13:06:17,0,0,6
2017-06-04,13:06:18,0,0,6
2017-06-04,13:06:19,0,0,6
2017-06-04,13:06:20,0,0,6
2017-06-04,13:06:21,0,0,6
2017-06-04,13:06:22,0,0,6
2017-06-04,13:06:23,0,0,6
2017-06-04,13:06:24,0,0,6
2017-06-04,13:06:25,0,0,6
2017-06-04,13:06:26,0,0,6
2017-06-04,13:06:27,0,0,6
2017-06-04,13:06:28,0,0,6
2017-06-04,13:06:29,0,0,6
2017-06-04,13:06:30,0,0,6
2017-06-04,13:06:31,0,0,6
2017-06-04,13:06:32,0,0,6
2017-06-04,13:06:33,1981,0,6
2017-06-04,13:06:34,3916,0,6
2017-06-04,13:06:35,5392,0,6
2017-06-04,13:06:36,7053,0,6
2017-06-04,13:06:37,6182,0,6
2017-06-04,13:06:38,6859,0,6
2017-06-04,13:06:39,6095,0,6
2017-06-04,13:06:40,6264,0,7
2017-06-04,13:06:41,0,0,7
2017-06-04,13:06:42,0,0,7
2017-06-04,13:06:43,0,0,7
2017-06-04,13:06:44,0,0,7
2017-06-04,13:06:45,0,0,7
2017-06-04,13:06:46,0,0,7
2017-06-04,13:06:47,6257,0,7
2017-06-04,13:06:48,6838,0,7
2017-06-04,13:06:49,1170,0,7
2017-06-04,13:06:50,1033,0,7
2017-06-04,13:06:51,1003,0,7
2017-06-04,13:06:52,0,0,7
2017-06-04,13:06:53,0,0,7
2017-06-04,13:06:54,0,0,7
2017-06-04,13:06:55,0,0,7
2017-06-04,13:06:56,0,0,7
2017-06-04,13:06:57,0,0,7
2017-06-04,13:06:58,1396,0,7
2017-06-04,13:06:59,1617,0,7
2017-06-04,13:07:00,1654,0,7
2017-06-04,13:07:01,1451,0,7
2017-06-04,13:07:02,0,0,7
2017-06-04,13:07:03,0,0,7
2017-06-04,13:07:04,0,0,7
2017-06-04,13:07:05,0,0,7
2017-06-04,13:07:06,0,0,7
2017-06-04,13:07:07,0,0,7
2017-06-04,13:07:08,0,0,7
2017-06-04,13:07:09,0,0,7
2017-06-04,13:07:10,0,0,7
2017-06-04,13:07:11,0,0,7
2017-06-04,13:07:12,0,0,7
2017-06-04,13:07:13,0,0,7
2017-06-04,13:07:14,0,0,7
2017-06-04,13:07:15,0,0,7
2017-06-04,13:07:16,0,0,7
2017-06-04,13:07:17,0,0,7
2017-06-04,13:07:18,0,0,7
2017-06-04,13:07:19,0,0,7
2017-06-04,13:07:20,0,0,7
2017-06-04,13:07:21,0,0,7
2017-06-04,13:07:22,0,0,7
2017-06-04,13:07:23,0,0,7
2017-06-04,13:07:24,0,0,7
2017-06-04,13:07:25,0,0,7
2017-06-04,13:07:26,0,0,7
2017-06-04,13:07:27,0,0,7
2017-06-04,13:07:28,0,0,7
2017-06-04,13:07:29,0,0,7
2017-06-04,13:07:30,0,0,7
2017-06-04,13:07:31,0,0,7
2017-06-04,13:07:32,0,0,7
2017-06-04,13:07:33,0,0,7
2017-06-04,13:07:34,0,0,7
2017-06-04,13:07:35,0,0,7
2017-06-04,13:07:36,0,0,7
2017-06-04,13:07:37,0,0,7
2017-06-04,13:07:38,0,0,7
2017-06-04,13:07:39,0,0,7
2017-06-04,13:07:40,0,0,1
2017-06-04,13:07:41,0,0,1
2017-06-04,13:07:42,0,0,1
2017-06-04,13:07:43,0,0,1
2017-06-04,13:07:44,0,0,1
2017-06-04,13:07:45,0,0,1
2017-06-04,13:07:46,0,0,1
2017-06-04,13:07:47,0,0,1
2017-06-04,13:07:48,0,0,1
2017-06-04,13:07:49,0,0,1
2017-06-04,13:07:50,0,0,1
2017-06-04,13:07:51,0,0,1
2017-06-04,13:07:52,0,0,1
2017-06-04,13:07:53,0,0,1
2017-06-04,13:07:54,0,0,1
2017-06-04,13:07:55,0,0,1
2017-06-04,13:07:56,0,0,1
2017-06-04,13:07:57,0,0,1
2017-06-04,13:07:58,0,0,1
2017-06-04,13:07:59,0,0,1
2017-06-04,13:08:00,0,0,1
2017-06-04,13:08:01,0,0,1
2017-06-04,13:08:02,0,0,1
2017-06-04,13:08:03,0,0,1
2017-06-04,13:08:04,0,0,1
2017-06-04,13:08:05,0,0,1
2017-06-04,13:08:06,0,0,1
2017-06-04,13:08:07,0,0,1
2017-06-04,13:08:08,0,0,1
2017-06-04,13:08:09,0,0,1
2017-06-04,13:08:10,0,0,1
2017-06-04,13:08:11,0,0,1
2017-06-04,13:08:12,0,0,1
2017-06-04,13:08:13,0,0,1
2017-06-04,13:08:14,0,0,1
2017-06-04,13:08:15,0,0,1
2017-06-04,13:08:16,0,0,1
2017-06-04,13:08:17,0,0,1
2017-06-04,13:08:18,0,0,1
2017-06-04,13:08:19,0,0,1
2017-06-04,13:08:20,0,0,1
2017-06-04,13:08:21,0,0,1
2017-06-04,13:08:22,1165,0,1
2017-06-04,13:08:23,1331,0,1
2017-06-04,13:08:24,0,0,1
2017-06-04,13:08:25,0,0,1
2017-06-04,13:08:26,0,0,1
2017-06-04,13:08:27,1256,0,1
2017-06-04,13:08:28,1329,0,1
2017-06-04,13:08:29,1260,0,1
2017-06-04,13:08:30,0,0,1
2017-06-04,13:08:31,0,0,1
2017-06-04,13:08:32,0,0,1
2017-06-04,13:08:33,0,0,1
2017-06-04,13:08:34,0,0,1
2017-06-04,13:08:35,0,0,1
2017-06-04,13:08:36,0,0,1
2017-06-04,13:08:37,1128,0,1
2017-06-04,13:08:38,1122,0,1
2017-06-04,13:08:39,1398,0,1
2017-06-04,13:08:40,2075,0,2
2017-06-04,13:08:41,0,0,2
2017-06-04,13:08:42,0,0,2
2017-06-04,13:08:43,0,0,2
2017-06-04,13:08:44,0,0,2
2017-06-04,13:08:45,0,0,2
2017-06-04,13:08:46,0,0,2
2017-06-04,13:08:47,0,1,3
2017-06-04,13:08:48,0,0,3
2017-06-04,13:08:49,1201,0,3
2017-06-04,13:08:50,1232,0,3
2017-06-04,13:08:51,1147,0,3
2017-06-04,13:08:52,1472,0,3
2017-06-04,13:08:53,2334,0,3
2017-06-04,13:08:54,2473,0,3
2017-06-04,13:08:55,2350,0,3
2017-06-04,13:08:56,2067,0,3
2017-06-04,13:08:57,0,0,3
2017-06-04,13:08:58,1074,0,3
2017-06-04,13:08:59,0,0,3
2017-06-04,13:09:00,1618,0,3
2017-06-04,13:09:01,1901,0,3
2017-06-04,13:09:02,2861,0,3
2017-06-04,13:09:03,2615,0,3
2017-06-04,13:09:04,3062,0,3
2017-06-04,13:09:05,2404,0,3
2017-06-04,13:09:06,2073,0,3
2017-06-04,13:09:07,2148,0,3
2017-06-04,13:09:08,1365,0,3
2017-06-04,13:09:09,2783,0,3
2017-06-04,13:09:10,2101,0,3
2017-06-04,13:09:11,0,0,3
2017-06-04,13:09:12,1320,0,3
2017-06-04,13:09:13,1279,0,3
2017-06-04,13:09:14,1485,0,3
2017-06-04,13:09:15,1474,0,3
2017-06-04,13:09:16,1855,0,3
2017-06-04,13:09:17,0,0,3
2017-06-04,13:09:18,1688,0,3
2017-06-04,13:09:19,0,0,3
2017-06-04,13:09:20,0,0,3
2017-06-04,13:09:21,0,0,3
2017-06-04,13:09:22,1106,0,3
2017-06-04,13:09:23,0,0,3
2017-06-04,13:09:24,0,0,3
2017-06-04,13:09:25,0,0,3
2017-06-04,13:09:26,0,0,3
2017-06-04,13:09:27,0,0,3
2017-06-04,13:09:28,0,0,3
2017-06-04,13:09:29,1317,0,3
2017-06-04,13:09:30,2710,0,3
2017-06-04,13:09:31,2860,0,3
2017-06-04,13:09:32,2717,0,3
2017-06-04,13:09:33,3693,0,3
2017-06-04,13:09:34,6151,0,3
2017-06-04,13:09:35,6205,0,3
2017-06-04,13:09:36,5381,0,3
2017-06-04,13:09:37,5775,0,3
2017-06-04,13:09:38,5298,0,3
2017-06-04,13:09:39,5427,0,3
2017-06-04,13:09:40,5718,0,3
2017-06-04,13:09:41,5815,0,3
2017-06-04,13:09:42,5342,0,3
2017-06-04,13:09:43,3044,0,3
2017-06-04,13:09:44,2327,0,3
2017-06-04,13:09:45,2218,0,3
2017-06-04,13:09:46,2422,0,3
2017-06-04,13:09:47,2774,0,3
2017-06-04,13:09:48,3824,0,3
2017-06-04,13:09:49,3571,0,3
2017-06-04,13:09:50,2952,0,3
2017-06-04,13:09:51,1910,0,3
2017-06-04,13:09:52,2049,0,3
2017-06-04,13:09:53,2128,0,3
2017-06-04,13:09:54,3243,0,3
2017-06-04,13:09:55,5339,0,3
2017-06-04,13:09:56,5722,0,3
2017-06-04,13:09:57,5069,0,3
2017-06-04,13:09:58,1903,0,3
2017-06-04,13:09:59,1508,0,3
2017-06-04,13:10:00,0,0,3
2017-06-04,13:10:01,2867,0,3
2017-06-04,13:10:02,5753,0,3
2017-06-04,13:10:03,5297,0,3
2017-06-04,13:10:04,5541,0,3
2017-06-04,13:10:05,4744,0,3
2017-06-04,13:10:06,4611,0,3
2017-06-04,13:10:07,5972,0,3
2017-06-04,13:10:08,6125,0,3
2017-06-04,13:10:09,6375,0,3
2017-06-04,13:10:10,5850,0,3
2017-06-04,13:10:11,6102,0,3
2017-06-04,13:10:12,5308,0,3
2017-06-04,13:10:13,4454,0,3
2017-06-04,13:10:14,5271,0,3
2017-06-04,13:10:15,5990,0,3
2017-06-04,13:10:16,7757,0,3
2017-06-04,13:10:17,6817,0,3
2017-06-04,13:10:18,6186,0,3
2017-06-04,13:10:19,5950,0,3
2017-06-04,13:10:20,5737,0,3
2017-06-04,13:10:21,5883,0,3
2017-06-04,13:10:22,5291,0,3
2017-06-04,13:10:23,5373,0,3
2017-06-04,13:10:24,3865,0,3
2017-06-04,13:10:25,5611,0,3
2017-06-04,13:10:26,3481,0,3
2017-06-04,13:10:27,4048,0,3
2017-06-04,13:10:28,4083,0,3
2017-06-04,13:10:29,4627,0,3
2017-06-04,13:10:30,5973,0,3
2017-06-04,13:10:31,7072,0,3
2017-06-04,13:10:32,7300,0,3
2017-06-04,13:10:33,7985,0,3
2017-06-04,13:10:34,8519,0,3
2017-06-04,13:10:35,4794,0,3
2017-06-04,13:10:36,4714,0,3
2017-06-04,13:10:37,2825,0,3
2017-06-04,13:10:38,2484,0,3
2017-06-04,13:10:39,4616,0,3
2017-06-04,13:10:40,3612,0,3
2017-06-04,13:10:41,2770,0,3
2017-06-04,13:10:42,3839,0,3
2017-06-04,13:10:43,4470,0,3
2017-06-04,13:10:44,4346,0,3
2017-06-04,13:10:45,5261,0,3
2017-06-04,13:10:46,3522,0,3
2017-06-04,13:10:47,5331,0,3
2017-06-04,13:10:48,4302,0,3
2017-06-04,13:10:49,5228,0,3
2017-06-04,13:10:50,5942,0,3
2017-06-04,13:10:51,4018,0,3
2017-06-04,13:10:52,4625,0,3
2017-06-04,13:10:53,4802,0,3
2017-06-04,13:10:54,4987,0,3
2017-06-04,13:10:55,5254,0,3
2017-06-04,13:10:56,5355,0,3
2017-06-04,13:10:57,4884,0,3
2017-06-04,13:10:58,4870,0,3
2017-06-04,13:10:59,4585,0,3
2017-06-04,13:11:00,5208,0,3
2017-06-04,13:11:01,4906,0,3
2017-06-04,13:11:02,4840,0,3
2017-06-04,13:11:03,3510,0,3
2017-06-04,13:11:04,3812,0,3
2017-06-04,13:11:05,3857,0,3
2017-06-04,13:11:06,3303,0,3
2017-06-04,13:11:07,6685,0,3
2017-06-04,13:11:08,6889,0,3
2017-06-04,13:11:09,3666,0,3
2017-06-04,13:11:10,6036,0,3
2017-06-04,13:11:11,5182,0,3
2017-06-04,13:11:12,3987,0,3
2017-06-04,13:11:13,5922,0,3
2017-06-04,13:11:14,4440,0,3
2017-06-04,13:11:15,4530,0,3
2017-06-04,13:11:16,7276,0,3
2017-06-04,13:11:17,4242,0,3
2017-06-04,13:11:18,5353,0,3
2017-06-04,13:11:19,1618,0,3
2017-06-04,13:11:20,1902,0,3
2017-06-04,13:11:21,2912,0,3
2017-06-04,13:11:22,2427,0,3
2017-06-04,13:11:23,1245,0,3
2017-06-04,13:11:24,1107,0,3
2017-06-04,13:11:25,1667,0,3
2017-06-04,13:11:26,1827,0,3
2017-06-04,13:11:27,6237,0,3
2017-06-04,13:11:28,8435,0,3
2017-06-04,13:11:29,8772,0,3
2017-06-04,13:11:30,6476,0,3
2017-06-04,13:11:31,6281,0,3
2017-06-04,13:11:32,8079,0,3
2017-06-04,13:11:33,7679,0,3
2017-06-04,13:11:34,7057,0,3
2017-06-04,13:11:35,7178,0,3
2017-06-04,13:11:36,7318,0,3
2017-06-04,13:11:37,6534,0,3
2017-06-04,13:11:38,6792,0,3
2017-06-04,13:11:39,6901,0,3
2017-06-04,13:11:40,8006,0,3
2017-06-04,13:11:41,6588,0,3
2017-06-04,13:11:42,9652,0,3
2017-06-04,13:11:43,10842,0,3
2017-06-04,13:11:44,9319,0,3
2017-06-04,13:11:45,9418,0,3
2017-06-04,13:11:46,9066,0,3
2017-06-04,13:11:47,11230,0,3
2017-06-04,13:11:48,9772,0,3
2017-06-04,13:11:49,8734,0,3
2017-06-04,13:11:50,10293,0,3
2017-06-04,13:11:51,7459,0,3
2017-06-04,13:11:52,6936,0,3
2017-06-04,13:11:53,7369,0,3
2017-06-04,13:11:54,7307,0,3
2017-06-04,13:11:55,6184,0,3
2017-06-04,13:11:56,4717,0,3
2017-06-04,13:11:57,5610,0,3
2017-06-04,13:11:58,6911,0,3
2017-06-04,13:11:59,7656,0,3
2017-06-04,13:12:00,7120,0,3
2017-06-04,13:12:01,5264,0,3
2017-06-04,13:12:02,5845,0,3
2017-06-04,13:12:03,6893,0,3
2017-06-04,13:12:04,8092,0,3
2017-06-04,13:12:05,10688,0,3
2017-06-04,13:12:06,9198,0,3
2017-06-04,13:12:07,7548,0,3
2017-06-04,13:12:08,8672,0,3
2017-06-04,13:12:09,7896,0,3
2017-06-04,13:12:10,7777,0,3
2017-06-04,13:12:11,8162,0,3
2017-06-04,13:12:12,6973,0,3
2017-06-04,13:12:13,7455,0,3
2017-06-04,13:12:14,6734,0,3
2017-06-04,13:12:15,7168,0,3
2017-06-04,13:12:16,7800,0,3
2017-06-04,13:12:17,8714,0,3
2017-06-04,13:12:18,8734,0,3
2017-06-04,13:12:19,9039,0,3
2017-06-04,13:12:20,10582,0,3
2017-06-04,13:12:21,8555,0,3
2017-06-04,13:12:22,6891,0,3
2017-06-04,13:12:23,6589,0,3
2017-06-04,13:12:24,7761,0,3
2017-06-04,13:12:25,6957,0,3
2017-06-04,13:12:26,6770,0,3
2017-06-04,13:12:27,5810,0,3
2017-06-04,13:12:28,7235,0,3
2017-06-04,13:12:29,7143,0,3
2017-06-04,13:12:30,8386,0,3
2017-06-04,13:12:31,6580,0,3
2017-06-04,13:12:32,8466,0,3
2017-06-04,13:12:33,8545,0,3
2017-06-04,13:12:34,6806,0,3
2017-06-04,13:12:35,7855,0,3
2017-06-04,13:12:36,8289,0,3
2017-06-04,13:12:37,4466,0,3
2017-06-04,13:12:38,1766,0,3
2017-06-04,13:12:39,1735,0,3
2017-06-04,13:12:40,1527,0,3
2017-06-04,13:12:41,1232,0,3
2017-06-04,13:12:42,2133,0,3
2017-06-04,13:12:43,1279,0,3
2017-06-04,13:12:44,1333,0,3
2017-06-04,13:12:45,1373,0,3
2017-06-04,13:12:46,4276,0,3
2017-06-04,13:12:47,6450,0,3
2017-06-04,13:12:48,6889,0,3
2017-06-04,13:12:49,6362,0,3
2017-06-04,13:12:50,7687,0,3
2017-06-04,13:12:51,8123,0,3
2017-06-04,13:12:52,7326,0,3
2017-06-04,13:12:53,5412,0,3
2017-06-04,13:12:54,6928,0,3
2017-06-04,13:12:55,6307,0,3
2017-06-04,13:12:56,6753,0,3
2017-06-04,13:12:57,8290,0,3
2017-06-04,13:12:58,6709,0,3
2017-06-04,13:12:59,6506,0,3
2017-06-04,13:13:00,7348,0,3
2017-06-04,13:13:01,4910,0,3
2017-06-04,13:13:02,5380,0,3
2017-06-04,13:13:03,6117,0,3
2017-06-04,13:13:04,5764,0,3
2017-06-04,13:13:05,5466,0,3
2017-06-04,13:13:06,3702,0,3
2017-06-04,13:13:07,2665,0,3
2017-06-04,13:13:08,1996,0,3
2017-06-04,13:13:09,3064,0,3
2017-06-04,13:13:10,2273,0,3
2017-06-04,13:13:11,1437,0,3
2017-06-04,13:13:12,1422,0,3
2017-06-04,13:13:13,2193,0,3
2017-06-04,13:13:14,3809,0,3
2017-06-04,13:13:15,4173,0,3
2017-06-04,13:13:16,6326,0,3
2017-06-04,13:13:17,6349,0,3
2017-06-04,13:13:18,5738,0,3
2017-06-04,13:13:19,3839,0,3
2017-06-04,13:13:20,3421,0,3
2017-06-04,13:13:21,1304,0,3
2017-06-04,13:13:22,1406,0,3
2017-06-04,13:13:23,1724,0,3
2017-06-04,13:13:24,1191,0,3
2017-06-04,13:13:25,1724,0,3
2017-06-04,13:13:26,6194,0,3
2017-06-04,13:13:27,6571,0,3
2017-06-04,13:13:28,6507,0,3
2017-06-04,13:13:29,6823,0,3
2017-06-04,13:13:30,6583,0,3
2017-06-04,13:13:31,6354,0,3
2017-06-04,13:13:32,6591,0,3
2017-06-04,13:13:33,6807,0,3
2017-06-04,13:13:34,6513,0,3
2017-06-04,13:13:35,7836,0,3
2017-06-04,13:13:36,7217,0,3
2017-06-04,13:13:37,6150,0,3
2017-06-04,13:13:38,5669,0,3
2017-06-04,13:13:39,5227,0,3
2017-06-04,13:13:40,6215,0,3
2017-06-04,13:13:41,6161,0,3
2017-06-04,13:13:42,6443,0,3
2017-06-04,13:13:43,6643,0,3
2017-06-04,13:13:44,7120,0,3
2017-06-04,13:13:45,7542,0,3
2017-06-04,13:13:46,7210,0,3
2017-06-04,13:13:47,6703,0,3
2017-06-04,13:13:48,6411,0,3
2017-06-04,13:13:49,6484,0,3
2017-06-04,13:13:50,6852,0,3
2017-06-04,13:13:51,6741,0,3
2017-06-04,13:13:52,7569,0,3
2017-06-04,13:13:53,8288,0,3
2017-06-04,13:13:54,8584,0,3
2017-06-04,13:13:55,6515,0,3
2017-06-04,13:13:56,6086,0,3
2017-06-04,13:13:57,5776,0,3
2017-06-04,13:13:58,6346,0,3
2017-06-04,13:13:59,6421,0,3
2017-06-04,13:14:00,6542,0,3
2017-06-04,13:14:01,7732,0,3
2017-06-04,13:14:02,8291,0,3
2017-06-04,13:14:03,2529,0,3
2017-06-04,13:14:04,2114,0,3
2017-06-04,13:14:05,0,0,3
2017-06-04,13:14:06,0,0,3
2017-06-04,13:14:07,0,0,3
2017-06-04,13:14:08,1801,0,3
2017-06-04,13:14:09,1302,0,6
2017-06-04,13:14:10,0,0,6
2017-06-04,13:14:11,0,0,6
2017-06-04,13:14:12,0,0,6
2017-06-04,13:14:13,0,0,6
2017-06-04,13:14:14,2132,0,6
2017-06-04,13:14:15,1611,0,6
2017-06-04,13:14:16,2654,0,6
2017-06-04,13:14:17,2543,0,6
2017-06-04,13:14:18,1934,0,6
2017-06-04,13:14:19,1218,0,6
2017-06-04,13:14:20,1277,0,6
2017-06-04,13:14:21,0,0,6
2017-06-04,13:14:22,2364,0,6
2017-06-04,13:14:23,1298,0,6
2017-06-04,13:14:24,1268,0,6
2017-06-04,13:14:25,1323,0,6
2017-06-04,13:14:26,1362,0,6
2017-06-04,13:14:27,7950,0,6
2017-06-04,13:14:28,9790,0,6
2017-06-04,13:14:29,4339,0,6
2017-06-04,13:14:30,2602,0,6
2017-06-04,13:14:31,3175,0,6
2017-06-04,13:14:32,2134,0,6
2017-06-04,13:14:33,0,0,6
2017-06-04,13:14:34,0,0,6
2017-06-04,13:14:35,2232,0,6
2017-06-04,13:14:36,4356,0,6
2017-06-04,13:14:37,3684,0,6
2017-06-04,13:14:38,1111,0,6
2017-06-04,13:14:39,1041,0,6
2017-06-04,13:14:40,0,0,6
2017-06-04,13:14:41,0,0,6
2017-06-04,13:14:42,1364,0,6
2017-06-04,13:14:43,1423,0,6
2017-06-04,13:14:44,0,0,6
2017-06-04,13:14:45,0,0,6
2017-06-04,13:14:46,1144,1,1
2017-06-04,13:14:47,1038,0,1
2017-06-04,13:14:48,0,0,1
2017-06-04,13:14:49,0,0,1
2017-06-04,13:14:50,0,0,1
2017-06-04,13:14:51,0,0,1
2017-06-04,13:14:52,1214,0,1
2017-06-04,13:14:53,0,0,1
2017-06-04,13:14:54,2220,0,1
2017-06-04,13:14:55,4944,0,1
2017-06-04,13:14:56,4658,0,1
2017-06-04,13:14:57,1762,0,1
2017-06-04,13:14:58,1192,0,1
2017-06-04,13:14:59,1180,0,1
2017-06-04,13:15:00,1397,0,1
2017-06-04,13:15:01,1455,0,1
2017-06-04,13:15:02,1085,0,1
2017-06-04,13:15:03,0,0,1
2017-06-04,13:15:04,0,0,1
2017-06-04,13:15:05,0,0,1
2017-06-04,13:15:06,0,0,1
2017-06-04,13:15:07,0,0,1
2017-06-04,13:15:08,0,1,5
2017-06-04,13:15:09,0,0,5
2017-06-04,13:15:10,0,0,5
2017-06-04,13:15:11,0,0,5
2017-06-04,13:15:12,1160,0,5
2017-06-04,13:15:13,1586,0,5
2017-06-04,13:15:14,2510,0,5
2017-06-04,13:15:15,2460,0,5
2017-06-04,13:15:16,1879,0,5
2017-06-04,13:15:17,0,0,5
2017-06-04,13:15:18,0,0,5
2017-06-04,13:15:19,0,0,5
2017-06-04,13:15:20,1244,0,5
2017-06-04,13:15:21,0,0,5
2017-06-04,13:15:22,0,0,5
2017-06-04,13:15:23,0,0,5
2017-06-04,13:15:24,0,0,5
2017-06-04,13:15:25,0,0,5
2017-06-04,13:15:26,1350,0,5
2017-06-04,13:15:27,1570,1,8
2017-06-04,13:15:28,1704,0,8
2017-06-04,13:15:29,0,0,8
2017-06-04,13:15:30,1435,0,8
2017-06-04,13:15:31,2140,0,8
2017-06-04,13:15:32,2293,0,8
2017-06-04,13:15:33,2132,0,8
2017-06-04,13:15:34,1360,0,8
2017-06-04,13:15:35,1420,0,8
2017-06-04,13:15:36,1295,0,8
2017-06-04,13:15:37,1032,0,8
2017-06-04,13:15:38,1112,0,8
2017-06-04,13:15:39,1491,0,8
2017-06-04,13:15:40,1606,0,8
2017-06-04,13:15:41,2074,0,8
2017-06-04,13:15:42,3087,0,8
2017-06-04,13:15:43,3054,0,8
2017-06-04,13:15:44,2241,1,3
2017-06-04,13:15:45,1743,0,3
2017-06-04,13:15:46,2537,0,3
2017-06-04,13:15:47,3317,0,3
2017-06-04,13:15:48,2772,0,3
2017-06-04,13:15:49,2721,0,3
2017-06-04,13:15:50,2415,1,2
2017-06-04,13:15:51,2573,0,2
2017-06-04,13:15:52,2672,0,2
2017-06-04,13:15:53,1952,0,2
2017-06-04,13:15:54,1872,0,2
2017-06-04,13:15:55,1873,0,2
2017-06-04,13:15:56,1067,1,7
2017-06-04,13:15:57,1174,0,7
2017-06-04,13:15:58,1977,0,7
2017-06-04,13:15:59,2757,0,7
2017-06-04,13:16:00,2653,0,7
2017-06-04,13:16:01,2502,0,7
2017-06-04,13:16:02,1950,0,7
2017-06-04,13:16:03,2083,0,7
2017-06-04,13:16:04,2865,0,7
2017-06-04,13:16:05,2762,1,4
2017-06-04,13:16:06,1307,0,4
2017-06-04,13:16:07,1223,0,4
2017-06-04,13:16:08,1447,0,4
2017-06-04,13:16:09,1258,0,4
2017-06-04,13:16:10,1483,0,4
2017-06-04,13:16:11,2251,0,4
2017-06-04,13:16:12,2413,0,4
2017-06-04,13:16:13,1595,0,4
2017-06-04,13:16:14,2794,0,4
2017-06-04,13:16:15,3367,0,4
2017-06-04,13:16:16,3053,0,4
2017-06-04,13:16:17,3305,1,6
2017-06-04,13:16:18,1830,0,6
2017-06-04,13:16:19,0,0,6
2017-06-04,13:16:20,1081,0,6
2017-06-04,13:16:21,1717,0,6
2017-06-04,13:16:22,2410,0,6
2017-06-04,13:16:23,3040,0,6
2017-06-04,13:16:24,3749,0,6
2017-06-04,13:16:25,4631,0,6
2017-06-04,13:16:26,4963,0,6
2017-06-04,13:16:27,4425,0,6
2017-06-04,13:16:28,2643,0,6
2017-06-04,13:16:29,2277,0,6
2017-06-04,13:16:30,2256,0,6
2017-06-04,13:16:31,2151,0,6
2017-06-04,13:16:32,3078,0,6
2017-06-04,13:16:33,1465,0,6
2017-06-04,13:16:34,1966,0,6
2017-06-04,13:16:35,2195,0,6
2017-06-04,13:16:36,2632,0,6
2017-06-04,13:16:37,2408,0,6
2017-06-04,13:16:38,2327,0,6
2017-06-04,13:16:39,3929,0,6
2017-06-04,13:16:40,3115,0,6
2017-06-04,13:16:41,3924,0,6
2017-06-04,13:16:42,4084,0,6
2017-06-04,13:16:43,4037,0,6
2017-06-04,13:16:44,5515,0,6
2017-06-04,13:16:45,6005,0,6
2017-06-04,13:16:46,4736,0,6
2017-06-04,13:16:47,2675,0,6
2017-06-04,13:16:48,1396,0,6
2017-06-04,13:16:49,1574,0,6
2017-06-04,13:16:50,2842,0,6
2017-06-04,13:16:51,5028,0,6
2017-06-04,13:16:52,4865,0,6
2017-06-04,13:16:53,4809,0,6
2017-06-04,13:16:54,2683,0,6
2017-06-04,13:16:55,1803,0,6
2017-06-04,13:16:56,1677,0,6
2017-06-04,13:16:57,1463,0,6
2017-06-04,13:16:58,4210,0,6
2017-06-04,13:16:59,4266,0,6
2017-06-04,13:17:00,6658,0,6
2017-06-04,13:17:01,6659,0,6
2017-06-04,13:17:02,4883,0,6
2017-06-04,13:17:03,4860,0,6
2017-06-04,13:17:04,7532,0,6
2017-06-04,13:17:05,8324,0,6
2017-06-04,13:17:06,7618,0,6
2017-06-04,13:17:07,8038,0,6
2017-06-04,13:17:08,6856,0,6
2017-06-04,13:17:09,5489,0,6
2017-06-04,13:17:10,5568,0,6
2017-06-04,13:17:11,7863,0,6
2017-06-04,13:17:12,6000,0,6
2017-06-04,13:17:13,7538,0,6
2017-06-04,13:17:14,7114,0,6
2017-06-04,13:17:15,3961,0,6
2017-06-04,13:17:16,7344,0,6
2017-06-04,13:17:17,6641,0,6
2017-06-04,13:17:18,3510,0,6
2017-06-04,13:17:19,4597,0,6
2017-06-04,13:17:20,4721,0,6
2017-06-04,13:17:21,5127,0,6
2017-06-04,13:17:22,8066,0,6
2017-06-04,13:17:23,8575,0,6
2017-06-04,13:17:24,8641,0,6
2017-06-04,13:17:25,8536,0,6
2017-06-04,13:17:26,5176,0,6
2017-06-04,13:17:27,1662,0,6
2017-06-04,13:17:28,2711,0,6
2017-06-04,13:17:29,3882,0,6
2017-06-04,13:17:30,4374,0,6
2017-06-04,13:17:31,8452,0,6
2017-06-04,13:17:32,9398,0,6
2017-06-04,13:17:33,9492,0,6
2017-06-04,13:17:34,8925,0,6
2017-06-04,13:17:35,2938,0,6
2017-06-04,13:17:36,2047,0,6
2017-06-04,13:17:37,2111,0,6
2017-06-04,13:17:38,1725,0,6
2017-06-04,13:17:39,0,0,6
2017-06-04,13:17:40,2430,0,6
2017-06-04,13:17:41,5259,0,6
2017-06-04,13:17:42,7240,0,6
2017-06-04,13:17:43,8259,0,6
2017-06-04,13:17:44,6651,0,6
2017-06-04,13:17:45,4300,0,6
2017-06-04,13:17:46,6364,0,6
2017-06-04,13:17:47,8237,0,6
2017-06-04,13:17:48,8190,0,6
2017-06-04,13:17:49,5539,0,6
2017-06-04,13:17:50,3733,0,6
2017-06-04,13:17:51,6843,0,6
2017-06-04,13:17:52,8662,0,6
2017-06-04,13:17:53,7287,0,6
2017-06-04,13:17:54,3965,0,6
2017-06-04,13:17:55,6819,0,6
2017-06-04,13:17:56,8064,0,6
2017-06-04,13:17:57,7400,0,6
2017-06-04,13:17:58,3213,0,6
2017-06-04,13:17:59,1407,0,6
2017-06-04,13:18:00,1873,0,6
2017-06-04,13:18:01,1176,0,6
2017-06-04,13:18:02,1242,0,6
2017-06-04,13:18:03,2393,0,6
2017-06-04,13:18:04,3020,0,6
2017-06-04,13:18:05,3150,0,6
2017-06-04,13:18:06,4521,0,6
2017-06-04,13:18:07,4029,0,6
2017-06-04,13:18:08,1672,0,6
2017-06-04,13:18:09,2189,0,6
2017-06-04,13:18:10,3454,0,6
2017-06-04,13:18:11,4944,0,6
2017-06-04,13:18:12,7457,0,6
2017-06-04,13:18:13,6504,0,6
2017-06-04,13:18:14,7643,0,6
2017-06-04,13:18:15,5355,0,6
2017-06-04,13:18:16,2465,0,6
2017-06-04,13:18:17,2263,0,6
2017-06-04,13:18:18,2548,0,6
2017-06-04,13:18:19,2003,0,6
2017-06-04,13:18:20,1703,0,6
2017-06-04,13:18:21,1259,0,6
2017-06-04,13:18:22,1381,0,6
2017-06-04,13:18:23,2460,0,6
2017-06-04,13:18:24,2402,0,6
2017-06-04,13:18:25,2353,0,6
2017-06-04,13:18:26,2034,0,6
2017-06-04,13:18:27,1821,0,6
2017-06-04,13:18:28,1296,0,6
2017-06-04,13:18:29,1014,0,6
2017-06-04,13:18:30,1151,0,6
2017-06-04,13:18:31,1052,0,6
2017-06-04,13:18:32,0,0,6
2017-06-04,13:18:33,0,0,6
2017-06-04,13:18:34,0,0,6
2017-06-04,13:18:35,1029,0,6
2017-06-04,13:18:36,1090,0,6
2017-06-04,13:18:37,0,0,6
2017-06-04,13:18:38,0,0,6
2017-06-04,13:18:39,0,0,6
2017-06-04,13:18:40,0,0,6
2017-06-04,13:18:41,0,0,6
2017-06-04,13:18:42,0,0,6
2017-06-04,13:18:43,0,0,6
2017-06-04,13:18:44,0,0,6
2017-06-04,13:18:45,0,0,6
2017-06-04,13:18:46,0,0,6
2017-06-04,13:18:47,0,0,6
2017-06-04,13:18:48,0,0,6
2017-06-04,13:18:49,0,0,6
2017-06-04,13:18:50,0,0,6
2017-06-04,13:18:51,0,0,6
2017-06-04,13:18:52,0,0,6
2017-06-04,13:18:53,0,0,6
2017-06-04,13:18:54,0,0,6
2017-06-04,13:18:55,0,0,6
2017-06-04,13:18:56,0,0,6
2017-06-04,13:18:57,0,0,6
2017-06-04,13:18:58,0,0,6
2017-06-04,13:18:59,0,0,6
2017-06-04,13:19:00,0,0,6
2017-06-04,13:19:01,0,0,6
2017-06-04,13:19:02,0,0,6
2017-06-04,13:19:03,0,0,6
2017-06-04,13:19:04,0,0,6
2017-06-04,13:19:05,0,0,6
2017-06-04,13:19:06,0,0,6
2017-06-04,13:19:07,0,0,6
2017-06-04,13:19:08,0,0,6
2017-06-04,13:19:09,1128,0,6
2017-06-04,13:19:10,1087,0,6
2017-06-04,13:19:11,1413,0,6
2017-06-04,13:19:12,2499,0,6
2017-06-04,13:19:13,1544,0,6
2017-06-04,13:19:14,0,0,6
2017-06-04,13:19:15,0,0,6
2017-06-04,13:19:16,0,0,6
2017-06-04,13:19:17,1462,0,6
2017-06-04,13:19:18,1370,0,6
2017-06-04,13:19:19,0,0,6
2017-06-04,13:19:20,0,0,6
2017-06-04,13:19:21,1242,0,6
2017-06-04,13:19:22,1225,0,6
2017-06-04,13:19:23,1685,0,6
2017-06-04,13:19:24,2629,0,6
2017-06-04,13:19:25,2434,1,4
2017-06-04,13:19:26,0,0,4
2017-06-04,13:19:27,0,0,4
2017-06-04,13:19:28,0,0,4
2017-06-04,13:19:29,0,0,4
2017-06-04,13:19:30,1299,0,4
2017-06-04,13:19:31,1195,0,4
2017-06-04,13:19:32,1210,0,4
2017-06-04,13:19:33,1270,0,4
2017-06-04,13:19:34,0,0,4
2017-06-04,13:19:35,0,0,4
2017-06-04,13:19:36,0,0,4
2017-06-04,13:19:37,0,0,4
2017-06-04,13:19:38,0,0,4
2017-06-04,13:19:39,0,0,4
2017-06-04,13:19:40,0,0,4
2017-06-04,13:19:41,0,0,4
2017-06-04,13:19:42,0,0,4
2017-06-04,13:19:43,0,0,4
2017-06-04,13:19:44,0,0,4
2017-06-04,13:19:45,0,0,4
2017-06-04,13:19:46,0,0,4
2017-06-04,13:19:47,0,0,4
2017-06-04,13:19:48,0,0,4
2017-06-04,13:19:49,0,0,4
2017-06-04,13:19:50,0,0,4
2017-06-04,13:19:51,0,0,4
2017-06-04,13:19:52,0,0,4
2017-06-04,13:19:53,0,0,4
2017-06-04,13:19:54,0,0,4
2017-06-04,13:19:55,0,0,4
2017-06-04,13:19:56,0,0,4
2017-06-04,13:19:57,0,0,4
2017-06-04,13:19:58,0,0,4
2017-06-04,13:19:59,0,0,4
2017-06-04,13:20:00,0,0,4
2017-06-04,13:20:01,0,0,4
2017-06-04,13:20:02,0,0,4
2017-06-04,13:20:03,0,0,4
2017-06-04,13:20:04,0,0,4
2017-06-04,13:20:05,0,0,4
2017-06-04,13:20:06,0,0,4
2017-06-04,13:20:07,0,0,4
2017-06-04,13:20:08,0,0,4
2017-06-04,13:20:09,0,0,4
2017-06-04,13:20:10,0,0,4
2017-06-04,13:20:11,0,0,4
2017-06-04,13:20:12,0,0,4
2017-06-04,13:20:13,0,0,4
2017-06-04,13:20:14,0,0,4
2017-06-04,13:20:15,0,0,4
2017-06-04,13:20:16,0,0,4
2017-06-04,13:20:17,0,0,4
2017-06-04,13:20:18,0,0,4
2017-06-04,13:20:19,0,0,4
2017-06-04,13:20:20,0,0,4
2017-06-04,13:20:21,0,0,4
2017-06-04,13:20:22,0,0,4
2017-06-04,13:20:23,0,0,4
2017-06-04,13:20:24,0,0,4
2017-06-04,13:20:25,0,0,4
2017-06-04,13:20:26,0,0,4
2017-06-04,13:20:27,0,0,4
2017-06-04,13:20:28,0,0,4
2017-06-04,13:20:29,0,0,4
2017-06-04,13:20:30,0,0,4
2017-06-04,13:20:31,0,0,4
2017-06-04,13:20:32,0,0,4
2017-06-04,13:20:33,0,0,4
2017-06-04,13:20:34,0,0,4
2017-06-04,13:20:35,0,0,4
2017-06-04,13:20:36,0,0,4
2017-06-04,13:20:37,0,0,4
2017-06-04,13:20:38,0,0,4
2017-06-04,13:20:39,0,0,4
2017-06-04,13:20:40,0,0,4
2017-06-04,13:20:41,0,0,4
2017-06-04,13:20:42,0,0,4
2017-06-04,13:20:43,0,0,4
2017-06-04,13:20:44,1121,0,4
2017-06-04,13:20:45,0,0,4
2017-06-04,13:20:46,0,0,4
2017-06-04,13:20:47,0,0,4
2017-06-04,13:20:48,2362,0,4
2017-06-04,13:20:49,2594,0,4
2017-06-04,13:20:50,2318,0,4
2017-06-04,13:20:51,2700,0,5
2017-06-04,13:20:52,1189,0,5
2017-06-04,13:20:53,0,0,5
2017-06-04,13:20:54,1874,0,5
2017-06-04,13:20:55,1761,0,5
2017-06-04,13:20:56,1844,0,5
2017-06-04,13:20:57,0,0,5
2017-06-04,13:20:58,0,0,5
2017-06-04,13:20:59,0,0,5
2017-06-04,13:21:00,0,0,5
2017-06-04,13:21:01,0,0,5
2017-06-04,13:21:02,1669,0,5
2017-06-04,13:21:03,1485,0,5
2017-06-04,13:21:04,0,0,5
2017-06-04,13:21:05,1447,0,5
2017-06-04,13:21:06,2347,0,5
2017-06-04,13:21:07,2060,0,5
2017-06-04,13:21:08,0,0,5
2017-06-04,13:21:09,0,0,5
2017-06-04,13:21:10,0,0,5
2017-06-04,13:21:11,0,0,5
2017-06-04,13:21:12,0,0,5
2017-06-04,13:21:13,0,0,5
2017-06-04,13:21:14,0,0,5
2017-06-04,13:21:15,0,0,5
2017-06-04,13:21:16,0,0,5
2017-06-04,13:21:17,0,0,5
2017-06-04,13:21:18,0,0,5
2017-06-04,13:21:19,0,0,5
2017-06-04,13:21:20,0,0,5
2017-06-04,13:21:21,0,0,5
2017-06-04,13:21:22,0,0,5
2017-06-04,13:21:23,0,0,5
2017-06-04,13:21:24,0,0,5
2017-06-04,13:21:25,0,0,5
2017-06-04,13:21:26,0,0,5
2017-06-04,13:21:27,0,0,5
2017-06-04,13:21:28,0,0,5
2017-06-04,13:21:29,0,0,5
2017-06-04,13:21:30,0,0,5
2017-06-04,13:21:31,0,0,5
2017-06-04,13:21:32,0,0,5
2017-06-04,13:21:33,0,0,5
2017-06-04,13:21:34,0,0,5
2017-06-04,13:21:35,0,0,5
2017-06-04,13:21:36,0,0,5
2017-06-04,13:21:37,0,0,5
2017-06-04,13:21:38,0,0,5
2017-06-04,13:21:39,0,0,5
2017-06-04,13:21:40,0,0,5
2017-06-04,13:21:41,0,0,5
2017-06-04,13:21:42,0,0,5
2017-06-04,13:21:43,0,0,5
2017-06-04,13:21:44,0,0,5
2017-06-04,13:21:45,0,0,5
2017-06-04,13:21:46,0,0,5
2017-06-04,13:21:47,0,0,5
2017-06-04,13:21:48,0,0,5
2017-06-04,13:21:49,0,0,5
2017-06-04,13:21:50,0,0,5
2017-06-04,13:21:51,0,0,5
2017-06-04,13:21:52,0,0,5
2017-06-04,13:21:53,0,0,5
2017-06-04,13:21:54,0,0,5
2017-06-04,13:21:55,0,0,5
2017-06-04,13:21:56,0,0,5
2017-06-04,13:21:57,0,0,5
2017-06-04,13:21:58,0,0,5
2017-06-04,13:21:59,0,0,5
2017-06-04,13:22:00,0,0,5
2017-06-04,13:22:01,0,0,5
2017-06-04,13:22:02,0,0,5
2017-06-04,13:22:03,0,0,5
2017-06-04,13:22:04,0,0,5
2017-06-04,13:22:05,0,0,5
2017-06-04,13:22:06,0,0,5
2017-06-04,13:22:07,0,0,5
2017-06-04,13:22:08,0,0,5
2017-06-04,13:22:09,0,0,5
2017-06-04,13:22:10,0,0,5
2017-06-04,13:22:11,0,0,5
2017-06-04,13:22:12,0,0,5
2017-06-04,13:22:13,0,0,5
2017-06-04,13:22:14,0,0,5
2017-06-04,13:22:15,0,0,5
2017-06-04,13:22:16,0,0,5
2017-06-04,13:22:17,0,0,5
2017-06-04,13:22:18,0,0,5
2017-06-04,13:22:19,0,0,5
2017-06-04,13:22:20,0,0,5
2017-06-04,13:22:21,0,0,5
2017-06-04,13:22:22,0,0,5
2017-06-04,13:22:23,0,0,5
2017-06-04,13:22:24,0,0,5
2017-06-04,13:22:25,0,0,5
2017-06-04,13:22:26,0,0,5
2017-06-04,13:22:27,0,0,5
2017-06-04,13:22:28,0,0,5
2017-06-04,13:22:29,0,0,5
2017-06-04,13:22:30,0,0,5
2017-06-04,13:22:31,0,0,5
2017-06-04,13:22:32,0,0,5
2017-06-04,13:22:33,0,0,5
2017-06-04,13:22:34,0,0,5
2017-06-04,13:22:35,0,0,5
2017-06-04,13:22:36,0,0,5
2017-06-04,13:22:37,0,0,5
2017-06-04,13:22:38,0,0,5
2017-06-04,13:22:39,0,0,5
2017-06-04,13:22:40,0,0,5
2017-06-04,13:22:41,0,0,5
2017-06-04,13:22:42,0,0,5
2017-06-04,13:22:43,0,0,5
2017-06-04,13:22:44,0,0,5
2017-06-04,13:22:45,0,0,5
2017-06-04,13:22:46,0,0,5
2017-06-04,13:22:47,0,0,5
2017-06-04,13:22:48,0,0,5
2017-06-04,13:22:49,0,0,5
2017-06-04,13:22:50,0,0,5
2017-06-04,13:22:51,0,0,5
2017-06-04,13:22:52,0,0,5
2017-06-04,13:22:53,0,0,5
2017-06-04,13:22:54,0,0,5
2017-06-04,13:22:55,0,0,5
2017-06-04,13:22:56,0,0,5
2017-06-04,13:22:57,0,0,5
2017-06-04,13:22:58,0,0,5
2017-06-04,13:22:59,0,0,5
2017-06-04,13:23:00,0,0,5
2017-06-04,13:23:01,0,0,5
2017-06-04,13:23:02,0,0,5
2017-06-04,13:23:03,0,0,5
2017-06-04,13:23:04,0,0,5
2017-06-04,13:23:05,0,0,5
2017-06-04,13:23:06,0,0,5
2017-06-04,13:23:07,0,0,5
2017-06-04,13:23:08,0,0,5
2017-06-04,13:23:09,0,0,5
2017-06-04,13:23:10,0,0,5
2017-06-04,13:23:11,0,0,5
2017-06-04,13:23:12,0,0,5
2017-06-04,13:23:13,0,0,5
2017-06-04,13:23:14,0,0,5
2017-06-04,13:23:15,0,0,5
2017-06-04,13:23:16,0,0,5
2017-06-04,13:23:17,0,0,5
2017-06-04,13:23:18,0,0,5
2017-06-04,13:23:19,0,0,5
2017-06-04,13:23:20,0,0,5
2017-06-04,13:23:21,0,0,5
2017-06-04,13:23:22,0,0,5
2017-06-04,13:23:23,0,0,5
2017-06-04,13:23:24,0,0,5
2017-06-04,13:23:25,0,0,5
2017-06-04,13:23:26,0,0,5
2017-06-04,13:23:27,0,0,5
2017-06-04,13:23:28,0,0,5
2017-06-04,13:23:29,0,0,5
2017-06-04,13:23:30,0,0,5
2017-06-04,13:23:31,0,0,5
2017-06-04,13:23:32,0,0,5
2017-06-04,13:23:33,0,0,5
2017-06-04,13:23:34,0,0,5
2017-06-04,13:23:35,0,0,5
2017-06-04,13:23:36,0,0,5
2017-06-04,13:23:37,0,0,5
2017-06-04,13:23:38,0,0,5
2017-06-04,13:23:39,0,0,5
2017-06-04,13:23:40,0,0,5
2017-06-04,13:23:41,0,0,5
2017-06-04,13:23:42,0,0,5
2017-06-04,13:23:43,0,0,5
2017-06-04,13:23:44,0,0,5
2017-06-04,13:23:45,0,0,5
2017-06-04,13:23:46,0,0,5
2017-06-04,13:23:47,0,0,5
2017-06-04,13:23:48,0,0,5
2017-06-04,13:23:49,0,0,5
2017-06-04,13:23:50,0,0,5
2017-06-04,13:23:51,0,0,5
2017-06-04,13:23:52,0,0,5
2017-06-04,13:23:53,0,0,5
2017-06-04,13:23:54,0,0,5
2017-06-04,13:23:55,0,0,5
2017-06-04,13:23:56,0,0,5
2017-06-04,13:23:57,0,0,5
2017-06-04,13:23:58,0,0,5
2017-06-04,13:23:59,0,0,5
2017-06-04,13:24:00,0,0,5
2017-06-04,13:24:01,0,0,5
2017-06-04,13:24:02,0,0,5
2017-06-04,13:24:03,0,0,6
2017-06-04,13:24:04,0,0,6
2017-06-04,13:24:05,0,0,6
2017-06-04,13:24:06,0,0,6
2017-06-04,13:24:07,0,0,6
2017-06-04,13:24:08,0,0,6
2017-06-04,13:24:09,0,0,6
2017-06-04,13:24:10,0,0,6
2017-06-04,13:24:11,0,0,6
2017-06-04,13:24:12,0,0,6
2017-06-04,13:24:13,0,0,6
2017-06-04,13:24:14,0,0,6
2017-06-04,13:24:15,0,1,1
2017-06-04,13:24:16,1814,1,1
2017-06-04,13:24:17,1606,0,1
2017-06-04,13:24:18,1723,0,1
2017-06-04,13:24:19,2407,0,1
2017-06-04,13:24:20,1702,0,1
2017-06-04,13:24:21,0,0,1
2017-06-04,13:24:22,0,0,1
2017-06-04,13:24:23,0,0,1
2017-06-04,13:24:24,1356,0,1
2017-06-04,13:24:25,1757,0,1
2017-06-04,13:24:26,0,0,1
2017-06-04,13:24:27,1189,0,1
2017-06-04,13:24:28,1703,0,1
2017-06-04,13:24:29,1238,0,1
2017-06-04,13:24:30,1269,0,1
2017-06-04,13:24:31,2651,0,1
2017-06-04,13:24:32,1911,0,1
2017-06-04,13:24:33,1051,0,1
2017-06-04,13:24:34,0,0,1
2017-06-04,13:24:35,0,0,1
2017-06-04,13:24:36,2050,0,1
2017-06-04,13:24:37,2764,0,1
2017-06-04,13:24:38,2479,0,1
2017-06-04,13:24:39,2458,0,1
2017-06-04,13:24:40,2648,0,1
2017-06-04,13:24:41,2264,0,1
2017-06-04,13:24:42,2487,0,1
2017-06-04,13:24:43,2110,0,1
2017-06-04,13:24:44,1295,0,1
2017-06-04,13:24:45,0,0,1
2017-06-04,13:24:46,1093,0,1
2017-06-04,13:24:47,1040,0,1
2017-06-04,13:24:48,1791,0,1
2017-06-04,13:24:49,2095,0,1
2017-06-04,13:24:50,1992,0,1
2017-06-04,13:24:51,0,0,1
2017-06-04,13:24:52,0,0,1
2017-06-04,13:24:53,0,0,1
2017-06-04,13:24:54,0,0,1
2017-06-04,13:24:55,0,0,1
2017-06-04,13:24:56,1566,0,1
2017-06-04,13:24:57,1964,0,1
2017-06-04,13:24:58,0,0,1
2017-06-04,13:24:59,0,0,1
2017-06-04,13:25:00,1073,0,1
2017-06-04,13:25:01,1615,0,1
2017-06-04,13:25:02,1561,0,1
2017-06-04,13:25:03,1328,0,1
2017-06-04,13:25:04,0,0,1
2017-06-04,13:25:05,0,0,1
2017-06-04,13:25:06,1763,0,1
2017-06-04,13:25:07,2004,0,1
2017-06-04,13:25:08,0,0,1
2017-06-04,13:25:09,0,0,1
2017-06-04,13:25:10,0,0,1
2017-06-04,13:25:11,1584,0,1
2017-06-04,13:25:12,1439,0,1
2017-06-04,13:25:13,0,0,1
2017-06-04,13:25:14,0,0,1
2017-06-04,13:25:15,1104,0,1
2017-06-04,13:25:16,1437,0,1
2017-06-04,13:25:17,1266,0,1
2017-06-04,13:25:18,0,0,1
2017-06-04,13:25:19,1044,0,1
2017-06-04,13:25:20,0,0,1
2017-06-04,13:25:21,0,0,1
2017-06-04,13:25:22,2404,0,1
2017-06-04,13:25:23,3997,0,8
2017-06-04,13:25:24,1996,0,8
2017-06-04,13:25:25,0,0,8
2017-06-04,13:25:26,1063,0,8
2017-06-04,13:25:27,1292,0,8
2017-06-04,13:25:28,1064,0,8
2017-06-04,13:25:29,0,0,8
2017-06-04,13:25:30,1595,0,8
2017-06-04,13:25:31,1594,0,8
2017-06-04,13:25:32,1128,0,8
2017-06-04,13:25:33,0,0,8
2017-06-04,13:25:34,0,0,8
2017-06-04,13:25:35,0,0,8
2017-06-04,13:25:36,1300,0,8
2017-06-04,13:25:37,1750,0,8
2017-06-04,13:25:38,1561,0,8
2017-06-04,13:25:39,1758,0,8
2017-06-04,13:25:40,1099,1,6
2017-06-04,13:25:41,1083,0,6
2017-06-04,13:25:42,1054,0,6
2017-06-04,13:25:43,2306,0,6
2017-06-04,13:25:44,3067,0,6
2017-06-04,13:25:45,2170,0,6
2017-06-04,13:25:46,2129,0,6
2017-06-04,13:25:47,1558,0,6
2017-06-04,13:25:48,0,0,6
2017-06-04,13:25:49,2107,0,6
2017-06-04,13:25:50,2100,0,6
2017-06-04,13:25:51,0,0,6
2017-06-04,13:25:52,0,0,6
2017-06-04,13:25:53,1779,0,6
2017-06-04,13:25:54,1438,0,6
2017-06-04,13:25:55,1182,0,6
2017-06-04,13:25:56,1107,0,6
2017-06-04,13:25:57,0,0,6
2017-06-04,13:25:58,0,0,6
2017-06-04,13:25:59,0,0,6
2017-06-04,13:26:00,0,0,6
2017-06-04,13:26:01,0,0,6
2017-06-04,13:26:02,0,0,6
2017-06-04,13:26:03,0,0,6
2017-06-04,13:26:04,1735,0,6
2017-06-04,13:26:05,2969,0,6
2017-06-04,13:26:06,2831,1,1
2017-06-04,13:26:07,0,0,1
2017-06-04,13:26:08,0,0,1
2017-06-04,13:26:09,0,0,1
2017-06-04,13:26:10,1461,0,1
2017-06-04,13:26:11,1505,0,1
2017-06-04,13:26:12,1230,0,1
2017-06-04,13:26:13,1107,0,1
2017-06-04,13:26:14,1440,0,1
2017-06-04,13:26:15,1688,0,1
2017-06-04,13:26:16,1750,0,1
2017-06-04,13:26:17,1692,0,1
2017-06-04,13:26:18,1385,0,1
2017-06-04,13:26:19,1367,0,1
2017-06-04,13:26:20,1416,0,1
2017-06-04,13:26:21,0,0,1
2017-06-04,13:26:22,1167,0,1
2017-06-04,13:26:23,0,0,1
2017-06-04,13:26:24,0,0,1
2017-06-04,13:26:25,0,0,1
2017-06-04,13:26:26,0,0,1
2017-06-04,13:26:27,0,0,1
2017-06-04,13:26:28,0,0,1
2017-06-04,13:26:29,0,0,1
2017-06-04,13:26:30,0,0,1
2017-06-04,13:26:31,0,0,1
2017-06-04,13:26:32,0,0,1
2017-06-04,13:26:33,0,0,1
2017-06-04,13:26:34,0,0,1
2017-06-04,13:26:35,0,0,1
2017-06-04,13:26:36,0,0,1
2017-06-04,13:26:37,0,0,1
2017-06-04,13:26:38,0,0,1
2017-06-04,13:26:39,0,0,1
2017-06-04,13:26:40,0,0,1
2017-06-04,13:26:41,0,0,1
2017-06-04,13:26:42,0,0,1
2017-06-04,13:26:43,0,0,1
2017-06-04,13:26:44,0,0,1
2017-06-04,13:26:45,0,0,1
2017-06-04,13:26:46,0,0,1
2017-06-04,13:26:47,0,0,1
2017-06-04,13:26:48,0,0,1
2017-06-04,13:26:49,0,0,1
2017-06-04,13:26:50,0,0,1
2017-06-04,13:26:51,0,0,1
2017-06-04,13:26:52,0,0,1
2017-06-04,13:26:53,0,0,1
2017-06-04,13:26:54,0,0,1
2017-06-04,13:26:55,0,0,1
2017-06-04,13:26:56,0,0,1
2017-06-04,13:26:57,0,0,1
2017-06-04,13:26:58,0,0,1
2017-06-04,13:26:59,0,0,1
2017-06-04,13:27:00,0,0,1
2017-06-04,13:27:01,0,0,1
2017-06-04,13:27:02,0,0,1
2017-06-04,13:27:03,0,0,1
2017-06-04,13:27:04,0,0,1
2017-06-04,13:27:05,0,0,1
2017-06-04,13:27:06,0,0,1
2017-06-04,13:27:07,0,0,1
2017-06-04,13:27:08,0,0,1
2017-06-04,13:27:09,0,0,1
2017-06-04,13:27:10,0,0,1
2017-06-04,13:27:11,0,0,1
2017-06-04,13:27:12,0,0,1
2017-06-04,13:27:13,0,0,1
2017-06-04,13:27:14,0,0,1
2017-06-04,13:27:15,0,0,1
2017-06-04,13:27:16,0,0,1
2017-06-04,13:27:17,0,0,1
2017-06-04,13:27:18,0,0,1
2017-06-04,13:27:19,0,0,1
2017-06-04,13:27:20,0,0,1
2017-06-04,13:27:21,0,0,1
2017-06-04,13:27:22,0,0,1
2017-06-04,13:27:23,0,0,1
2017-06-04,13:27:24,0,0,1
2017-06-04,13:27:25,0,0,1
2017-06-04,13:27:26,0,0,1
2017-06-04,13:27:27,0,0,1
2017-06-04,13:27:28,0,0,1
2017-06-04,13:27:29,0,0,1
2017-06-04,13:27:30,0,0,1
2017-06-04,13:27:31,0,0,1
2017-06-04,13:27:32,0,0,1
2017-06-04,13:27:33,0,0,1
2017-06-04,13:27:34,0,0,1
2017-06-04,13:27:35,0,0,1
2017-06-04,13:27:36,0,0,1
2017-06-04,13:27:37,0,0,1
2017-06-04,13:27:38,1016,0,1
2017-06-04,13:27:39,0,0,1
2017-06-04,13:27:40,0,0,1
2017-06-04,13:27:41,0,0,1
2017-06-04,13:27:42,0,0,1
2017-06-04,13:27:43,0,0,1
2017-06-04,13:27:44,0,0,1
2017-06-04,13:27:45,0,0,1
2017-06-04,13:27:46,0,0,1
2017-06-04,13:27:47,0,0,1
2017-06-04,13:27:48,0,0,1
2017-06-04,13:27:49,0,0,1
2017-06-04,13:27:50,0,0,1
2017-06-04,13:27:51,0,0,1
2017-06-04,13:27:52,0,0,1
2017-06-04,13:27:53,0,0,1
2017-06-04,13:27:54,0,0,1
2017-06-04,13:27:55,0,0,1
2017-06-04,13:27:56,0,0,1
2017-06-04,13:27:57,0,0,1
2017-06-04,13:27:58,0,0,1
2017-06-04,13:27:59,0,0,1
2017-06-04,13:28:00,0,0,1
2017-06-04,13:28:01,0,0,1
2017-06-04,13:28:02,0,0,1
2017-06-04,13:28:03,0,0,1
2017-06-04,13:28:04,0,0,1
2017-06-04,13:28:05,0,0,1
2017-06-04,13:28:06,0,0,1
2017-06-04,13:28:07,0,0,1
2017-06-04,13:28:08,0,0,1
2017-06-04,13:28:09,0,0,1
2017-06-04,13:28:10,0,0,1
2017-06-04,13:28:11,0,0,1
2017-06-04,13:28:12,0,0,1
2017-06-04,13:28:13,0,0,1
2017-06-04,13:28:14,0,0,1
2017-06-04,13:28:15,0,0,1
2017-06-04,13:28:16,0,0,1
2017-06-04,13:28:17,0,0,1
2017-06-04,13:28:18,0,0,1
2017-06-04,13:28:19,0,0,1
2017-06-04,13:28:20,0,0,1
2017-06-04,13:28:21,0,0,1
2017-06-04,13:28:22,0,0,1
2017-06-04,13:28:23,0,0,1
2017-06-04,13:28:24,0,0,1
2017-06-04,13:28:25,0,0,1
2017-06-04,13:28:26,0,0,1
2017-06-04,13:28:27,0,0,1
2017-06-04,13:28:28,0,0,1
2017-06-04,13:28:29,0,0,1
2017-06-04,13:28:30,0,0,1
2017-06-04,13:28:31,0,0,1
2017-06-04,13:28:32,0,0,1
2017-06-04,13:28:33,0,0,1
2017-06-04,13:28:34,0,0,1
2017-06-04,13:28:35,0,0,1
2017-06-04,13:28:36,0,0,1
2017-06-04,13:28:37,0,0,1
2017-06-04,13:28:38,0,0,1
2017-06-04,13:28:39,0,0,1
2017-06-04,13:28:40,0,0,1
2017-06-04,13:28:41,0,0,1
2017-06-04,13:28:42,0,0,1
2017-06-04,13:28:43,0,0,1
2017-06-04,13:28:44,0,0,1
2017-06-04,13:28:45,0,0,1
2017-06-04,13:28:46,0,0,1
2017-06-04,13:28:47,0,0,1
2017-06-04,13:28:48,0,0,1
2017-06-04,13:28:49,0,0,1
2017-06-04,13:28:50,0,0,1
2017-06-04,13:28:51,0,0,1
2017-06-04,13:28:52,0,0,1
2017-06-04,13:28:53,0,0,1
2017-06-04,13:28:54,0,0,1
2017-06-04,13:28:55,0,0,1
2017-06-04,13:28:56,0,0,1
2017-06-04,13:28:57,0,0,1
2017-06-04,13:28:58,0,0,1
2017-06-04,13:28:59,0,0,1
2017-06-04,13:29:00,0,0,1
2017-06-04,13:29:01,0,0,1
2017-06-04,13:29:02,0,0,1
2017-06-04,13:29:03,0,0,1
2017-06-04,13:29:04,0,0,1
2017-06-04,13:29:05,0,0,1
2017-06-04,13:29:06,0,0,1
2017-06-04,13:29:07,0,0,1
2017-06-04,13:29:08,0,0,1
2017-06-04,13:29:09,0,0,1
2017-06-04,13:29:10,0,0,1
2017-06-04,13:29:11,0,0,1
2017-06-04,13:29:12,0,0,1
2017-06-04,13:29:13,0,0,1
2017-06-04,13:29:14,0,0,1
2017-06-04,13:29:15,0,0,1
2017-06-04,13:29:16,0,0,1
2017-06-04,13:29:17,0,0,1
2017-06-04,13:29:18,0,0,1
2017-06-04,13:29:19,0,0,1
2017-06-04,13:29:20,0,0,1
2017-06-04,13:29:21,0,0,1
2017-06-04,13:29:22,0,0,1
2017-06-04,13:29:23,0,0,1
2017-06-04,13:29:24,0,0,1
2017-06-04,13:29:25,0,0,1
2017-06-04,13:29:26,0,0,1
2017-06-04,13:29:27,0,0,1
2017-06-04,13:29:28,0,0,1
2017-06-04,13:29:29,0,0,1
2017-06-04,13:29:30,0,0,1
2017-06-04,13:29:31,0,0,1
2017-06-04,13:29:32,0,0,1
2017-06-04,13:29:33,0,0,1
2017-06-04,13:29:34,0,0,1
2017-06-04,13:29:35,0,0,1
2017-06-04,13:29:36,0,0,1
2017-06-04,13:29:37,0,0,1
2017-06-04,13:29:38,0,0,1
2017-06-04,13:29:39,0,0,1
2017-06-04,13:29:40,0,0,1
2017-06-04,13:29:41,0,0,1
2017-06-04,13:29:42,0,0,1
2017-06-04,13:29:43,0,0,1
2017-06-04,13:29:44,0,0,1
2017-06-04,13:29:45,0,0,1
2017-06-04,13:29:46,0,0,1
2017-06-04,13:29:47,0,0,1
2017-06-04,13:29:48,0,0,1
2017-06-04,13:29:49,0,0,1
2017-06-04,13:29:50,0,0,1
2017-06-04,13:29:51,0,0,1
2017-06-04,13:29:52,0,0,1
2017-06-04,13:29:53,0,0,1
2017-06-04,13:29:54,0,0,1
2017-06-04,13:29:55,0,0,1
2017-06-04,13:29:56,0,0,1
2017-06-04,13:29:57,0,0,1
2017-06-04,13:29:58,0,0,1
2017-06-04,13:29:59,0,0,1
2017-06-04,13:30:00,0,0,1
2017-06-04,13:30:01,0,0,1
2017-06-04,13:30:02,0,0,1
2017-06-04,13:30:03,0,0,1
2017-06-04,13:30:04,0,0,1
2017-06-04,13:30:05,0,0,1
2017-06-04,13:30:06,0,0,1
2017-06-04,13:30:07,0,0,1
2017-06-04,13:30:08,0,0,1
2017-06-04,13:30:09,0,0,1
2017-06-04,13:30:10,0,0,1
2017-06-04,13:30:11,0,0,1
2017-06-04,13:30:12,0,0,1
2017-06-04,13:30:13,0,0,1
2017-06-04,13:30:14,0,0,1
2017-06-04,13:30:15,0,0,1
2017-06-04,13:30:16,0,0,1
2017-06-04,13:30:17,0,0,1
2017-06-04,13:30:18,0,0,1
2017-06-04,13:30:19,0,0,1
2017-06-04,13:30:20,0,0,1
2017-06-04,13:30:21,0,0,1
2017-06-04,13:30:22,0,0,1
2017-06-04,13:30:23,0,0,1
2017-06-04,13:30:24,0,0,1
2017-06-04,13:30:25,0,0,1
2017-06-04,13:30:26,0,0,1
2017-06-04,13:30:27,0,0,1
2017-06-04,13:30:28,0,0,1
2017-06-04,13:30:29,0,0,1
2017-06-04,13:30:30,0,0,1
2017-06-04,13:30:31,0,0,1
2017-06-04,13:30:32,0,0,1
2017-06-04,13:30:33,0,0,1
2017-06-04,13:30:34,0,0,1
2017-06-04,13:30:35,0,0,1
2017-06-04,13:30:36,0,0,1
2017-06-04,13:30:37,0,0,1
2017-06-04,13:30:38,0,0,1
2017-06-04,13:30:39,0,0,1
2017-06-04,13:30:40,0,0,1
2017-06-04,13:30:41,0,0,1
2017-06-04,13:30:42,0,0,1
2017-06-04,13:30:43,0,0,1
2017-06-04,13:30:44,0,0,1
2017-06-04,13:30:45,0,0,1
2017-06-04,13:30:46,0,0,1
2017-06-04,13:30:47,0,0,1
2017-06-04,13:30:48,0,0,1
2017-06-04,13:30:49,0,0,1
2017-06-04,13:30:50,0,0,1
2017-06-04,13:30:51,0,0,1
2017-06-04,13:30:52,0,0,1
2017-06-04,13:30:53,0,0,1
2017-06-04,13:30:54,0,0,1
2017-06-04,13:30:55,0,0,1
2017-06-04,13:30:56,0,0,1
2017-06-04,13:30:57,0,0,1
2017-06-04,13:30:58,0,0,1
2017-06-04,13:30:59,0,0,1
2017-06-04,13:31:00,0,0,1
2017-06-04,13:31:01,0,0,1
2017-06-04,13:31:02,0,0,1
2017-06-04,13:31:03,0,0,1
2017-06-04,13:31:04,0,0,1
2017-06-04,13:31:05,0,0,1
2017-06-04,13:31:06,0,0,1
2017-06-04,13:31:07,0,0,1
2017-06-04,13:31:08,0,0,1
2017-06-04,13:31:09,0,0,1
2017-06-04,13:31:10,0,0,1
2017-06-04,13:31:11,0,0,1
2017-06-04,13:31:12,0,0,1
2017-06-04,13:31:13,0,0,1
2017-06-04,13:31:14,0,0,1
2017-06-04,13:31:15,0,0,1
2017-06-04,13:31:16,0,0,1
2017-06-04,13:31:17,0,0,1
2017-06-04,13:31:18,0,0,1
2017-06-04,13:31:19,0,0,1
2017-06-04,13:31:20,0,0,1
2017-06-04,13:31:21,0,0,1
2017-06-04,13:31:22,0,0,1
2017-06-04,13:31:23,0,0,1
2017-06-04,13:31:24,0,0,1
2017-06-04,13:31:25,0,0,1
2017-06-04,13:31:26,0,0,1
2017-06-04,13:31:27,0,0,1
2017-06-04,13:31:28,0,0,1
2017-06-04,13:31:29,0,0,1
2017-06-04,13:31:30,0,0,1
2017-06-04,13:31:31,0,0,1
2017-06-04,13:31:32,0,0,1
2017-06-04,13:31:33,0,0,1
2017-06-04,13:31:34,0,0,1
2017-06-04,13:31:35,0,0,1
2017-06-04,13:31:36,0,0,1
2017-06-04,13:31:37,0,0,1
2017-06-04,13:31:38,0,0,1
2017-06-04,13:31:39,0,0,1
2017-06-04,13:31:40,0,0,1
2017-06-04,13:31:41,0,0,1
2017-06-04,13:31:42,0,0,1
2017-06-04,13:31:43,0,0,1
2017-06-04,13:31:44,0,0,1
2017-06-04,13:31:45,0,0,1
2017-06-04,13:31:46,0,0,1
2017-06-04,13:31:47,0,0,1
2017-06-04,13:31:48,0,0,1
2017-06-04,13:31:49,0,0,1
2017-06-04,13:31:50,0,0,1
2017-06-04,13:31:51,0,0,1
2017-06-04,13:31:52,0,0,1
2017-06-04,13:31:53,0,0,1
2017-06-04,13:31:54,0,0,1
2017-06-04,13:31:55,0,0,1
2017-06-04,13:31:56,0,0,1
2017-06-04,13:31:57,0,0,1
2017-06-04,13:31:58,0,0,1
2017-06-04,13:31:59,0,0,1
2017-06-04,13:32:00,0,0,1
2017-06-04,13:32:01,0,0,1
2017-06-04,13:32:02,0,0,1
2017-06-04,13:32:03,0,0,1
2017-06-04,13:32:04,0,0,1
2017-06-04,13:32:05,0,0,1
2017-06-04,13:32:06,0,0,2
2017-06-04,13:32:07,0,0,2
2017-06-04,13:32:08,0,0,2
2017-06-04,13:32:09,0,0,2
2017-06-04,13:32:10,0,0,2
2017-06-04,13:32:11,0,0,2
2017-06-04,13:32:12,0,0,2
2017-06-04,13:32:13,0,0,2
2017-06-04,13:32:14,0,0,2
2017-06-04,13:32:15,0,0,2
2017-06-04,13:32:16,0,0,2
2017-06-04,13:32:17,0,0,2
2017-06-04,13:32:18,0,0,2
2017-06-04,13:32:19,0,0,2
2017-06-04,13:32:20,0,0,2
2017-06-04,13:32:21,0,0,2
2017-06-04,13:32:22,0,0,2
2017-06-04,13:32:23,0,0,2
2017-06-04,13:32:24,0,0,2
2017-06-04,13:32:25,0,0,2
2017-06-04,13:32:26,0,0,2
2017-06-04,13:32:27,0,0,2
2017-06-04,13:32:28,0,0,2
2017-06-04,13:32:29,0,0,2
2017-06-04,13:32:30,0,0,2
2017-06-04,13:32:31,0,0,2
2017-06-04,13:32:32,0,0,2
2017-06-04,13:32:33,0,0,2
2017-06-04,13:32:34,0,0,2
2017-06-04,13:32:35,0,0,2
2017-06-04,13:32:36,0,0,2
2017-06-04,13:32:37,0,0,2
2017-06-04,13:32:38,0,0,2
2017-06-04,13:32:39,0,0,2
2017-06-04,13:32:40,0,0,2
2017-06-04,13:32:41,0,0,2
2017-06-04,13:32:42,0,0,2
2017-06-04,13:32:43,0,0,2
2017-06-04,13:32:44,0,0,2
2017-06-04,13:32:45,0,0,2
2017-06-04,13:32:46,0,0,2
2017-06-04,13:32:47,0,0,2
2017-06-04,13:32:48,0,0,2
2017-06-04,13:32:49,0,0,2
2017-06-04,13:32:50,0,0,2
2017-06-04,13:32:51,0,0,2
2017-06-04,13:32:52,0,0,2
2017-06-04,13:32:53,0,0,2
2017-06-04,13:32:54,0,0,2
2017-06-04,13:32:55,0,0,2
2017-06-04,13:32:56,0,0,2
2017-06-04,13:32:57,0,0,2
2017-06-04,13:32:58,0,0,2
2017-06-04,13:32:59,0,0,2
2017-06-04,13:33:00,0,0,2
2017-06-04,13:33:01,0,0,2
2017-06-04,13:33:02,0,0,2
2017-06-04,13:33:03,0,0,2
2017-06-04,13:33:04,0,0,2
2017-06-04,13:33:05,0,0,2
2017-06-04,13:33:06,0,0,3
2017-06-04,13:33:07,0,0,3
2017-06-04,13:33:08,0,0,3
2017-06-04,13:33:09,0,0,3
2017-06-04,13:33:10,0,0,3
2017-06-04,13:33:11,0,0,3
2017-06-04,13:33:12,0,0,3
2017-06-04,13:33:13,0,0,3
2017-06-04,13:33:14,0,0,3
2017-06-04,13:33:15,0,0,3
2017-06-04,13:33:16,0,0,3
2017-06-04,13:33:17,0,0,3
2017-06-04,13:33:18,0,0,3
2017-06-04,13:33:19,0,0,3
2017-06-04,13:33:20,0,0,3
2017-06-04,13:33:21,0,0,3
2017-06-04,13:33:22,0,0,3
2017-06-04,13:33:23,0,0,3
2017-06-04,13:33:24,0,0,3
2017-06-04,13:33:25,0,0,3
2017-06-04,13:33:26,0,0,3
2017-06-04,13:33:27,0,0,3
2017-06-04,13:33:28,0,0,3
2017-06-04,13:33:29,0,0,3
2017-06-04,13:33:30,0,0,3
2017-06-04,13:33:31,0,0,3
2017-06-04,13:33:32,0,0,3
2017-06-04,13:33:33,0,0,3
2017-06-04,13:33:34,0,0,3
2017-06-04,13:33:35,0,0,3
2017-06-04,13:33:36,0,0,3
2017-06-04,13:33:37,0,0,3
2017-06-04,13:33:38,0,0,3
2017-06-04,13:33:39,0,0,3
2017-06-04,13:33:40,0,0,3
2017-06-04,13:33:41,0,0,3
2017-06-04,13:33:42,0,0,3
2017-06-04,13:33:43,0,0,3
2017-06-04,13:33:44,0,0,3
2017-06-04,13:33:45,0,0,3
2017-06-04,13:33:46,0,0,3
2017-06-04,13:33:47,0,0,3
2017-06-04,13:33:48,0,0,3
2017-06-04,13:33:49,0,0,3
2017-06-04,13:33:50,0,0,3
2017-06-04,13:33:51,0,0,3
2017-06-04,13:33:52,0,0,3
2017-06-04,13:33:53,0,0,3
2017-06-04,13:33:54,0,0,3
2017-06-04,13:33:55,0,0,3
2017-06-04,13:33:56,0,0,3
2017-06-04,13:33:57,0,0,3
2017-06-04,13:33:58,0,0,3
2017-06-04,13:33:59,0,0,3
2017-06-04,13:34:00,0,0,3
2017-06-04,13:34:01,0,0,3
2017-06-04,13:34:02,0,0,3
2017-06-04,13:34:03,0,0,3
2017-06-04,13:34:04,0,0,3
2017-06-04,13:34:05,0,0,3
2017-06-04,13:34:06,0,0,4
2017-06-04,13:34:07,0,0,4
2017-06-04,13:34:08,0,0,4
2017-06-04,13:34:09,0,0,4
2017-06-04,13:34:10,0,0,4
2017-06-04,13:34:11,0,0,4
2017-06-04,13:34:12,0,0,4
2017-06-04,13:34:13,0,0,4
2017-06-04,13:34:14,0,0,4
2017-06-04,13:34:15,0,0,4
2017-06-04,13:34:16,0,0,4
2017-06-04,13:34:17,0,0,4
2017-06-04,13:34:18,0,0,4
2017-06-04,13:34:19,0,0,4
2017-06-04,13:34:20,0,0,4
2017-06-04,13:34:21,0,0,4
2017-06-04,13:34:22,0,0,4
2017-06-04,13:34:23,0,0,4
2017-06-04,13:34:24,0,0,4
2017-06-04,13:34:25,0,0,4
2017-06-04,13:34:26,0,0,4
2017-06-04,13:34:27,0,0,4
2017-06-04,13:34:28,0,0,4
2017-06-04,13:34:29,0,0,4
2017-06-04,13:34:30,0,0,4
2017-06-04,13:34:31,0,0,4
2017-06-04,13:34:32,0,0,4
2017-06-04,13:34:33,0,0,4
2017-06-04,13:34:34,0,0,4
2017-06-04,13:34:35,0,0,4
2017-06-04,13:34:36,0,0,4
2017-06-04,13:34:37,0,0,4
2017-06-04,13:34:38,0,0,4
2017-06-04,13:34:39,0,0,4
2017-06-04,13:34:40,0,0,4
2017-06-04,13:34:41,0,0,4
2017-06-04,13:34:42,0,0,4
2017-06-04,13:34:43,0,0,4
2017-06-04,13:34:44,0,0,4
2017-06-04,13:34:45,0,0,4
2017-06-04,13:34:46,0,0,4
2017-06-04,13:34:47,0,0,4
2017-06-04,13:34:48,0,0,4
2017-06-04,13:34:49,0,0,4
2017-06-04,13:34:50,0,0,4
2017-06-04,13:34:51,0,0,4
2017-06-04,13:34:52,0,0,4
2017-06-04,13:34:53,0,0,4
2017-06-04,13:34:54,0,0,4
2017-06-04,13:34:55,0,0,4
2017-06-04,13:34:56,0,0,4
2017-06-04,13:34:57,0,0,4
2017-06-04,13:34:58,0,0,4
2017-06-04,13:34:59,0,0,4
2017-06-04,13:35:00,0,0,4
2017-06-04,13:35:01,0,0,4
2017-06-04,13:35:02,0,0,4
2017-06-04,13:35:03,0,0,4
2017-06-04,13:35:04,0,0,4
2017-06-04,13:35:05,0,0,4
2017-06-04,13:35:06,0,0,5
2017-06-04,13:35:07,0,0,5
2017-06-04,13:35:08,0,0,5
2017-06-04,13:35:09,0,0,5
2017-06-04,13:35:10,0,0,5
2017-06-04,13:35:11,0,0,5
2017-06-04,13:35:12,0,0,5
2017-06-04,13:35:13,0,0,5
2017-06-04,13:35:14,0,0,5
2017-06-04,13:35:15,0,0,5
2017-06-04,13:35:16,0,0,5
2017-06-04,13:35:17,0,0,5
2017-06-04,13:35:18,0,0,5
2017-06-04,13:35:19,0,0,5
2017-06-04,13:35:20,0,0,5
2017-06-04,13:35:21,0,0,5
2017-06-04,13:35:22,0,0,5
2017-06-04,13:35:23,0,0,5
2017-06-04,13:35:24,0,0,5
2017-06-04,13:35:25,0,0,5
2017-06-04,13:35:26,0,0,5
2017-06-04,13:35:27,0,0,5
2017-06-04,13:35:28,0,0,5
2017-06-04,13:35:29,0,0,5
2017-06-04,13:35:30,0,0,5
2017-06-04,13:35:31,0,0,5
2017-06-04,13:35:32,0,0,5
2017-06-04,13:35:33,0,0,5
2017-06-04,13:35:34,0,0,5
2017-06-04,13:35:35,0,0,5
2017-06-04,13:35:36,0,0,5
2017-06-04,13:35:37,0,0,5
2017-06-04,13:35:38,0,0,5
2017-06-04,13:35:39,0,0,5
2017-06-04,13:35:40,0,0,5
2017-06-04,13:35:41,0,0,5
2017-06-04,13:35:42,0,0,5
2017-06-04,13:35:43,0,0,5
2017-06-04,13:35:44,0,0,5
2017-06-04,13:35:45,0,0,5
2017-06-04,13:35:46,0,0,5
2017-06-04,13:35:47,0,0,5
2017-06-04,13:35:48,0,0,5
2017-06-04,13:35:49,0,0,5
2017-06-04,13:35:50,0,0,5
2017-06-04,13:35:51,0,0,5
2017-06-04,13:35:52,0,0,5
2017-06-04,13:35:53,0,0,5
2017-06-04,13:35:54,0,0,5
2017-06-04,13:35:55,0,0,5
2017-06-04,13:35:56,0,0,5
2017-06-04,13:35:57,0,0,5
2017-06-04,13:35:58,0,0,5
2017-06-04,13:35:59,0,0,5
2017-06-04,13:36:00,0,0,5
2017-06-04,13:36:01,0,0,5
2017-06-04,13:36:02,0,0,5
2017-06-04,13:36:03,0,0,5
2017-06-04,13:36:04,0,0,5
2017-06-04,13:36:05,0,0,5
2017-06-04,13:36:06,0,0,6
2017-06-04,13:36:07,0,0,6
2017-06-04,13:36:08,0,0,6
2017-06-04,13:36:09,0,0,6
2017-06-04,13:36:10,0,0,6
2017-06-04,13:36:11,0,0,6
2017-06-04,13:36:12,0,0,6
2017-06-04,13:36:13,0,0,6
2017-06-04,13:36:14,0,0,6
2017-06-04,13:36:15,0,0,6
2017-06-04,13:36:16,0,0,6
2017-06-04,13:36:17,0,0,6
2017-06-04,13:36:18,0,0,6
2017-06-04,13:36:19,0,0,6
2017-06-04,13:36:20,0,0,6
2017-06-04,13:36:21,0,0,6
2017-06-04,13:36:22,0,0,6
2017-06-04,13:36:23,0,0,6
2017-06-04,13:36:24,0,0,6
2017-06-04,13:36:25,0,0,6
2017-06-04,13:36:26,0,0,6
2017-06-04,13:36:27,0,0,6
2017-06-04,13:36:28,0,0,6
2017-06-04,13:36:29,0,0,6
2017-06-04,13:36:30,0,0,6
2017-06-04,13:36:31,0,0,6
2017-06-04,13:36:32,0,0,6
2017-06-04,13:36:33,0,0,6
2017-06-04,13:36:34,0,0,6
2017-06-04,13:36:35,0,0,6
2017-06-04,13:36:36,0,0,6
2017-06-04,13:36:37,0,0,6
2017-06-04,13:36:38,0,0,6
2017-06-04,13:36:39,0,0,6
2017-06-04,13:36:40,0,0,6
2017-06-04,13:36:41,0,0,6
2017-06-04,13:36:42,0,0,6
2017-06-04,13:36:43,0,0,6
2017-06-04,13:36:44,0,0,6
2017-06-04,13:36:45,0,0,6
2017-06-04,13:36:46,0,0,6
2017-06-04,13:36:47,0,0,6
2017-06-04,13:36:48,0,0,6
2017-06-04,13:36:49,0,0,6
2017-06-04,13:36:50,0,0,6
2017-06-04,13:36:51,0,0,6
2017-06-04,13:36:52,0,0,6
2017-06-04,13:36:53,0,0,6
2017-06-04,13:36:54,0,0,6
2017-06-04,13:36:55,0,0,6
2017-06-04,13:36:56,0,0,6
2017-06-04,13:36:57,0,0,6
2017-06-04,13:36:58,0,0,6
2017-06-04,13:36:59,0,0,6
2017-06-04,13:37:00,0,0,6
2017-06-04,13:37:01,0,0,6
2017-06-04,13:37:02,0,0,6
2017-06-04,13:37:03,0,0,6
2017-06-04,13:37:04,0,0,6
2017-06-04,13:37:05,0,0,6
2017-06-04,13:37:06,0,0,7
2017-06-04,13:37:07,0,0,7
2017-06-04,13:37:08,0,0,7
2017-06-04,13:37:09,0,0,7
2017-06-04,13:37:10,0,0,7
2017-06-04,13:37:11,0,0,7
2017-06-04,13:37:12,0,0,7
2017-06-04,13:37:13,0,0,7
2017-06-04,13:37:14,0,0,7
2017-06-04,13:37:15,0,0,7
2017-06-04,13:37:16,0,0,7
2017-06-04,13:37:17,0,0,7
2017-06-04,13:37:18,0,0,7
2017-06-04,13:37:19,0,0,7
2017-06-04,13:37:20,0,0,7
2017-06-04,13:37:21,0,0,7
2017-06-04,13:37:22,0,0,7
2017-06-04,13:37:23,0,0,7
2017-06-04,13:37:24,0,0,7
2017-06-04,13:37:25,0,0,7
2017-06-04,13:37:26,0,0,7
2017-06-04,13:37:27,0,0,7
2017-06-04,13:37:28,0,0,7
2017-06-04,13:37:29,0,0,7
2017-06-04,13:37:30,0,0,7
2017-06-04,13:37:31,0,0,7
2017-06-04,13:37:32,0,0,7
2017-06-04,13:37:33,0,0,7
2017-06-04,13:37:34,0,0,7
2017-06-04,13:37:35,0,0,7
2017-06-04,13:37:36,0,0,7
2017-06-04,13:37:37,0,0,7
2017-06-04,13:37:38,0,0,7
2017-06-04,13:37:39,0,0,7
2017-06-04,13:37:40,0,0,7
2017-06-04,13:37:41,0,0,7
2017-06-04,13:37:42,0,0,7
2017-06-04,13:37:43,0,0,7
2017-06-04,13:37:44,0,0,7
2017-06-04,13:37:45,0,0,7
2017-06-04,13:37:46,0,0,7
2017-06-04,13:37:47,0,0,7
2017-06-04,13:37:48,0,0,7
2017-06-04,13:37:49,0,0,7
2017-06-04,13:37:50,1360,0,7
2017-06-04,13:37:51,1584,1,3
2017-06-04,13:37:52,0,0,3
2017-06-04,13:37:53,0,0,3
2017-06-04,13:37:54,1414,0,3
2017-06-04,13:37:55,1322,0,3
2017-06-04,13:37:56,1167,0,3
2017-06-04,13:37:57,1185,0,3
2017-06-04,13:37:58,1004,0,3
2017-06-04,13:37:59,2423,0,3
2017-06-04,13:38:00,2201,0,3
2017-06-04,13:38:01,0,0,3
2017-06-04,13:38:02,1041,0,3
2017-06-04,13:38:03,0,0,3
2017-06-04,13:38:04,0,0,3
2017-06-04,13:38:05,0,0,3
2017-06-04,13:38:06,0,0,3
2017-06-04,13:38:07,1896,0,3
2017-06-04,13:38:08,1861,0,3
2017-06-04,13:38:09,0,0,3
2017-06-04,13:38:10,0,0,3
2017-06-04,13:38:11,1321,0,3
2017-06-04,13:38:12,1671,1,1
2017-06-04,13:38:13,1146,0,1
2017-06-04,13:38:14,1185,0,1
2017-06-04,13:38:15,0,0,1
2017-06-04,13:38:16,0,0,1
2017-06-04,13:38:17,0,0,1
2017-06-04,13:38:18,0,0,1
2017-06-04,13:38:19,0,0,1
2017-06-04,13:38:20,0,0,1
2017-06-04,13:38:21,0,0,1
2017-06-04,13:38:22,0,0,1
2017-06-04,13:38:23,0,0,1
2017-06-04,13:38:24,0,0,1
2017-06-04,13:38:25,0,0,1
2017-06-04,13:38:26,0,0,1
2017-06-04,13:38:27,0,0,1
2017-06-04,13:38:28,0,0,1
2017-06-04,13:38:29,0,0,1
2017-06-04,13:38:30,0,0,1
2017-06-04,13:38:31,0,0,1
2017-06-04,13:38:32,0,0,1
2017-06-04,13:38:33,0,0,1
2017-06-04,13:38:34,0,0,1
2017-06-04,13:38:35,0,0,1
2017-06-04,13:38:36,0,0,1
2017-06-04,13:38:37,0,0,1
2017-06-04,13:38:38,0,0,1
2017-06-04,13:38:39,0,0,1
2017-06-04,13:38:40,0,0,1
2017-06-04,13:38:41,0,0,1
2017-06-04,13:38:42,0,0,1
2017-06-04,13:38:43,0,0,1
2017-06-04,13:38:44,0,0,1
2017-06-04,13:38:45,0,0,1
2017-06-04,13:38:46,0,0,1
2017-06-04,13:38:47,0,0,1
2017-06-04,13:38:48,0,0,1
2017-06-04,13:38:49,0,0,1
2017-06-04,13:38:50,0,0,1
2017-06-04,13:38:51,0,0,1
2017-06-04,13:38:52,0,0,1
2017-06-04,13:38:53,0,0,1
2017-06-04,13:38:54,0,0,1
2017-06-04,13:38:55,0,0,1
2017-06-04,13:38:56,0,0,1
2017-06-04,13:38:57,0,0,1
2017-06-04,13:38:58,0,0,1
2017-06-04,13:38:59,0,0,1
2017-06-04,13:39:00,0,0,1
2017-06-04,13:39:01,0,0,1
2017-06-04,13:39:02,0,0,1
2017-06-04,13:39:03,0,0,1
2017-06-04,13:39:04,0,0,1
2017-06-04,13:39:05,0,0,1
2017-06-04,13:39:06,0,0,1
2017-06-04,13:39:07,0,0,1
2017-06-04,13:39:08,0,0,1
2017-06-04,13:39:09,0,0,1
2017-06-04,13:39:10,0,0,1
2017-06-04,13:39:11,0,0,1
2017-06-04,13:39:12,0,0,1
2017-06-04,13:39:13,0,0,1
2017-06-04,13:39:14,0,0,1
2017-06-04,13:39:15,0,0,1
2017-06-04,13:39:16,0,0,1
2017-06-04,13:39:17,0,0,1
2017-06-04,13:39:18,0,0,1
2017-06-04,13:39:19,0,0,1
2017-06-04,13:39:20,0,0,1
2017-06-04,13:39:21,0,0,1
2017-06-04,13:39:22,0,0,1
2017-06-04,13:39:23,0,0,1
2017-06-04,13:39:24,0,0,1
2017-06-04,13:39:25,0,0,1
2017-06-04,13:39:26,0,0,1
2017-06-04,13:39:27,0,0,1
2017-06-04,13:39:28,0,0,1
2017-06-04,13:39:29,0,0,1
2017-06-04,13:39:30,0,0,1
2017-06-04,13:39:31,0,0,1
2017-06-04,13:39:32,0,0,1
2017-06-04,13:39:33,0,0,1
2017-06-04,13:39:34,0,0,1
2017-06-04,13:39:35,0,0,1
2017-06-04,13:39:36,0,0,1
2017-06-04,13:39:37,0,0,1
2017-06-04,13:39:38,0,0,1
2017-06-04,13:39:39,0,0,1
2017-06-04,13:39:40,0,0,1
2017-06-04,13:39:41,0,0,1
2017-06-04,13:39:42,0,0,1
2017-06-04,13:39:43,0,0,1
2017-06-04,13:39:44,0,0,1
2017-06-04,13:39:45,0,0,1
2017-06-04,13:39:46,0,0,1
2017-06-04,13:39:47,0,0,1
2017-06-04,13:39:48,0,0,1
2017-06-04,13:39:49,0,0,1
2017-06-04,13:39:50,0,0,1
2017-06-04,13:39:51,0,0,1
2017-06-04,13:39:52,0,0,1
2017-06-04,13:39:53,0,0,1
2017-06-04,13:39:54,0,0,1
2017-06-04,13:39:55,0,0,1
2017-06-04,13:39:56,0,0,1
2017-06-04,13:39:57,0,0,1
2017-06-04,13:39:58,0,0,1
2017-06-04,13:39:59,0,0,1
2017-06-04,13:40:00,0,0,1
2017-06-04,13:40:01,0,0,1
2017-06-04,13:40:02,0,0,1
2017-06-04,13:40:03,0,0,1
2017-06-04,13:40:04,0,0,1
2017-06-04,13:40:05,0,0,1
2017-06-04,13:40:06,0,0,1
2017-06-04,13:40:07,0,0,1
2017-06-04,13:40:08,0,0,1
2017-06-04,13:40:09,0,0,1
2017-06-04,13:40:10,0,0,1
2017-06-04,13:40:11,0,0,1
2017-06-04,13:40:12,0,0,1
2017-06-04,13:40:13,0,0,1
2017-06-04,13:40:14,0,0,1
2017-06-04,13:40:15,0,0,1
2017-06-04,13:40:16,0,0,1
2017-06-04,13:40:17,0,0,1
2017-06-04,13:40:18,0,0,1
2017-06-04,13:40:19,0,0,1
2017-06-04,13:40:20,0,0,1
2017-06-04,13:40:21,0,0,1
2017-06-04,13:40:22,0,0,1
2017-06-04,13:40:23,0,0,1
2017-06-04,13:40:24,0,0,1
2017-06-04,13:40:25,0,0,1
2017-06-04,13:40:26,0,0,1
2017-06-04,13:40:27,0,0,1
2017-06-04,13:40:28,0,0,1
2017-06-04,13:40:29,0,0,1
2017-06-04,13:40:30,0,0,1
2017-06-04,13:40:31,0,0,1
2017-06-04,13:40:32,0,0,1
2017-06-04,13:40:33,0,0,1
2017-06-04,13:40:34,0,0,1
2017-06-04,13:40:35,0,0,1
2017-06-04,13:40:36,0,0,1
2017-06-04,13:40:37,0,0,1
2017-06-04,13:40:38,0,0,1
2017-06-04,13:40:39,0,0,1
2017-06-04,13:40:40,0,0,1
2017-06-04,13:40:41,0,0,1
2017-06-04,13:40:42,0,0,1
2017-06-04,13:40:43,0,0,1
2017-06-04,13:40:44,0,0,1
2017-06-04,13:40:45,0,0,1
2017-06-04,13:40:46,0,0,1
2017-06-04,13:40:47,0,0,1
2017-06-04,13:40:48,0,0,1
2017-06-04,13:40:49,0,0,1
2017-06-04,13:40:50,0,0,1
2017-06-04,13:40:51,0,0,1
2017-06-04,13:40:52,0,0,1
2017-06-04,13:40:53,0,0,1
2017-06-04,13:40:54,0,0,1
2017-06-04,13:40:55,0,0,1
2017-06-04,13:40:56,0,0,1
2017-06-04,13:40:57,0,0,1
2017-06-04,13:40:58,0,0,1
2017-06-04,13:40:59,0,0,1
2017-06-04,13:41:00,0,0,1
2017-06-04,13:41:01,0,0,1
2017-06-04,13:41:02,0,0,1
2017-06-04,13:41:03,0,0,1
2017-06-04,13:41:04,0,0,1
2017-06-04,13:41:05,0,0,1
2017-06-04,13:41:06,0,0,1
2017-06-04,13:41:07,0,0,1
2017-06-04,13:41:08,0,0,1
2017-06-04,13:41:09,0,0,1
2017-06-04,13:41:10,0,0,1
2017-06-04,13:41:11,0,0,1
2017-06-04,13:41:12,0,0,1
2017-06-04,13:41:13,0,0,1
2017-06-04,13:41:14,0,0,1
2017-06-04,13:41:15,0,0,1
2017-06-04,13:41:16,0,0,1
2017-06-04,13:41:17,0,0,1
2017-06-04,13:41:18,0,0,1
2017-06-04,13:41:19,0,0,1
2017-06-04,13:41:20,0,0,1
2017-06-04,13:41:21,0,0,1
2017-06-04,13:41:22,0,0,1
2017-06-04,13:41:23,0,0,1
2017-06-04,13:41:24,0,0,1
2017-06-04,13:41:25,0,0,1
2017-06-04,13:41:26,0,0,1
2017-06-04,13:41:27,0,0,1
2017-06-04,13:41:28,0,0,1
2017-06-04,13:41:29,0,0,1
2017-06-04,13:41:30,0,0,1
2017-06-04,13:41:31,0,0,1
2017-06-04,13:41:32,0,0,1
2017-06-04,13:41:33,0,0,1
2017-06-04,13:41:34,0,0,1
2017-06-04,13:41:35,0,0,1
2017-06-04,13:41:36,0,0,1
2017-06-04,13:41:37,0,0,1
2017-06-04,13:41:38,0,0,1
2017-06-04,13:41:39,0,0,1
2017-06-04,13:41:40,0,0,1
2017-06-04,13:41:41,0,0,1
2017-06-04,13:41:42,0,0,1
2017-06-04,13:41:43,0,0,1
2017-06-04,13:41:44,0,0,1
2017-06-04,13:41:45,0,0,1
2017-06-04,13:41:46,0,0,1
2017-06-04,13:41:47,0,0,1
2017-06-04,13:41:48,0,0,1
2017-06-04,13:41:49,0,0,1
2017-06-04,13:41:50,0,0,1
2017-06-04,13:41:51,0,0,1
2017-06-04,13:41:52,0,0,1
2017-06-04,13:41:53,0,0,1
2017-06-04,13:41:54,0,0,1
2017-06-04,13:41:55,0,0,1
2017-06-04,13:41:56,0,0,1
2017-06-04,13:41:57,0,0,1
2017-06-04,13:41:58,0,0,1
2017-06-04,13:41:59,0,0,1
2017-06-04,13:42:00,0,0,1
2017-06-04,13:42:01,0,0,1
2017-06-04,13:42:02,0,0,1
2017-06-04,13:42:03,0,0,1
2017-06-04,13:42:04,0,0,1
2017-06-04,13:42:05,0,0,1
2017-06-04,13:42:06,0,0,1
2017-06-04,13:42:07,0,0,1
2017-06-04,13:42:08,0,0,1
2017-06-04,13:42:09,0,0,1
2017-06-04,13:42:10,0,0,1
2017-06-04,13:42:11,0,0,1
2017-06-04,13:42:12,0,0,1
2017-06-04,13:42:13,0,0,1
2017-06-04,13:42:14,0,0,1
2017-06-04,13:42:15,0,0,1
2017-06-04,13:42:16,0,0,1
2017-06-04,13:42:17,0,0,1
2017-06-04,13:42:18,0,0,1
2017-06-04,13:42:19,0,0,1
2017-06-04,13:42:20,0,0,1
2017-06-04,13:42:21,0,0,1
2017-06-04,13:42:22,0,0,1
2017-06-04,13:42:23,0,0,1
2017-06-04,13:42:24,0,0,1
2017-06-04,13:42:25,0,0,1
2017-06-04,13:42:26,0,0,1
2017-06-04,13:42:27,0,0,1
2017-06-04,13:42:28,0,0,1
2017-06-04,13:42:29,0,0,1
2017-06-04,13:42:30,0,0,1
2017-06-04,13:42:31,0,0,1
2017-06-04,13:42:32,0,0,1
2017-06-04,13:42:33,0,0,1
2017-06-04,13:42:34,0,0,1
2017-06-04,13:42:35,0,0,1
2017-06-04,13:42:36,0,0,1
2017-06-04,13:42:37,0,0,1
2017-06-04,13:42:38,0,0,1
2017-06-04,13:42:39,0,0,1
2017-06-04,13:42:40,0,0,1
2017-06-04,13:42:41,0,0,1
2017-06-04,13:42:42,0,0,1
2017-06-04,13:42:43,0,0,1
2017-06-04,13:42:44,0,0,1
2017-06-04,13:42:45,0,0,1
2017-06-04,13:42:46,0,0,1
2017-06-04,13:42:47,0,0,1
2017-06-04,13:42:48,0,0,1
2017-06-04,13:42:49,0,0,1
2017-06-04,13:42:50,0,0,1
2017-06-04,13:42:51,0,0,1
2017-06-04,13:42:52,0,0,1
2017-06-04,13:42:53,0,0,1
2017-06-04,13:42:54,0,0,1
2017-06-04,13:42:55,0,0,1
2017-06-04,13:42:56,0,0,1
2017-06-04,13:42:57,0,0,1
2017-06-04,13:42:58,0,0,1
2017-06-04,13:42:59,0,0,1
2017-06-04,13:43:00,0,0,1
2017-06-04,13:43:01,0,0,1
2017-06-04,13:43:02,0,0,1
2017-06-04,13:43:03,0,0,1
2017-06-04,13:43:04,0,0,1
2017-06-04,13:43:05,0,0,1
2017-06-04,13:43:06,0,0,1
2017-06-04,13:43:07,0,0,1
2017-06-04,13:43:08,0,0,1
2017-06-04,13:43:09,0,0,1
2017-06-04,13:43:10,0,0,1
2017-06-04,13:43:11,0,0,1
2017-06-04,13:43:12,0,0,1
2017-06-04,13:43:13,0,0,1
2017-06-04,13:43:14,0,0,1
2017-06-04,13:43:15,0,0,1
2017-06-04,13:43:16,0,0,1
2017-06-04,13:43:17,0,0,1
2017-06-04,13:43:18,0,0,1
2017-06-04,13:43:19,0,0,1
2017-06-04,13:43:20,0,0,1
2017-06-04,13:43:21,0,0,1
2017-06-04,13:43:22,0,0,1
2017-06-04,13:43:23,0,0,1
2017-06-04,13:43:24,0,0,1
2017-06-04,13:43:25,0,0,1
2017-06-04,13:43:26,0,0,1
2017-06-04,13:43:27,0,0,1
2017-06-04,13:43:28,0,0,1
2017-06-04,13:43:29,0,0,1
2017-06-04,13:43:30,0,0,1
2017-06-04,13:43:31,0,0,1
2017-06-04,13:43:32,0,0,1
2017-06-04,13:43:33,0,0,1
2017-06-04,13:43:34,0,0,1
2017-06-04,13:43:35,0,0,1
2017-06-04,13:43:36,0,0,1
2017-06-04,13:43:37,0,0,1
2017-06-04,13:43:38,0,0,1
2017-06-04,13:43:39,0,0,1
2017-06-04,13:43:40,0,0,1
2017-06-04,13:43:41,0,0,1
2017-06-04,13:43:42,0,0,1
2017-06-04,13:43:43,0,0,1
2017-06-04,13:43:44,0,0,1
2017-06-04,13:43:45,0,0,1
2017-06-04,13:43:46,0,0,1
2017-06-04,13:43:47,0,0,1
2017-06-04,13:43:48,0,0,1
2017-06-04,13:43:49,0,0,1
2017-06-04,13:43:50,0,0,1
2017-06-04,13:43:51,0,0,1
2017-06-04,13:43:52,0,0,1
2017-06-04,13:43:53,0,0,1
2017-06-04,13:43:54,0,0,1
2017-06-04,13:43:55,0,0,1
2017-06-04,13:43:56,0,0,1
2017-06-04,13:43:57,0,0,1
2017-06-04,13:43:58,0,0,1
2017-06-04,13:43:59,0,0,1
2017-06-04,13:44:00,0,0,1
2017-06-04,13:44:01,0,0,1
2017-06-04,13:44:02,0,0,1
2017-06-04,13:44:03,0,0,1
2017-06-04,13:44:04,0,0,1
2017-06-04,13:44:05,0,0,1
2017-06-04,13:44:06,0,0,1
2017-06-04,13:44:07,0,0,1
2017-06-04,13:44:08,0,0,1
2017-06-04,13:44:09,0,0,1
2017-06-04,13:44:10,0,0,1
2017-06-04,13:44:11,0,0,1
2017-06-04,13:44:12,0,0,2
2017-06-04,13:44:13,0,0,2
2017-06-04,13:44:14,0,0,2
2017-06-04,13:44:15,0,0,2
2017-06-04,13:44:16,0,0,2
2017-06-04,13:44:17,0,0,2
2017-06-04,13:44:18,0,0,2
2017-06-04,13:44:19,0,0,2
2017-06-04,13:44:20,0,0,2
2017-06-04,13:44:21,0,0,2
2017-06-04,13:44:22,0,0,2
2017-06-04,13:44:23,0,0,2
2017-06-04,13:44:24,0,0,2
2017-06-04,13:44:25,0,0,2
2017-06-04,13:44:26,0,0,2
2017-06-04,13:44:27,0,0,2
2017-06-04,13:44:28,0,0,2
2017-06-04,13:44:29,0,0,2
2017-06-04,13:44:30,0,0,2
2017-06-04,13:44:31,0,0,2
2017-06-04,13:44:32,0,0,2
2017-06-04,13:44:33,0,0,2
2017-06-04,13:44:34,0,0,2
2017-06-04,13:44:35,0,0,2
2017-06-04,13:44:36,0,0,2
2017-06-04,13:44:37,0,0,2
2017-06-04,13:44:38,0,0,2
2017-06-04,13:44:39,0,0,2
2017-06-04,13:44:40,0,0,2
2017-06-04,13:44:41,0,0,2
2017-06-04,13:44:42,0,0,2
2017-06-04,13:44:43,0,0,2
2017-06-04,13:44:44,0,0,2
2017-06-04,13:44:45,0,0,2
2017-06-04,13:44:46,0,0,2
2017-06-04,13:44:47,0,0,2
2017-06-04,13:44:48,0,0,2
2017-06-04,13:44:49,0,0,2
2017-06-04,13:44:50,0,0,2
2017-06-04,13:44:51,0,0,2
2017-06-04,13:44:52,0,0,2
2017-06-04,13:44:53,0,0,2
2017-06-04,13:44:54,0,0,2
2017-06-04,13:44:55,0,0,2
2017-06-04,13:44:56,0,0,2
2017-06-04,13:44:57,0,0,2
2017-06-04,13:44:58,0,0,2
2017-06-04,13:44:59,0,0,2
2017-06-04,13:45:00,0,0,2
2017-06-04,13:45:01,0,0,2
2017-06-04,13:45:02,0,0,2
2017-06-04,13:45:03,0,0,2
2017-06-04,13:45:04,0,0,2
2017-06-04,13:45:05,0,0,2
2017-06-04,13:45:06,0,0,2
2017-06-04,13:45:07,0,0,2
2017-06-04,13:45:08,0,0,2
2017-06-04,13:45:09,0,0,2
2017-06-04,13:45:10,0,0,2
2017-06-04,13:45:11,0,0,2
2017-06-04,13:45:12,0,0,3
2017-06-04,13:45:13,0,0,3
2017-06-04,13:45:14,0,0,3
2017-06-04,13:45:15,0,0,3
2017-06-04,13:45:16,0,0,3
2017-06-04,13:45:17,0,0,3
2017-06-04,13:45:18,0,0,3
2017-06-04,13:45:19,0,0,3
2017-06-04,13:45:20,0,0,3
2017-06-04,13:45:21,0,0,3
2017-06-04,13:45:22,0,0,3
2017-06-04,13:45:23,0,0,3
2017-06-04,13:45:24,0,0,3
2017-06-04,13:45:25,0,0,3
2017-06-04,13:45:26,0,0,3
2017-06-04,13:45:27,0,0,3
2017-06-04,13:45:28,0,0,3
2017-06-04,13:45:29,0,0,3
2017-06-04,13:45:30,0,0,3
2017-06-04,13:45:31,0,0,3
2017-06-04,13:45:32,0,0,3
2017-06-04,13:45:33,0,0,3
2017-06-04,13:45:34,0,0,3
2017-06-04,13:45:35,0,0,3
2017-06-04,13:45:36,0,0,3
2017-06-04,13:45:37,0,0,3
2017-06-04,13:45:38,0,0,3
2017-06-04,13:45:39,0,0,3
2017-06-04,13:45:40,0,0,3
2017-06-04,13:45:41,0,0,3
2017-06-04,13:45:42,0,0,3
2017-06-04,13:45:43,0,0,3
2017-06-04,13:45:44,0,0,3
2017-06-04,13:45:45,0,0,3
2017-06-04,13:45:46,0,0,3
2017-06-04,13:45:47,0,0,3
2017-06-04,13:45:48,0,0,3
2017-06-04,13:45:49,0,0,3
2017-06-04,13:45:50,0,0,3
2017-06-04,13:45:51,0,0,3
2017-06-04,13:45:52,0,0,3
2017-06-04,13:45:53,0,0,3
2017-06-04,13:45:54,0,0,3
2017-06-04,13:45:55,0,0,3
2017-06-04,13:45:56,0,0,3
2017-06-04,13:45:57,0,0,3
2017-06-04,13:45:58,0,0,3
2017-06-04,13:45:59,0,0,3
2017-06-04,13:46:00,0,0,3
2017-06-04,13:46:01,0,0,3
2017-06-04,13:46:02,0,0,3
2017-06-04,13:46:03,0,0,3
2017-06-04,13:46:04,0,0,3
2017-06-04,13:46:05,0,0,3
2017-06-04,13:46:06,0,0,3
2017-06-04,13:46:07,0,0,3
2017-06-04,13:46:08,0,0,3
2017-06-04,13:46:09,0,0,3
2017-06-04,13:46:10,0,0,3
2017-06-04,13:46:11,0,0,3
2017-06-04,13:46:12,0,0,4
2017-06-04,13:46:13,0,0,4
2017-06-04,13:46:14,0,0,4
2017-06-04,13:46:15,0,0,4
2017-06-04,13:46:16,0,0,4
2017-06-04,13:46:17,0,0,4
2017-06-04,13:46:18,0,0,4
2017-06-04,13:46:19,0,0,4
2017-06-04,13:46:20,0,0,4
2017-06-04,13:46:21,0,0,4
2017-06-04,13:46:22,0,0,4
2017-06-04,13:46:23,0,0,4
2017-06-04,13:46:24,0,0,4
2017-06-04,13:46:25,0,0,4
2017-06-04,13:46:26,0,0,4
2017-06-04,13:46:27,0,0,4
2017-06-04,13:46:28,0,0,4
2017-06-04,13:46:29,0,0,4
2017-06-04,13:46:30,0,0,4
2017-06-04,13:46:31,0,0,4
2017-06-04,13:46:32,0,0,4
2017-06-04,13:46:33,0,0,4
2017-06-04,13:46:34,0,0,4
2017-06-04,13:46:35,0,0,4
2017-06-04,13:46:36,0,0,4
2017-06-04,13:46:37,0,0,4
2017-06-04,13:46:38,0,0,4
2017-06-04,13:46:39,0,0,4
2017-06-04,13:46:40,0,0,4
2017-06-04,13:46:41,0,0,4
2017-06-04,13:46:42,0,0,4
2017-06-04,13:46:43,0,0,4
2017-06-04,13:46:44,0,0,4
2017-06-04,13:46:45,0,0,4
2017-06-04,13:46:46,0,0,4
2017-06-04,13:46:47,0,0,4
2017-06-04,13:46:48,0,0,4
2017-06-04,13:46:49,0,0,4
2017-06-04,13:46:50,0,0,4
2017-06-04,13:46:51,0,0,4
2017-06-04,13:46:52,0,0,4
2017-06-04,13:46:53,0,0,4
2017-06-04,13:46:54,0,0,4
2017-06-04,13:46:55,0,0,4
2017-06-04,13:46:56,0,0,4
2017-06-04,13:46:57,0,0,4
2017-06-04,13:46:58,0,0,4
2017-06-04,13:46:59,0,0,4
2017-06-04,13:47:00,0,0,4
2017-06-04,13:47:01,0,0,4
2017-06-04,13:47:02,0,0,4
2017-06-04,13:47:03,0,0,4
2017-06-04,13:47:04,0,0,4
2017-06-04,13:47:05,0,0,4
2017-06-04,13:47:06,0,0,4
2017-06-04,13:47:07,0,0,4
2017-06-04,13:47:08,0,0,4
2017-06-04,13:47:09,0,0,4
2017-06-04,13:47:10,0,0,4
2017-06-04,13:47:11,0,0,4
2017-06-04,13:47:12,0,0,5
2017-06-04,13:47:13,0,0,5
2017-06-04,13:47:14,0,0,5
2017-06-04,13:47:15,0,0,5
2017-06-04,13:47:16,0,0,5
2017-06-04,13:47:17,0,0,5
2017-06-04,13:47:18,0,0,5
2017-06-04,13:47:19,0,0,5
2017-06-04,13:47:20,0,0,5
2017-06-04,13:47:21,0,0,5
2017-06-04,13:47:22,0,0,5
2017-06-04,13:47:23,0,0,5
2017-06-04,13:47:24,0,0,5
2017-06-04,13:47:25,0,0,5
2017-06-04,13:47:26,0,0,5
2017-06-04,13:47:27,0,0,5
2017-06-04,13:47:28,0,0,5
2017-06-04,13:47:29,0,0,5
2017-06-04,13:47:30,0,0,5
2017-06-04,13:47:31,0,0,5
2017-06-04,13:47:32,0,0,5
2017-06-04,13:47:33,0,0,5
2017-06-04,13:47:34,0,0,5
2017-06-04,13:47:35,0,0,5
2017-06-04,13:47:36,0,0,5
2017-06-04,13:47:37,0,0,5
2017-06-04,13:47:38,0,0,5
2017-06-04,13:47:39,0,0,5
2017-06-04,13:47:40,0,0,5
2017-06-04,13:47:41,0,0,5
2017-06-04,13:47:42,0,0,5
2017-06-04,13:47:43,0,0,5
2017-06-04,13:47:44,0,0,5
2017-06-04,13:47:45,0,0,5
2017-06-04,13:47:46,0,0,5
2017-06-04,13:47:47,0,0,5
2017-06-04,13:47:48,0,0,5
2017-06-04,13:47:49,0,0,5
2017-06-04,13:47:50,0,0,5
2017-06-04,13:47:51,0,0,5
2017-06-04,13:47:52,0,0,5
2017-06-04,13:47:53,0,0,5
2017-06-04,13:47:54,0,0,5
2017-06-04,13:47:55,0,0,5
2017-06-04,13:47:56,0,0,5
2017-06-04,13:47:57,0,0,5
2017-06-04,13:47:58,0,0,5
2017-06-04,13:47:59,0,0,5
2017-06-04,13:48:00,0,0,5
2017-06-04,13:48:01,0,0,5
2017-06-04,13:48:02,0,0,5
2017-06-04,13:48:03,0,0,5
2017-06-04,13:48:04,0,0,5
2017-06-04,13:48:05,0,0,5
2017-06-04,13:48:06,0,0,5
2017-06-04,13:48:07,0,0,5
2017-06-04,13:48:08,0,0,5
2017-06-04,13:48:09,0,0,5
2017-06-04,13:48:10,0,0,5
2017-06-04,13:48:11,0,0,5
2017-06-04,13:48:12,0,0,6
2017-06-04,13:48:13,0,0,6
2017-06-04,13:48:14,0,0,6
2017-06-04,13:48:15,0,0,6
2017-06-04,13:48:16,0,0,6
2017-06-04,13:48:17,0,0,6
2017-06-04,13:48:18,0,0,6
2017-06-04,13:48:19,0,0,6
2017-06-04,13:48:20,0,0,6
2017-06-04,13:48:21,0,0,6
2017-06-04,13:48:22,0,0,6
2017-06-04,13:48:23,0,0,6
2017-06-04,13:48:24,0,0,6
2017-06-04,13:48:25,0,0,6
2017-06-04,13:48:26,0,0,6
2017-06-04,13:48:27,0,0,6
2017-06-04,13:48:28,0,0,6
2017-06-04,13:48:29,0,0,6
2017-06-04,13:48:30,0,0,6
2017-06-04,13:48:31,0,0,6
2017-06-04,13:48:32,0,0,6
2017-06-04,13:48:33,0,0,6
2017-06-04,13:48:34,0,0,6
2017-06-04,13:48:35,0,0,6
2017-06-04,13:48:36,0,0,6
2017-06-04,13:48:37,0,0,6
2017-06-04,13:48:38,0,0,6
2017-06-04,13:48:39,0,0,6
2017-06-04,13:48:40,0,0,6
2017-06-04,13:48:41,0,0,6
2017-06-04,13:48:42,0,0,6
2017-06-04,13:48:43,0,0,6
2017-06-04,13:48:44,0,0,6
2017-06-04,13:48:45,0,0,6
2017-06-04,13:48:46,0,0,6
2017-06-04,13:48:47,0,0,6
2017-06-04,13:48:48,0,0,6
2017-06-04,13:48:49,0,0,6
2017-06-04,13:48:50,0,0,6
2017-06-04,13:48:51,0,0,6
2017-06-04,13:48:52,0,0,6
2017-06-04,13:48:53,0,0,6
2017-06-04,13:48:54,0,0,6
2017-06-04,13:48:55,0,0,6
2017-06-04,13:48:56,0,0,6
2017-06-04,13:48:57,0,0,6
2017-06-04,13:48:58,0,0,6
2017-06-04,13:48:59,0,0,6
2017-06-04,13:49:00,0,0,6
2017-06-04,13:49:01,0,0,6
2017-06-04,13:49:02,0,0,6
2017-06-04,13:49:03,0,0,6
2017-06-04,13:49:04,0,0,6
2017-06-04,13:49:05,0,0,6
2017-06-04,13:49:06,0,0,6
2017-06-04,13:49:07,0,0,6
2017-06-04,13:49:08,0,0,6
2017-06-04,13:49:09,0,0,6
2017-06-04,13:49:10,0,0,6
2017-06-04,13:49:11,0,0,6
2017-06-04,13:49:12,0,0,7
2017-06-04,13:49:13,0,0,7
2017-06-04,13:49:14,0,0,7
2017-06-04,13:49:15,0,0,7
2017-06-04,13:49:16,0,0,7
2017-06-04,13:49:17,0,0,7
2017-06-04,13:49:18,0,0,7
2017-06-04,13:49:19,0,0,7
2017-06-04,13:49:20,0,0,7
2017-06-04,13:49:21,0,0,7
2017-06-04,13:49:22,0,0,7
2017-06-04,13:49:23,0,0,7
2017-06-04,13:49:24,0,0,7
2017-06-04,13:49:25,0,0,7
2017-06-04,13:49:26,0,0,7
2017-06-04,13:49:27,0,0,7
2017-06-04,13:49:28,0,0,7
2017-06-04,13:49:29,0,0,7
2017-06-04,13:49:30,0,0,7
2017-06-04,13:49:31,0,0,7
2017-06-04,13:49:32,0,0,7
2017-06-04,13:49:33,0,0,7
2017-06-04,13:49:34,0,0,7
2017-06-04,13:49:35,0,0,7
2017-06-04,13:49:36,0,0,7
2017-06-04,13:49:37,0,0,7
2017-06-04,13:49:38,0,0,7
2017-06-04,13:49:39,0,0,7
2017-06-04,13:49:40,0,0,7
2017-06-04,13:49:41,0,0,7
2017-06-04,13:49:42,0,0,7
2017-06-04,13:49:43,0,0,7
2017-06-04,13:49:44,0,0,7
2017-06-04,13:49:45,0,0,7
2017-06-04,13:49:46,0,0,7
2017-06-04,13:49:47,0,0,7
2017-06-04,13:49:48,0,0,7
2017-06-04,13:49:49,0,0,7
2017-06-04,13:49:50,0,0,7
2017-06-04,13:49:51,0,0,7
2017-06-04,13:49:52,0,0,7
2017-06-04,13:49:53,0,0,7
2017-06-04,13:49:54,0,0,7
2017-06-04,13:49:55,0,0,7
2017-06-04,13:49:56,0,0,7
2017-06-04,13:49:57,0,0,7
2017-06-04,13:49:58,0,0,7
2017-06-04,13:49:59,0,0,7
2017-06-04,13:50:00,0,0,7
2017-06-04,13:50:01,0,0,7
2017-06-04,13:50:02,0,0,7
2017-06-04,13:50:03,0,0,7
2017-06-04,13:50:04,1441,0,7
2017-06-04,13:50:05,1944,0,7
2017-06-04,13:50:06,2636,0,7
2017-06-04,13:50:07,1761,0,7
2017-06-04,13:50:08,2452,0,7
2017-06-04,13:50:09,1683,0,7
2017-06-04,13:50:10,1299,0,7
2017-06-04,13:50:11,0,0,7
2017-06-04,13:50:12,1614,0,1
2017-06-04,13:50:13,1058,0,1
2017-06-04,13:50:14,1145,0,1
2017-06-04,13:50:15,0,0,1
2017-06-04,13:50:16,1057,0,1
2017-06-04,13:50:17,0,0,1
2017-06-04,13:50:18,1136,0,1
2017-06-04,13:50:19,0,0,1
2017-06-04,13:50:20,0,0,1
2017-06-04,13:50:21,0,0,1
2017-06-04,13:50:22,0,0,1
2017-06-04,13:50:23,0,0,1
2017-06-04,13:50:24,0,0,1
2017-06-04,13:50:25,0,0,1
2017-06-04,13:50:26,0,0,1
2017-06-04,13:50:27,0,0,1
2017-06-04,13:50:28,0,0,1
2017-06-04,13:50:29,0,0,1
2017-06-04,13:50:30,0,0,1
2017-06-04,13:50:31,0,0,1
2017-06-04,13:50:32,0,0,1
2017-06-04,13:50:33,0,0,1
2017-06-04,13:50:34,0,0,1
2017-06-04,13:50:35,0,0,1
2017-06-04,13:50:36,0,0,1
2017-06-04,13:50:37,0,0,1
2017-06-04,13:50:38,0,0,1
2017-06-04,13:50:39,0,0,1
2017-06-04,13:50:40,0,0,1
2017-06-04,13:50:41,0,0,1
2017-06-04,13:50:42,0,0,1
2017-06-04,13:50:43,0,0,1
2017-06-04,13:50:44,0,0,1
2017-06-04,13:50:45,0,0,1
2017-06-04,13:50:46,0,0,1
2017-06-04,13:50:47,0,0,1
2017-06-04,13:50:48,0,0,1
2017-06-04,13:50:49,0,0,1
2017-06-04,13:50:50,0,0,1
2017-06-04,13:50:51,0,0,1
2017-06-04,13:50:52,0,0,1
2017-06-04,13:50:53,0,0,1
2017-06-04,13:50:54,0,0,1
2017-06-04,13:50:55,0,0,1
2017-06-04,13:50:56,0,0,1
2017-06-04,13:50:57,0,0,1
2017-06-04,13:50:58,0,0,1
2017-06-04,13:50:59,0,0,1
2017-06-04,13:51:00,0,0,1
2017-06-04,13:51:01,0,0,1
2017-06-04,13:51:02,0,0,1
2017-06-04,13:51:03,0,0,1
2017-06-04,13:51:04,0,0,1
2017-06-04,13:51:05,0,0,1
2017-06-04,13:51:06,0,0,1
2017-06-04,13:51:07,0,0,1
2017-06-04,13:51:08,0,0,1
2017-06-04,13:51:09,0,0,1
2017-06-04,13:51:10,0,0,1
2017-06-04,13:51:11,0,0,1
2017-06-04,13:51:12,0,0,2
2017-06-04,13:51:13,0,0,2
2017-06-04,13:51:14,0,0,2
2017-06-04,13:51:15,0,0,2
2017-06-04,13:51:16,0,0,2
2017-06-04,13:51:17,0,0,2
2017-06-04,13:51:18,0,0,2
2017-06-04,13:51:19,0,0,2
2017-06-04,13:51:20,0,0,2
2017-06-04,13:51:21,0,0,2
2017-06-04,13:51:22,0,0,2
2017-06-04,13:51:23,0,0,2
2017-06-04,13:51:24,0,0,2
2017-06-04,13:51:25,0,0,2
2017-06-04,13:51:26,0,0,2
2017-06-04,13:51:27,0,0,2
2017-06-04,13:51:28,0,0,2
2017-06-04,13:51:29,0,0,2
2017-06-04,13:51:30,0,0,2
2017-06-04,13:51:31,0,0,2
2017-06-04,13:51:32,0,0,2
2017-06-04,13:51:33,0,0,2
2017-06-04,13:51:34,0,0,2
2017-06-04,13:51:35,0,0,2
2017-06-04,13:51:36,0,0,2
2017-06-04,13:51:37,0,0,2
2017-06-04,13:51:38,0,0,2
2017-06-04,13:51:39,0,0,2
2017-06-04,13:51:40,0,0,2
2017-06-04,13:51:41,0,0,2
2017-06-04,13:51:42,0,0,2
2017-06-04,13:51:43,0,0,2
2017-06-04,13:51:44,0,0,2
2017-06-04,13:51:45,0,0,2
2017-06-04,13:51:46,0,0,2
2017-06-04,13:51:47,0,0,2
2017-06-04,13:51:48,0,0,2
2017-06-04,13:51:49,0,0,2
2017-06-04,13:51:50,0,0,2
2017-06-04,13:51:51,0,0,2
2017-06-04,13:51:52,0,0,2
2017-06-04,13:51:53,0,0,2
2017-06-04,13:51:54,0,0,2
2017-06-04,13:51:55,0,0,2
2017-06-04,13:51:56,0,0,2
2017-06-04,13:51:57,0,0,2
2017-06-04,13:51:58,0,0,2
2017-06-04,13:51:59,0,0,2
2017-06-04,13:52:00,0,0,2
2017-06-04,13:52:01,0,0,2
2017-06-04,13:52:02,0,0,2
2017-06-04,13:52:03,0,0,2
2017-06-04,13:52:04,0,0,2
2017-06-04,13:52:05,0,0,2
2017-06-04,13:52:06,0,0,2
2017-06-04,13:52:07,0,0,2
2017-06-04,13:52:08,0,0,2
2017-06-04,13:52:09,0,0,2
2017-06-04,13:52:10,0,0,2
2017-06-04,13:52:11,0,0,2
2017-06-04,13:52:12,0,0,3
2017-06-04,13:52:13,0,0,3
2017-06-04,13:52:14,0,0,3
2017-06-04,13:52:15,0,0,3
2017-06-04,13:52:16,0,0,3
2017-06-04,13:52:17,0,0,3
2017-06-04,13:52:18,0,0,3
2017-06-04,13:52:19,0,0,3
2017-06-04,13:52:20,0,0,3
2017-06-04,13:52:21,0,0,3
2017-06-04,13:52:22,0,0,3
2017-06-04,13:52:23,0,0,3
2017-06-04,13:52:24,0,0,3
2017-06-04,13:52:25,0,0,3
2017-06-04,13:52:26,0,0,3
2017-06-04,13:52:27,0,0,3
2017-06-04,13:52:28,0,0,3
2017-06-04,13:52:29,0,0,3
2017-06-04,13:52:30,0,0,3
2017-06-04,13:52:31,0,0,3
2017-06-04,13:52:32,0,0,3
2017-06-04,13:52:33,0,0,3
2017-06-04,13:52:34,0,0,3
2017-06-04,13:52:35,0,0,3
2017-06-04,13:52:36,0,0,3
2017-06-04,13:52:37,0,0,3
2017-06-04,13:52:38,0,0,3
2017-06-04,13:52:39,0,0,3
2017-06-04,13:52:40,0,0,3
2017-06-04,13:52:41,0,0,3
2017-06-04,13:52:42,0,0,3
2017-06-04,13:52:43,0,0,3
2017-06-04,13:52:44,0,0,3
2017-06-04,13:52:45,0,0,3
2017-06-04,13:52:46,0,0,3
2017-06-04,13:52:47,0,0,3
2017-06-04,13:52:48,0,0,3
2017-06-04,13:52:49,0,0,3
2017-06-04,13:52:50,0,0,3
2017-06-04,13:52:51,0,0,3
2017-06-04,13:52:52,0,0,3
2017-06-04,13:52:53,0,0,3
2017-06-04,13:52:54,0,0,3
2017-06-04,13:52:55,0,0,3
2017-06-04,13:52:56,0,0,3
2017-06-04,13:52:57,0,0,3
2017-06-04,13:52:58,0,0,3
2017-06-04,13:52:59,0,0,3
2017-06-04,13:53:00,0,0,3
2017-06-04,13:53:01,0,0,3
2017-06-04,13:53:02,0,0,3
2017-06-04,13:53:03,0,0,3
2017-06-04,13:53:04,0,0,3
2017-06-04,13:53:05,0,0,3
2017-06-04,13:53:06,0,0,3
2017-06-04,13:53:07,0,0,3
2017-06-04,13:53:08,0,0,3
2017-06-04,13:53:09,0,0,3
2017-06-04,13:53:10,0,0,3
2017-06-04,13:53:11,0,0,3
2017-06-04,13:53:12,0,0,4
2017-06-04,13:53:13,0,0,4
2017-06-04,13:53:14,0,0,4
2017-06-04,13:53:15,0,0,4
2017-06-04,13:53:16,0,0,4
2017-06-04,13:53:17,0,0,4
2017-06-04,13:53:18,0,0,4
2017-06-04,13:53:19,0,0,4
2017-06-04,13:53:20,0,0,4
2017-06-04,13:53:21,0,0,4
2017-06-04,13:53:22,0,0,4
2017-06-04,13:53:23,0,0,4
2017-06-04,13:53:24,0,0,4
2017-06-04,13:53:25,0,0,4
2017-06-04,13:53:26,0,0,4
2017-06-04,13:53:27,0,0,4
2017-06-04,13:53:28,0,0,4
2017-06-04,13:53:29,0,0,4
2017-06-04,13:53:30,0,0,4
2017-06-04,13:53:31,0,0,4
2017-06-04,13:53:32,0,0,4
2017-06-04,13:53:33,0,0,4
2017-06-04,13:53:34,0,0,4
2017-06-04,13:53:35,0,0,4
2017-06-04,13:53:36,0,0,4
2017-06-04,13:53:37,0,0,4
2017-06-04,13:53:38,0,0,4
2017-06-04,13:53:39,0,0,4
2017-06-04,13:53:40,0,0,4
2017-06-04,13:53:41,0,0,4
2017-06-04,13:53:42,0,0,4
2017-06-04,13:53:43,0,0,4
2017-06-04,13:53:44,0,0,4
2017-06-04,13:53:45,0,0,4
2017-06-04,13:53:46,0,0,4
2017-06-04,13:53:47,0,0,4
2017-06-04,13:53:48,0,0,4
2017-06-04,13:53:49,0,0,4
2017-06-04,13:53:50,0,0,4
2017-06-04,13:53:51,0,0,4
2017-06-04,13:53:52,0,0,4
2017-06-04,13:53:53,0,0,4
2017-06-04,13:53:54,0,0,4
2017-06-04,13:53:55,0,0,4
2017-06-04,13:53:56,0,0,4
2017-06-04,13:53:57,0,0,4
2017-06-04,13:53:58,0,0,4
2017-06-04,13:53:59,0,0,4
2017-06-04,13:54:00,0,0,4
2017-06-04,13:54:01,0,0,4
2017-06-04,13:54:02,0,0,4
2017-06-04,13:54:03,0,0,4
2017-06-04,13:54:04,0,0,4
2017-06-04,13:54:05,0,0,4
2017-06-04,13:54:06,0,0,4
2017-06-04,13:54:07,0,0,4
2017-06-04,13:54:08,0,0,4
2017-06-04,13:54:09,0,0,4
2017-06-04,13:54:10,0,0,4
2017-06-04,13:54:11,0,0,4
2017-06-04,13:54:12,0,0,5
2017-06-04,13:54:13,0,0,5
2017-06-04,13:54:14,0,0,5
2017-06-04,13:54:15,0,0,5
2017-06-04,13:54:16,0,0,5
2017-06-04,13:54:17,0,0,5
2017-06-04,13:54:18,0,0,5
2017-06-04,13:54:19,0,0,5
2017-06-04,13:54:20,0,0,5
2017-06-04,13:54:21,0,0,5
2017-06-04,13:54:22,0,0,5
2017-06-04,13:54:23,0,0,5
2017-06-04,13:54:24,0,0,5
2017-06-04,13:54:25,0,0,5
2017-06-04,13:54:26,0,0,5
2017-06-04,13:54:27,0,0,5
2017-06-04,13:54:28,0,0,5
2017-06-04,13:54:29,0,0,5
2017-06-04,13:54:30,0,0,5
2017-06-04,13:54:31,0,0,5
2017-06-04,13:54:32,0,0,5
2017-06-04,13:54:33,0,0,5
2017-06-04,13:54:34,0,0,5
2017-06-04,13:54:35,0,0,5
2017-06-04,13:54:36,0,0,5
2017-06-04,13:54:37,0,0,5
2017-06-04,13:54:38,0,0,5
2017-06-04,13:54:39,0,0,5
2017-06-04,13:54:40,0,0,5
2017-06-04,13:54:41,0,0,5
2017-06-04,13:54:42,0,0,5
2017-06-04,13:54:43,0,0,5
2017-06-04,13:54:44,0,0,5
2017-06-04,13:54:45,0,0,5
2017-06-04,13:54:46,0,0,5
2017-06-04,13:54:47,0,0,5
2017-06-04,13:54:48,0,0,5
2017-06-04,13:54:49,0,0,5
2017-06-04,13:54:50,0,0,5
2017-06-04,13:54:51,0,0,5
2017-06-04,13:54:52,0,0,5
2017-06-04,13:54:53,0,0,5
2017-06-04,13:54:54,0,0,5
2017-06-04,13:54:55,0,0,5
2017-06-04,13:54:56,0,0,5
2017-06-04,13:54:57,0,0,5
2017-06-04,13:54:58,0,0,5
2017-06-04,13:54:59,0,0,5
2017-06-04,13:55:00,0,0,5
2017-06-04,13:55:01,0,0,5
2017-06-04,13:55:02,0,0,5
2017-06-04,13:55:03,0,0,5
2017-06-04,13:55:04,0,0,5
2017-06-04,13:55:05,0,0,5
2017-06-04,13:55:06,0,0,5
2017-06-04,13:55:07,0,0,5
2017-06-04,13:55:08,0,0,5
2017-06-04,13:55:09,0,0,5
2017-06-04,13:55:10,0,0,5
2017-06-04,13:55:11,0,0,5
2017-06-04,13:55:12,0,0,6
2017-06-04,13:55:13,0,0,6
2017-06-04,13:55:14,0,0,6
2017-06-04,13:55:15,0,0,6
2017-06-04,13:55:16,0,0,6
2017-06-04,13:55:17,0,0,6
2017-06-04,13:55:18,0,0,6
2017-06-04,13:55:19,0,0,6
2017-06-04,13:55:20,0,0,6
2017-06-04,13:55:21,0,0,6
2017-06-04,13:55:22,0,0,6
2017-06-04,13:55:23,0,0,6
2017-06-04,13:55:24,0,0,6
2017-06-04,13:55:25,0,0,6
2017-06-04,13:55:26,0,0,6
2017-06-04,13:55:27,0,0,6
2017-06-04,13:55:28,0,0,6
2017-06-04,13:55:29,0,0,6
2017-06-04,13:55:30,0,0,6
2017-06-04,13:55:31,0,0,6
2017-06-04,13:55:32,0,0,6
2017-06-04,13:55:33,0,0,6
2017-06-04,13:55:34,0,0,6
2017-06-04,13:55:35,0,0,6
2017-06-04,13:55:36,0,0,6
2017-06-04,13:55:37,0,0,6
2017-06-04,13:55:38,0,0,6
2017-06-04,13:55:39,0,0,6
2017-06-04,13:55:40,0,0,6
2017-06-04,13:55:41,0,0,6
2017-06-04,13:55:42,0,0,6
2017-06-04,13:55:43,0,0,6
2017-06-04,13:55:44,0,0,6
2017-06-04,13:55:45,0,0,6
2017-06-04,13:55:46,0,0,6
2017-06-04,13:55:47,0,0,6
2017-06-04,13:55:48,0,0,6
2017-06-04,13:55:49,0,0,6
2017-06-04,13:55:50,0,0,6
2017-06-04,13:55:51,0,0,6
2017-06-04,13:55:52,0,0,6
2017-06-04,13:55:53,0,0,6
2017-06-04,13:55:54,0,0,6
2017-06-04,13:55:55,0,0,6
2017-06-04,13:55:56,0,0,6
2017-06-04,13:55:57,0,0,6
2017-06-04,13:55:58,0,0,6
2017-06-04,13:55:59,0,0,6
2017-06-04,13:56:00,0,0,6
2017-06-04,13:56:01,0,0,6
2017-06-04,13:56:02,0,0,6
2017-06-04,13:56:03,0,0,6
2017-06-04,13:56:04,0,0,6
2017-06-04,13:56:05,0,0,6
2017-06-04,13:56:06,0,0,6
2017-06-04,13:56:07,0,0,6
2017-06-04,13:56:08,0,0,6
2017-06-04,13:56:09,0,0,6
2017-06-04,13:56:10,0,0,6
2017-06-04,13:56:11,0,0,6
2017-06-04,13:56:12,0,0,7
2017-06-04,13:56:13,0,0,7
2017-06-04,13:56:14,0,0,7
2017-06-04,13:56:15,0,0,7
2017-06-04,13:56:16,0,0,7
2017-06-04,13:56:17,0,0,7
2017-06-04,13:56:18,0,0,7
2017-06-04,13:56:19,0,0,7
2017-06-04,13:56:20,0,0,7
2017-06-04,13:56:21,0,0,7
2017-06-04,13:56:22,0,0,7
2017-06-04,13:56:23,0,0,7
2017-06-04,13:56:24,0,0,7
2017-06-04,13:56:25,0,0,7
2017-06-04,13:56:26,0,0,7
2017-06-04,13:56:27,0,0,7
2017-06-04,13:56:28,0,0,7
2017-06-04,13:56:29,0,0,7
2017-06-04,13:56:30,0,0,7
2017-06-04,13:56:31,0,0,7
2017-06-04,13:56:32,0,0,7
2017-06-04,13:56:33,0,0,7
2017-06-04,13:56:34,0,0,7
2017-06-04,13:56:35,0,0,7
2017-06-04,13:56:36,0,0,7
2017-06-04,13:56:37,0,0,7
2017-06-04,13:56:38,0,0,7
2017-06-04,13:56:39,0,0,7
2017-06-04,13:56:40,0,0,7
2017-06-04,13:56:41,0,0,7
2017-06-04,13:56:42,0,0,7
2017-06-04,13:56:43,0,0,7
2017-06-04,13:56:44,0,0,7
2017-06-04,13:56:45,0,0,7
2017-06-04,13:56:46,0,0,7
2017-06-04,13:56:47,0,0,7
2017-06-04,13:56:48,0,0,7
2017-06-04,13:56:49,0,0,7
2017-06-04,13:56:50,0,0,7
2017-06-04,13:56:51,0,0,7
2017-06-04,13:56:52,0,0,7
2017-06-04,13:56:53,0,0,7
2017-06-04,13:56:54,0,0,7
2017-06-04,13:56:55,0,0,7
2017-06-04,13:56:56,0,0,7
2017-06-04,13:56:57,0,0,7
2017-06-04,13:56:58,0,0,7
2017-06-04,13:56:59,0,0,7
2017-06-04,13:57:00,0,0,7
2017-06-04,13:57:01,0,0,7
2017-06-04,13:57:02,0,0,7
2017-06-04,13:57:03,0,0,7
2017-06-04,13:57:04,0,0,7
2017-06-04,13:57:05,0,0,7
2017-06-04,13:57:06,0,0,7
2017-06-04,13:57:07,0,0,7
2017-06-04,13:57:08,0,0,7
2017-06-04,13:57:09,0,0,7
2017-06-04,13:57:10,0,0,7
2017-06-04,13:57:11,0,0,7
2017-06-04,13:57:12,0,0,1
2017-06-04,13:57:13,0,0,1
2017-06-04,13:57:14,0,0,1
2017-06-04,13:57:15,0,0,1
2017-06-04,13:57:16,0,0,1
2017-06-04,13:57:17,0,0,1
2017-06-04,13:57:18,0,0,1
2017-06-04,13:57:19,0,0,1
2017-06-04,13:57:20,0,0,1
2017-06-04,13:57:21,0,0,1
2017-06-04,13:57:22,0,0,1
2017-06-04,13:57:23,0,0,1
2017-06-04,13:57:24,0,0,1
2017-06-04,13:57:25,0,0,1
2017-06-04,13:57:26,0,0,1
2017-06-04,13:57:27,0,0,1
2017-06-04,13:57:28,0,0,1
2017-06-04,13:57:29,0,0,1
2017-06-04,13:57:30,0,0,1
2017-06-04,13:57:31,0,0,1
2017-06-04,13:57:32,0,0,1
2017-06-04,13:57:33,0,0,1
2017-06-04,13:57:34,0,0,1
2017-06-04,13:57:35,0,0,1
2017-06-04,13:57:36,0,0,1
2017-06-04,13:57:37,0,0,1
2017-06-04,13:57:38,0,0,1
2017-06-04,13:57:39,0,0,1
2017-06-04,13:57:40,0,0,1
2017-06-04,13:57:41,0,0,1
2017-06-04,13:57:42,0,0,1
2017-06-04,13:57:43,0,0,1
2017-06-04,13:57:44,0,0,1
2017-06-04,13:57:45,0,0,1
2017-06-04,13:57:46,0,0,1
2017-06-04,13:57:47,0,0,1
2017-06-04,13:57:48,0,0,1
2017-06-04,13:57:49,0,0,1
2017-06-04,13:57:50,0,0,1
2017-06-04,13:57:51,0,0,1
2017-06-04,13:57:52,0,0,1
2017-06-04,13:57:53,0,0,1
2017-06-04,13:57:54,0,0,1
2017-06-04,13:57:55,0,0,1
2017-06-04,13:57:56,0,0,1
2017-06-04,13:57:57,0,0,1
2017-06-04,13:57:58,0,0,1
2017-06-04,13:57:59,0,0,1
2017-06-04,13:58:00,0,0,1
2017-06-04,13:58:01,0,0,1
2017-06-04,13:58:02,0,0,1
2017-06-04,13:58:03,0,0,1
2017-06-04,13:58:04,0,0,1
2017-06-04,13:58:05,0,0,1
2017-06-04,13:58:06,0,0,1
2017-06-04,13:58:07,0,0,1
2017-06-04,13:58:08,0,0,1
2017-06-04,13:58:09,0,0,1
2017-06-04,13:58:10,0,0,1
2017-06-04,13:58:11,0,0,1
2017-06-04,13:58:12,0,0,2
2017-06-04,13:58:13,0,0,2
2017-06-04,13:58:14,0,0,2
2017-06-04,13:58:15,0,0,2
2017-06-04,13:58:16,0,0,2
2017-06-04,13:58:17,0,0,2
2017-06-04,13:58:18,0,0,2
2017-06-04,13:58:19,0,0,2
2017-06-04,13:58:20,0,0,2
2017-06-04,13:58:21,0,0,2
2017-06-04,13:58:22,0,0,2
2017-06-04,13:58:23,0,0,2
2017-06-04,13:58:24,0,0,2
2017-06-04,13:58:25,0,0,2
2017-06-04,13:58:26,0,0,2
2017-06-04,13:58:27,0,0,2
2017-06-04,13:58:28,0,0,2
2017-06-04,13:58:29,0,0,2
2017-06-04,13:58:30,0,0,2
2017-06-04,13:58:31,0,0,2
2017-06-04,13:58:32,0,0,2
2017-06-04,13:58:33,0,0,2
2017-06-04,13:58:34,0,0,2
2017-06-04,13:58:35,0,0,2
2017-06-04,13:58:36,0,0,2
2017-06-04,13:58:37,0,0,2
2017-06-04,13:58:38,0,0,2
2017-06-04,13:58:39,0,0,2
2017-06-04,13:58:40,0,0,2
2017-06-04,13:58:41,0,0,2
2017-06-04,13:58:42,0,0,2
2017-06-04,13:58:43,0,0,2
2017-06-04,13:58:44,0,0,2
2017-06-04,13:58:45,0,0,2
2017-06-04,13:58:46,0,0,2
2017-06-04,13:58:47,0,0,2
2017-06-04,13:58:48,0,0,2
2017-06-04,13:58:49,0,0,2
2017-06-04,13:58:50,0,0,2
2017-06-04,13:58:51,0,0,2
2017-06-04,13:58:52,0,0,2
2017-06-04,13:58:53,0,0,2
2017-06-04,13:58:54,0,0,2
2017-06-04,13:58:55,0,0,2
2017-06-04,13:58:56,0,0,2
2017-06-04,13:58:57,0,0,2
2017-06-04,13:58:58,0,0,2
2017-06-04,13:58:59,0,0,2
2017-06-04,13:59:00,0,0,2
2017-06-04,13:59:01,0,0,2
2017-06-04,13:59:02,0,0,2
2017-06-04,13:59:03,0,0,2
2017-06-04,13:59:04,0,0,2
2017-06-04,13:59:05,0,0,2
2017-06-04,13:59:06,0,0,2
2017-06-04,13:59:07,0,0,2
2017-06-04,13:59:08,0,0,2
2017-06-04,13:59:09,0,0,2
2017-06-04,13:59:10,0,0,2
2017-06-04,13:59:11,0,0,2
2017-06-04,13:59:12,0,0,3
2017-06-04,13:59:13,0,0,3
2017-06-04,13:59:14,0,0,3
2017-06-04,13:59:15,0,0,3
2017-06-04,13:59:16,0,0,3
2017-06-04,13:59:17,0,0,3
2017-06-04,13:59:18,0,0,3
2017-06-04,13:59:19,0,0,3
2017-06-04,13:59:20,0,0,3
2017-06-04,13:59:21,0,0,3
2017-06-04,13:59:22,0,0,3
2017-06-04,13:59:23,0,0,3
2017-06-04,13:59:24,0,0,3
2017-06-04,13:59:25,0,0,3
2017-06-04,13:59:26,0,0,3
2017-06-04,13:59:27,0,0,3
2017-06-04,13:59:28,0,0,3
2017-06-04,13:59:29,0,0,3
2017-06-04,13:59:30,0,0,3
2017-06-04,13:59:31,0,0,3
2017-06-04,13:59:32,0,0,3
2017-06-04,13:59:33,0,0,3
2017-06-04,13:59:34,0,0,3
2017-06-04,13:59:35,0,0,3
2017-06-04,13:59:36,0,0,3
2017-06-04,13:59:37,0,0,3
2017-06-04,13:59:38,0,0,3
2017-06-04,13:59:39,0,0,3
2017-06-04,13:59:40,0,0,3
2017-06-04,13:59:41,0,0,3
2017-06-04,13:59:42,0,0,3
2017-06-04,13:59:43,0,0,3
2017-06-04,13:59:44,0,0,3
2017-06-04,13:59:45,0,0,3
2017-06-04,13:59:46,0,0,3
2017-06-04,13:59:47,0,0,3
2017-06-04,13:59:48,0,0,3
2017-06-04,13:59:49,0,0,3
2017-06-04,13:59:50,0,0,3
2017-06-04,13:59:51,0,0,3
2017-06-04,13:59:52,0,0,3
2017-06-04,13:59:53,0,0,3
2017-06-04,13:59:54,0,0,3
2017-06-04,13:59:55,0,0,3
2017-06-04,13:59:56,0,0,3
2017-06-04,13:59:57,0,0,3
2017-06-04,13:59:58,0,0,3
2017-06-04,13:59:59,0,0,3
2017-06-04,14:00:00,0,0,3
2017-06-04,14:00:01,0,0,3
2017-06-04,14:00:02,0,0,3
2017-06-04,14:00:03,0,0,3
2017-06-04,14:00:04,0,0,3
2017-06-04,14:00:05,0,0,3
2017-06-04,14:00:06,0,0,3
2017-06-04,14:00:07,0,0,3
2017-06-04,14:00:08,0,0,3
2017-06-04,14:00:09,0,0,3
2017-06-04,14:00:10,0,0,3
2017-06-04,14:00:11,0,0,3
2017-06-04,14:00:12,0,0,4
2017-06-04,14:00:13,0,0,4
2017-06-04,14:00:14,0,0,4
2017-06-04,14:00:15,0,0,4
2017-06-04,14:00:16,0,0,4
2017-06-04,14:00:17,0,0,4
2017-06-04,14:00:18,0,0,4
2017-06-04,14:00:19,0,0,4
2017-06-04,14:00:20,0,0,4
2017-06-04,14:00:21,0,0,4
2017-06-04,14:00:22,0,0,4
2017-06-04,14:00:23,0,0,4
2017-06-04,14:00:24,0,0,4
2017-06-04,14:00:25,0,0,4
2017-06-04,14:00:26,0,0,4
2017-06-04,14:00:27,0,0,4
2017-06-04,14:00:28,0,0,4
2017-06-04,14:00:29,0,0,4
2017-06-04,14:00:30,0,0,4
2017-06-04,14:00:31,0,0,4
2017-06-04,14:00:32,0,0,4
2017-06-04,14:00:33,0,0,4
2017-06-04,14:00:34,0,0,4
2017-06-04,14:00:35,0,0,4
2017-06-04,14:00:36,0,0,4
2017-06-04,14:00:37,0,0,4
2017-06-04,14:00:38,0,0,4
2017-06-04,14:00:39,0,0,4
2017-06-04,14:00:40,0,0,4
2017-06-04,14:00:41,0,0,4
2017-06-04,14:00:42,0,0,4
2017-06-04,14:00:43,0,0,4
2017-06-04,14:00:44,0,0,4
2017-06-04,14:00:45,0,0,4
2017-06-04,14:00:46,0,0,4
2017-06-04,14:00:47,0,0,4
2017-06-04,14:00:48,0,0,4
2017-06-04,14:00:49,0,0,4
2017-06-04,14:00:50,0,0,4
2017-06-04,14:00:51,0,0,4
2017-06-04,14:00:52,0,0,4
2017-06-04,14:00:53,0,0,4
2017-06-04,14:00:54,0,0,4
2017-06-04,14:00:55,0,0,4
2017-06-04,14:00:56,0,0,4
2017-06-04,14:00:57,0,0,4
2017-06-04,14:00:58,0,0,4
2017-06-04,14:00:59,0,0,4
2017-06-04,14:01:00,0,0,4
2017-06-04,14:01:01,0,0,4
2017-06-04,14:01:02,0,0,4
2017-06-04,14:01:03,0,0,4
2017-06-04,14:01:04,0,0,4
2017-06-04,14:01:05,0,0,4
2017-06-04,14:01:06,0,0,4
2017-06-04,14:01:07,0,0,4
2017-06-04,14:01:08,0,0,4
2017-06-04,14:01:09,0,0,4
2017-06-04,14:01:10,0,0,4
2017-06-04,14:01:11,0,0,4
2017-06-04,14:01:12,0,0,5
2017-06-04,14:01:13,0,0,5
2017-06-04,14:01:14,0,0,5
2017-06-04,14:01:15,0,0,5
2017-06-04,14:01:16,0,0,5
2017-06-04,14:01:17,0,0,5
2017-06-04,14:01:18,0,0,5
2017-06-04,14:01:19,0,0,5
2017-06-04,14:01:20,0,0,5
2017-06-04,14:01:21,0,0,5
2017-06-04,14:01:22,0,0,5
2017-06-04,14:01:23,0,0,5
2017-06-04,14:01:24,0,0,5
2017-06-04,14:01:25,0,0,5
2017-06-04,14:01:26,0,0,5
2017-06-04,14:01:27,0,0,5
2017-06-04,14:01:28,0,0,5
2017-06-04,14:01:29,0,0,5
2017-06-04,14:01:30,0,0,5
2017-06-04,14:01:31,0,0,5
2017-06-04,14:01:32,0,0,5
2017-06-04,14:01:33,0,0,5
2017-06-04,14:01:34,0,0,5
2017-06-04,14:01:35,0,0,5
2017-06-04,14:01:36,0,0,5
2017-06-04,14:01:37,0,0,5
2017-06-04,14:01:38,0,0,5
2017-06-04,14:01:39,0,0,5
2017-06-04,14:01:40,0,0,5
2017-06-04,14:01:41,0,0,5
2017-06-04,14:01:42,0,0,5
2017-06-04,14:01:43,0,0,5
2017-06-04,14:01:44,0,0,5
2017-06-04,14:01:45,0,0,5
2017-06-04,14:01:46,0,0,5
2017-06-04,14:01:47,0,0,5
2017-06-04,14:01:48,0,0,5
2017-06-04,14:01:49,0,0,5
2017-06-04,14:01:50,0,0,5
2017-06-04,14:01:51,0,0,5
2017-06-04,14:01:52,0,0,5
2017-06-04,14:01:53,0,0,5
2017-06-04,14:01:54,0,0,5
2017-06-04,14:01:55,0,0,5
2017-06-04,14:01:56,0,0,5
2017-06-04,14:01:57,0,0,5
2017-06-04,14:01:58,0,0,5
2017-06-04,14:01:59,0,0,5
2017-06-04,14:02:00,0,0,5
2017-06-04,14:02:01,0,0,5
2017-06-04,14:02:02,0,0,5
2017-06-04,14:02:03,0,0,5
2017-06-04,14:02:04,0,0,5
2017-06-04,14:02:05,0,0,5
2017-06-04,14:02:06,0,0,5
2017-06-04,14:02:07,0,0,5
2017-06-04,14:02:08,0,0,5
2017-06-04,14:02:09,0,0,5
2017-06-04,14:02:10,0,0,5
2017-06-04,14:02:11,0,0,5
2017-06-04,14:02:12,0,0,6
2017-06-04,14:02:13,0,0,6
2017-06-04,14:02:14,0,0,6
2017-06-04,14:02:15,0,0,6
2017-06-04,14:02:16,0,0,6
2017-06-04,14:02:17,0,0,6
2017-06-04,14:02:18,1956,0,6
2017-06-04,14:02:19,1433,0,6
2017-06-04,14:02:20,2230,0,6
2017-06-04,14:02:21,3500,0,6
2017-06-04,14:02:22,1820,0,6
2017-06-04,14:02:23,2031,0,6
2017-06-04,14:02:24,2280,0,6
2017-06-04,14:02:25,0,0,6
2017-06-04,14:02:26,0,0,6
2017-06-04,14:02:27,1215,0,6
2017-06-04,14:02:28,0,0,6
2017-06-04,14:02:29,1489,0,6
2017-06-04,14:02:30,1430,0,6
2017-06-04,14:02:31,1383,0,6
2017-06-04,14:02:32,1207,1,1
2017-06-04,14:02:33,1209,0,1
2017-06-04,14:02:34,1207,0,1
2017-06-04,14:02:35,1403,0,1
2017-06-04,14:02:36,1413,0,1
2017-06-04,14:02:37,0,0,1
2017-06-04,14:02:38,0,0,1
2017-06-04,14:02:39,1146,0,1
2017-06-04,14:02:40,1320,0,1
2017-06-04,14:02:41,1641,0,1
2017-06-04,14:02:42,1533,0,1
2017-06-04,14:02:43,0,0,1
2017-06-04,14:02:44,0,0,1
2017-06-04,14:02:45,0,0,1
2017-06-04,14:02:46,1090,0,1
2017-06-04,14:02:47,0,0,1
2017-06-04,14:02:48,0,0,1
2017-06-04,14:02:49,0,0,1
2017-06-04,14:02:50,1099,0,1
2017-06-04,14:02:51,0,0,1
2017-06-04,14:02:52,0,0,1
2017-06-04,14:02:53,0,0,1
2017-06-04,14:02:54,0,0,1
2017-06-04,14:02:55,0,0,1
2017-06-04,14:02:56,1043,0,1
2017-06-04,14:02:57,0,0,1
2017-06-04,14:02:58,0,0,1
2017-06-04,14:02:59,0,0,1
2017-06-04,14:03:00,1449,0,1
2017-06-04,14:03:01,1768,0,1
2017-06-04,14:03:02,0,0,1
2017-06-04,14:03:03,1410,0,1
2017-06-04,14:03:04,1441,0,1
2017-06-04,14:03:05,1546,0,1
2017-06-04,14:03:06,1156,0,1
2017-06-04,14:03:07,0,0,1
2017-06-04,14:03:08,0,0,1
2017-06-04,14:03:09,0,0,1
2017-06-04,14:03:10,0,0,1
2017-06-04,14:03:11,0,0,1
2017-06-04,14:03:12,0,0,1
2017-06-04,14:03:13,0,0,1
2017-06-04,14:03:14,0,0,1
2017-06-04,14:03:15,0,0,1
2017-06-04,14:03:16,0,0,1
2017-06-04,14:03:17,0,0,1
2017-06-04,14:03:18,0,0,1
2017-06-04,14:03:19,0,0,1
2017-06-04,14:03:20,0,0,1
2017-06-04,14:03:21,0,0,1
2017-06-04,14:03:22,0,0,1
2017-06-04,14:03:23,0,0,1
2017-06-04,14:03:24,0,0,1
2017-06-04,14:03:25,0,0,1
2017-06-04,14:03:26,0,0,1
2017-06-04,14:03:27,0,0,1
2017-06-04,14:03:28,0,0,1
2017-06-04,14:03:29,0,0,1
2017-06-04,14:03:30,0,0,1
2017-06-04,14:03:31,0,0,1
2017-06-04,14:03:32,0,0,1
2017-06-04,14:03:33,0,0,1
2017-06-04,14:03:34,0,0,1
2017-06-04,14:03:35,0,0,1
2017-06-04,14:03:36,0,0,1
2017-06-04,14:03:37,0,0,1
2017-06-04,14:03:38,0,0,1
2017-06-04,14:03:39,0,0,1
2017-06-04,14:03:40,0,0,1
2017-06-04,14:03:41,0,0,1
2017-06-04,14:03:42,0,0,1
2017-06-04,14:03:43,0,0,1
2017-06-04,14:03:44,0,0,1
2017-06-04,14:03:45,0,0,1
2017-06-04,14:03:46,0,0,1
2017-06-04,14:03:47,0,0,1
2017-06-04,14:03:48,0,0,1
2017-06-04,14:03:49,0,0,1
2017-06-04,14:03:50,0,0,1
2017-06-04,14:03:51,0,0,1
2017-06-04,14:03:52,0,0,1
2017-06-04,14:03:53,0,0,1
2017-06-04,14:03:54,0,0,1
2017-06-04,14:03:55,0,0,1
2017-06-04,14:03:56,0,0,1
2017-06-04,14:03:57,0,0,1
2017-06-04,14:03:58,0,0,1
2017-06-04,14:03:59,0,0,1
2017-06-04,14:04:00,0,0,1
2017-06-04,14:04:01,0,0,1
2017-06-04,14:04:02,0,0,1
2017-06-04,14:04:03,0,0,1
2017-06-04,14:04:04,0,0,1
2017-06-04,14:04:05,0,0,1
2017-06-04,14:04:06,0,0,1
2017-06-04,14:04:07,0,0,1
2017-06-04,14:04:08,0,0,1
2017-06-04,14:04:09,0,0,1
2017-06-04,14:04:10,0,0,1
2017-06-04,14:04:11,0,0,1
2017-06-04,14:04:12,0,0,1
2017-06-04,14:04:13,0,0,1
2017-06-04,14:04:14,0,0,1
2017-06-04,14:04:15,0,0,1
2017-06-04,14:04:16,0,0,1
2017-06-04,14:04:17,0,0,1
2017-06-04,14:04:18,0,0,1
2017-06-04,14:04:19,0,0,1
2017-06-04,14:04:20,0,0,1
2017-06-04,14:04:21,0,0,1
2017-06-04,14:04:22,0,0,1
2017-06-04,14:04:23,0,0,1
2017-06-04,14:04:24,0,0,1
2017-06-04,14:04:25,0,0,1
2017-06-04,14:04:26,0,0,1
2017-06-04,14:04:27,0,0,1
2017-06-04,14:04:28,0,0,1
2017-06-04,14:04:29,0,0,1
2017-06-04,14:04:30,0,0,1
2017-06-04,14:04:31,0,0,1
2017-06-04,14:04:32,0,0,1
2017-06-04,14:04:33,0,0,1
2017-06-04,14:04:34,0,0,1
2017-06-04,14:04:35,0,0,1
2017-06-04,14:04:36,0,0,1
2017-06-04,14:04:37,0,0,1
2017-06-04,14:04:38,0,0,1
2017-06-04,14:04:39,0,0,1
2017-06-04,14:04:40,0,0,1
2017-06-04,14:04:41,0,0,1
2017-06-04,14:04:42,0,0,1
2017-06-04,14:04:43,0,0,1
2017-06-04,14:04:44,0,0,1
2017-06-04,14:04:45,0,0,1
2017-06-04,14:04:46,0,0,1
2017-06-04,14:04:47,0,0,1
2017-06-04,14:04:48,0,0,1
2017-06-04,14:04:49,0,0,1
2017-06-04,14:04:50,0,0,1
2017-06-04,14:04:51,0,0,1
2017-06-04,14:04:52,0,0,1
2017-06-04,14:04:53,0,0,1
2017-06-04,14:04:54,0,0,1
2017-06-04,14:04:55,0,0,1
2017-06-04,14:04:56,0,0,1
2017-06-04,14:04:57,0,0,1
2017-06-04,14:04:58,0,0,1
2017-06-04,14:04:59,0,0,1
2017-06-04,14:05:00,0,0,1
2017-06-04,14:05:01,0,0,1
2017-06-04,14:05:02,0,0,1
2017-06-04,14:05:03,0,0,1
2017-06-04,14:05:04,0,0,1
2017-06-04,14:05:05,0,0,1
2017-06-04,14:05:06,0,0,1
2017-06-04,14:05:07,0,0,1
2017-06-04,14:05:08,0,0,1
2017-06-04,14:05:09,0,0,1
2017-06-04,14:05:10,0,0,1
2017-06-04,14:05:11,0,0,1
2017-06-04,14:05:12,0,0,1
2017-06-04,14:05:13,0,0,1
2017-06-04,14:05:14,0,0,1
2017-06-04,14:05:15,0,0,1
2017-06-04,14:05:16,0,0,1
2017-06-04,14:05:17,0,0,1
2017-06-04,14:05:18,0,0,1
2017-06-04,14:05:19,0,0,1
2017-06-04,14:05:20,0,0,1
2017-06-04,14:05:21,0,0,1
2017-06-04,14:05:22,0,0,1
2017-06-04,14:05:23,0,0,1
2017-06-04,14:05:24,0,0,1
2017-06-04,14:05:25,0,0,1
2017-06-04,14:05:26,0,0,1
2017-06-04,14:05:27,0,0,1
2017-06-04,14:05:28,0,0,1
2017-06-04,14:05:29,0,0,1
2017-06-04,14:05:30,0,0,1
2017-06-04,14:05:31,0,0,1
2017-06-04,14:05:32,0,0,1
2017-06-04,14:05:33,0,0,1
2017-06-04,14:05:34,0,0,1
2017-06-04,14:05:35,0,0,1
2017-06-04,14:05:36,0,0,1
2017-06-04,14:05:37,0,0,1
2017-06-04,14:05:38,0,0,1
2017-06-04,14:05:39,0,0,1
2017-06-04,14:05:40,0,0,1
2017-06-04,14:05:41,0,0,1
2017-06-04,14:05:42,0,0,1
2017-06-04,14:05:43,0,0,1
2017-06-04,14:05:44,0,0,1
2017-06-04,14:05:45,0,0,1
2017-06-04,14:05:46,0,0,1
2017-06-04,14:05:47,0,0,1
2017-06-04,14:05:48,0,0,1
2017-06-04,14:05:49,0,0,1
2017-06-04,14:05:50,0,0,1
2017-06-04,14:05:51,0,0,1
2017-06-04,14:05:52,0,0,1
2017-06-04,14:05:53,0,0,1
2017-06-04,14:05:54,0,0,1
2017-06-04,14:05:55,0,0,1
2017-06-04,14:05:56,0,0,1
2017-06-04,14:05:57,0,0,1
2017-06-04,14:05:58,0,0,1
2017-06-04,14:05:59,0,0,1
2017-06-04,14:06:00,0,0,1
2017-06-04,14:06:01,0,0,1
2017-06-04,14:06:02,0,0,1
2017-06-04,14:06:03,0,0,1
2017-06-04,14:06:04,0,0,1
2017-06-04,14:06:05,0,0,1
2017-06-04,14:06:06,0,0,1
2017-06-04,14:06:07,0,0,1
2017-06-04,14:06:08,0,0,1
2017-06-04,14:06:09,0,0,1
2017-06-04,14:06:10,0,0,1
2017-06-04,14:06:11,0,0,1
2017-06-04,14:06:12,0,0,1
2017-06-04,14:06:13,0,0,1
2017-06-04,14:06:14,0,0,1
2017-06-04,14:06:15,0,0,1
2017-06-04,14:06:16,0,0,1
2017-06-04,14:06:17,0,0,1
2017-06-04,14:06:18,0,0,1
2017-06-04,14:06:19,0,0,1
2017-06-04,14:06:20,0,0,1
2017-06-04,14:06:21,0,0,1
2017-06-04,14:06:22,0,0,1
2017-06-04,14:06:23,0,0,1
2017-06-04,14:06:24,0,0,1
2017-06-04,14:06:25,0,0,1
2017-06-04,14:06:26,0,0,1
2017-06-04,14:06:27,0,0,1
2017-06-04,14:06:28,0,0,1
2017-06-04,14:06:29,0,0,1
2017-06-04,14:06:30,0,0,1
2017-06-04,14:06:31,0,0,1
2017-06-04,14:06:32,0,0,1
2017-06-04,14:06:33,0,0,1
2017-06-04,14:06:34,0,0,1
2017-06-04,14:06:35,0,0,1
2017-06-04,14:06:36,0,0,1
2017-06-04,14:06:37,0,0,1
2017-06-04,14:06:38,0,0,1
2017-06-04,14:06:39,0,0,1
2017-06-04,14:06:40,0,0,1
2017-06-04,14:06:41,0,0,1
2017-06-04,14:06:42,0,0,1
2017-06-04,14:06:43,0,0,1
2017-06-04,14:06:44,0,0,1
2017-06-04,14:06:45,0,0,1
2017-06-04,14:06:46,0,0,1
2017-06-04,14:06:47,0,0,1
2017-06-04,14:06:48,0,0,1
2017-06-04,14:06:49,0,0,1
2017-06-04,14:06:50,0,0,1
2017-06-04,14:06:51,0,0,1
2017-06-04,14:06:52,0,0,1
2017-06-04,14:06:53,0,0,1
2017-06-04,14:06:54,0,0,1
2017-06-04,14:06:55,0,0,1
2017-06-04,14:06:56,0,0,1
2017-06-04,14:06:57,0,0,1
2017-06-04,14:06:58,0,0,1
2017-06-04,14:06:59,0,0,1
2017-06-04,14:07:00,0,0,1
2017-06-04,14:07:01,0,0,1
2017-06-04,14:07:02,0,0,1
2017-06-04,14:07:03,0,0,1
2017-06-04,14:07:04,0,0,1
2017-06-04,14:07:05,0,0,1
2017-06-04,14:07:06,0,0,1
2017-06-04,14:07:07,0,0,1
2017-06-04,14:07:08,0,0,1
2017-06-04,14:07:09,0,0,1
2017-06-04,14:07:10,0,0,1
2017-06-04,14:07:11,0,0,1
2017-06-04,14:07:12,0,0,1
2017-06-04,14:07:13,0,0,1
2017-06-04,14:07:14,0,0,1
2017-06-04,14:07:15,0,0,1
2017-06-04,14:07:16,0,0,1
2017-06-04,14:07:17,0,0,1
2017-06-04,14:07:18,0,0,1
2017-06-04,14:07:19,0,0,1
2017-06-04,14:07:20,0,0,1
2017-06-04,14:07:21,0,0,1
2017-06-04,14:07:22,0,0,1
2017-06-04,14:07:23,0,0,1
2017-06-04,14:07:24,0,0,1
2017-06-04,14:07:25,0,0,1
2017-06-04,14:07:26,0,0,1
2017-06-04,14:07:27,0,0,1
2017-06-04,14:07:28,0,0,1
2017-06-04,14:07:29,0,0,1
2017-06-04,14:07:30,0,0,1
2017-06-04,14:07:31,0,0,1
2017-06-04,14:07:32,0,0,1
2017-06-04,14:07:33,0,0,1
2017-06-04,14:07:34,0,0,1
2017-06-04,14:07:35,0,0,1
2017-06-04,14:07:36,0,0,1
2017-06-04,14:07:37,0,0,1
2017-06-04,14:07:38,0,0,1
2017-06-04,14:07:39,0,0,1
2017-06-04,14:07:40,0,0,1
2017-06-04,14:07:41,0,0,1
2017-06-04,14:07:42,0,0,1
2017-06-04,14:07:43,0,0,1
2017-06-04,14:07:44,0,0,1
2017-06-04,14:07:45,0,0,1
2017-06-04,14:07:46,0,0,1
2017-06-04,14:07:47,0,0,1
2017-06-04,14:07:48,0,0,1
2017-06-04,14:07:49,0,0,1
2017-06-04,14:07:50,0,0,1
2017-06-04,14:07:51,0,0,1
2017-06-04,14:07:52,0,0,1
2017-06-04,14:07:53,0,0,1
2017-06-04,14:07:54,0,0,1
2017-06-04,14:07:55,0,0,1
2017-06-04,14:07:56,0,0,1
2017-06-04,14:07:57,0,0,1
2017-06-04,14:07:58,0,0,1
2017-06-04,14:07:59,0,0,1
2017-06-04,14:08:00,0,0,1
2017-06-04,14:08:01,0,0,1
2017-06-04,14:08:02,0,0,1
2017-06-04,14:08:03,0,0,1
2017-06-04,14:08:04,0,0,1
2017-06-04,14:08:05,0,0,1
2017-06-04,14:08:06,0,0,1
2017-06-04,14:08:07,0,0,1
2017-06-04,14:08:08,0,0,1
2017-06-04,14:08:09,0,0,1
2017-06-04,14:08:10,0,0,1
2017-06-04,14:08:11,0,0,1
2017-06-04,14:08:12,0,0,1
2017-06-04,14:08:13,0,0,1
2017-06-04,14:08:14,0,0,1
2017-06-04,14:08:15,0,0,1
2017-06-04,14:08:16,0,0,1
2017-06-04,14:08:17,0,0,1
2017-06-04,14:08:18,0,0,1
2017-06-04,14:08:19,0,0,1
2017-06-04,14:08:20,0,0,1
2017-06-04,14:08:21,0,0,1
2017-06-04,14:08:22,0,0,1
2017-06-04,14:08:23,0,0,1
2017-06-04,14:08:24,0,0,1
2017-06-04,14:08:25,0,0,1
2017-06-04,14:08:26,0,0,1
2017-06-04,14:08:27,0,0,1
2017-06-04,14:08:28,0,0,1
2017-06-04,14:08:29,0,0,1
2017-06-04,14:08:30,0,0,1
2017-06-04,14:08:31,0,0,1
2017-06-04,14:08:32,0,0,1
2017-06-04,14:08:33,0,0,1
2017-06-04,14:08:34,0,0,1
2017-06-04,14:08:35,0,0,1
2017-06-04,14:08:36,0,0,1
2017-06-04,14:08:37,0,0,1
2017-06-04,14:08:38,0,0,1
2017-06-04,14:08:39,0,0,1
2017-06-04,14:08:40,0,0,1
2017-06-04,14:08:41,0,0,2
2017-06-04,14:08:42,0,0,2
2017-06-04,14:08:43,0,0,2
2017-06-04,14:08:44,0,0,2
2017-06-04,14:08:45,0,0,2
2017-06-04,14:08:46,0,0,2
2017-06-04,14:08:47,0,0,2
2017-06-04,14:08:48,0,0,2
2017-06-04,14:08:49,0,0,2
2017-06-04,14:08:50,0,0,2
2017-06-04,14:08:51,0,0,2
2017-06-04,14:08:52,0,0,2
2017-06-04,14:08:53,0,0,2
2017-06-04,14:08:54,0,0,2
2017-06-04,14:08:55,0,0,2
2017-06-04,14:08:56,0,0,2
2017-06-04,14:08:57,0,0,2
2017-06-04,14:08:58,0,0,2
2017-06-04,14:08:59,0,0,2
2017-06-04,14:09:00,0,0,2
2017-06-04,14:09:01,0,0,2
2017-06-04,14:09:02,0,0,2
2017-06-04,14:09:03,0,0,2
2017-06-04,14:09:04,0,0,2
2017-06-04,14:09:05,0,0,2
2017-06-04,14:09:06,0,0,2
2017-06-04,14:09:07,0,0,2
2017-06-04,14:09:08,0,0,2
2017-06-04,14:09:09,0,0,2
2017-06-04,14:09:10,0,0,2
2017-06-04,14:09:11,0,0,2
2017-06-04,14:09:12,0,0,2
2017-06-04,14:09:13,0,0,2
2017-06-04,14:09:14,0,0,2
2017-06-04,14:09:15,0,0,2
2017-06-04,14:09:16,0,0,2
2017-06-04,14:09:17,0,0,2
2017-06-04,14:09:18,0,0,2
2017-06-04,14:09:19,0,0,2
2017-06-04,14:09:20,0,0,2
2017-06-04,14:09:21,0,0,2
2017-06-04,14:09:22,0,0,2
2017-06-04,14:09:23,0,0,2
2017-06-04,14:09:24,0,0,2
2017-06-04,14:09:25,0,0,2
2017-06-04,14:09:26,0,0,2
2017-06-04,14:09:27,0,0,2
2017-06-04,14:09:28,0,0,2
2017-06-04,14:09:29,0,0,2
2017-06-04,14:09:30,0,0,2
2017-06-04,14:09:31,0,0,2
2017-06-04,14:09:32,0,0,2
2017-06-04,14:09:33,0,0,2
2017-06-04,14:09:34,0,0,2
2017-06-04,14:09:35,0,0,2
2017-06-04,14:09:36,0,0,2
2017-06-04,14:09:37,0,0,2
2017-06-04,14:09:38,0,0,2
2017-06-04,14:09:39,0,0,2
2017-06-04,14:09:40,0,0,2
2017-06-04,14:09:41,0,0,3
2017-06-04,14:09:42,0,0,3
2017-06-04,14:09:43,0,0,3
2017-06-04,14:09:44,0,0,3
2017-06-04,14:09:45,0,0,3
2017-06-04,14:09:46,0,0,3
2017-06-04,14:09:47,0,0,3
2017-06-04,14:09:48,0,0,3
2017-06-04,14:09:49,0,0,3
2017-06-04,14:09:50,0,0,3
2017-06-04,14:09:51,0,0,3
2017-06-04,14:09:52,0,0,3
2017-06-04,14:09:53,0,0,3
2017-06-04,14:09:54,0,0,3
2017-06-04,14:09:55,0,0,3
2017-06-04,14:09:56,0,0,3
2017-06-04,14:09:57,0,0,3
2017-06-04,14:09:58,0,0,3
2017-06-04,14:09:59,0,0,3
2017-06-04,14:10:00,0,0,3
2017-06-04,14:10:01,0,0,3
2017-06-04,14:10:02,0,0,3
2017-06-04,14:10:03,0,0,3
2017-06-04,14:10:04,0,0,3
2017-06-04,14:10:05,0,0,3
2017-06-04,14:10:06,0,0,3
2017-06-04,14:10:07,0,0,3
2017-06-04,14:10:08,0,0,3
2017-06-04,14:10:09,0,0,3
2017-06-04,14:10:10,0,0,3
2017-06-04,14:10:11,0,0,3
2017-06-04,14:10:12,0,0,3
2017-06-04,14:10:13,0,0,3
2017-06-04,14:10:14,0,0,3
2017-06-04,14:10:15,0,0,3
2017-06-04,14:10:16,0,0,3
2017-06-04,14:10:17,0,0,3
2017-06-04,14:10:18,0,0,3
2017-06-04,14:10:19,0,0,3
2017-06-04,14:10:20,0,0,3
2017-06-04,14:10:21,0,0,3
2017-06-04,14:10:22,0,0,3
2017-06-04,14:10:23,0,0,3
2017-06-04,14:10:24,0,0,3
2017-06-04,14:10:25,0,0,3
2017-06-04,14:10:26,0,0,3
2017-06-04,14:10:27,0,0,3
2017-06-04,14:10:28,0,0,3
2017-06-04,14:10:29,0,0,3
2017-06-04,14:10:30,0,0,3
2017-06-04,14:10:31,0,0,3
2017-06-04,14:10:32,0,0,3
2017-06-04,14:10:33,0,0,3
2017-06-04,14:10:34,0,0,3
2017-06-04,14:10:35,0,0,3
2017-06-04,14:10:36,0,0,3
2017-06-04,14:10:37,0,0,3
2017-06-04,14:10:38,0,0,3
2017-06-04,14:10:39,0,0,3
2017-06-04,14:10:40,0,0,3
2017-06-04,14:10:41,0,0,4
2017-06-04,14:10:42,0,0,4
2017-06-04,14:10:43,0,0,4
2017-06-04,14:10:44,0,0,4
2017-06-04,14:10:45,0,0,4
2017-06-04,14:10:46,0,0,4
2017-06-04,14:10:47,0,0,4
2017-06-04,14:10:48,0,0,4
2017-06-04,14:10:49,0,0,4
2017-06-04,14:10:50,0,0,4
2017-06-04,14:10:51,0,0,4
2017-06-04,14:10:52,0,0,4
2017-06-04,14:10:53,0,0,4
2017-06-04,14:10:54,0,0,4
2017-06-04,14:10:55,0,0,4
2017-06-04,14:10:56,0,0,4
2017-06-04,14:10:57,0,0,4
2017-06-04,14:10:58,0,0,4
2017-06-04,14:10:59,0,0,4
2017-06-04,14:11:00,0,0,4
2017-06-04,14:11:01,0,0,4
2017-06-04,14:11:02,0,0,4
2017-06-04,14:11:03,0,0,4
2017-06-04,14:11:04,0,0,4
2017-06-04,14:11:05,0,0,4
2017-06-04,14:11:06,0,0,4
2017-06-04,14:11:07,0,0,4
2017-06-04,14:11:08,0,0,4
2017-06-04,14:11:09,0,0,4
2017-06-04,14:11:10,0,0,4
2017-06-04,14:11:11,0,0,4
2017-06-04,14:11:12,0,0,4
2017-06-04,14:11:13,0,0,4
2017-06-04,14:11:14,0,0,4
2017-06-04,14:11:15,0,0,4
2017-06-04,14:11:16,0,0,4
2017-06-04,14:11:17,0,0,4
2017-06-04,14:11:18,0,0,4
2017-06-04,14:11:19,0,0,4
2017-06-04,14:11:20,0,0,4
2017-06-04,14:11:21,0,0,4
2017-06-04,14:11:22,0,0,4
2017-06-04,14:11:23,0,0,4
2017-06-04,14:11:24,0,0,4
2017-06-04,14:11:25,0,0,4
2017-06-04,14:11:26,0,0,4
2017-06-04,14:11:27,0,0,4
2017-06-04,14:11:28,0,0,4
2017-06-04,14:11:29,0,0,4
2017-06-04,14:11:30,0,0,4
2017-06-04,14:11:31,0,0,4
2017-06-04,14:11:32,0,0,4
2017-06-04,14:11:33,0,0,4
2017-06-04,14:11:34,0,0,4
2017-06-04,14:11:35,0,0,4
2017-06-04,14:11:36,0,0,4
2017-06-04,14:11:37,0,0,4
2017-06-04,14:11:38,0,0,4
2017-06-04,14:11:39,0,0,4
2017-06-04,14:11:40,0,0,4
2017-06-04,14:11:41,0,0,5
2017-06-04,14:11:42,0,0,5
2017-06-04,14:11:43,0,0,5
2017-06-04,14:11:44,0,0,5
2017-06-04,14:11:45,0,0,5
2017-06-04,14:11:46,0,0,5
2017-06-04,14:11:47,0,0,5
2017-06-04,14:11:48,0,0,5
2017-06-04,14:11:49,0,0,5
2017-06-04,14:11:50,0,0,5
2017-06-04,14:11:51,0,0,5
2017-06-04,14:11:52,0,0,5
2017-06-04,14:11:53,0,0,5
2017-06-04,14:11:54,0,0,5
2017-06-04,14:11:55,0,0,5
2017-06-04,14:11:56,0,0,5
2017-06-04,14:11:57,0,0,5
2017-06-04,14:11:58,0,0,5
2017-06-04,14:11:59,0,0,5
2017-06-04,14:12:00,0,0,5
2017-06-04,14:12:01,0,0,5
2017-06-04,14:12:02,0,0,5
2017-06-04,14:12:03,0,0,5
2017-06-04,14:12:04,0,0,5
2017-06-04,14:12:05,0,0,5
2017-06-04,14:12:06,0,0,5
2017-06-04,14:12:07,0,0,5
2017-06-04,14:12:08,0,0,5
2017-06-04,14:12:09,0,0,5
2017-06-04,14:12:10,0,0,5
2017-06-04,14:12:11,0,0,5
2017-06-04,14:12:12,0,0,5
2017-06-04,14:12:13,0,0,5
2017-06-04,14:12:14,0,0,5
2017-06-04,14:12:15,0,0,5
2017-06-04,14:12:16,0,0,5
2017-06-04,14:12:17,0,0,5
2017-06-04,14:12:18,0,0,5
2017-06-04,14:12:19,0,0,5
2017-06-04,14:12:20,0,0,5
2017-06-04,14:12:21,0,0,5
2017-06-04,14:12:22,0,0,5
2017-06-04,14:12:23,0,0,5
2017-06-04,14:12:24,0,0,5
2017-06-04,14:12:25,0,0,5
2017-06-04,14:12:26,0,0,5
2017-06-04,14:12:27,0,0,5
2017-06-04,14:12:28,0,0,5
2017-06-04,14:12:29,0,0,5
2017-06-04,14:12:30,0,0,5
2017-06-04,14:12:31,0,0,5
2017-06-04,14:12:32,0,0,5
2017-06-04,14:12:33,0,0,5
2017-06-04,14:12:34,0,0,5
2017-06-04,14:12:35,0,0,5
2017-06-04,14:12:36,0,0,5
2017-06-04,14:12:37,0,0,5
2017-06-04,14:12:38,0,0,5
2017-06-04,14:12:39,0,0,5
2017-06-04,14:12:40,0,0,5
2017-06-04,14:12:41,0,0,6
2017-06-04,14:12:42,0,0,6
2017-06-04,14:12:43,0,0,6
2017-06-04,14:12:44,0,0,6
2017-06-04,14:12:45,0,0,6
2017-06-04,14:12:46,0,0,6
2017-06-04,14:12:47,0,0,6
2017-06-04,14:12:48,0,0,6
2017-06-04,14:12:49,0,0,6
2017-06-04,14:12:50,0,0,6
2017-06-04,14:12:51,0,0,6
2017-06-04,14:12:52,0,0,6
2017-06-04,14:12:53,0,0,6
2017-06-04,14:12:54,0,0,6
2017-06-04,14:12:55,0,0,6
2017-06-04,14:12:56,0,0,6
2017-06-04,14:12:57,0,0,6
2017-06-04,14:12:58,0,0,6
2017-06-04,14:12:59,0,0,6
2017-06-04,14:13:00,0,0,6
2017-06-04,14:13:01,0,0,6
2017-06-04,14:13:02,0,0,6
2017-06-04,14:13:03,0,0,6
2017-06-04,14:13:04,0,0,6
2017-06-04,14:13:05,0,0,6
2017-06-04,14:13:06,0,0,6
2017-06-04,14:13:07,0,0,6
2017-06-04,14:13:08,0,0,6
2017-06-04,14:13:09,0,0,6
2017-06-04,14:13:10,0,0,6
2017-06-04,14:13:11,0,0,6
2017-06-04,14:13:12,0,0,6
2017-06-04,14:13:13,0,0,6
2017-06-04,14:13:14,0,0,6
2017-06-04,14:13:15,0,0,6
2017-06-04,14:13:16,0,0,6
2017-06-04,14:13:17,0,0,6
2017-06-04,14:13:18,0,0,6
2017-06-04,14:13:19,0,0,6
2017-06-04,14:13:20,0,0,6
2017-06-04,14:13:21,0,0,6
2017-06-04,14:13:22,0,0,6
2017-06-04,14:13:23,0,0,6
2017-06-04,14:13:24,0,0,6
2017-06-04,14:13:25,0,0,6
2017-06-04,14:13:26,0,0,6
2017-06-04,14:13:27,0,0,6
2017-06-04,14:13:28,0,0,6
2017-06-04,14:13:29,0,0,6
2017-06-04,14:13:30,0,0,6
2017-06-04,14:13:31,0,0,6
2017-06-04,14:13:32,0,0,6
2017-06-04,14:13:33,0,0,6
2017-06-04,14:13:34,0,0,6
2017-06-04,14:13:35,0,0,6
2017-06-04,14:13:36,0,0,6
2017-06-04,14:13:37,0,0,6
2017-06-04,14:13:38,0,0,6
2017-06-04,14:13:39,0,0,6
2017-06-04,14:13:40,0,0,6
2017-06-04,14:13:41,0,0,7
2017-06-04,14:13:42,0,0,7
2017-06-04,14:13:43,0,0,7
2017-06-04,14:13:44,0,0,7
2017-06-04,14:13:45,0,0,7
2017-06-04,14:13:46,0,0,7
2017-06-04,14:13:47,0,0,7
2017-06-04,14:13:48,0,0,7
2017-06-04,14:13:49,0,0,7
2017-06-04,14:13:50,0,0,7
2017-06-04,14:13:51,0,0,7
2017-06-04,14:13:52,0,0,7
2017-06-04,14:13:53,0,0,7
2017-06-04,14:13:54,0,0,7
2017-06-04,14:13:55,0,0,7
2017-06-04,14:13:56,0,0,7
2017-06-04,14:13:57,0,0,7
2017-06-04,14:13:58,0,0,7
2017-06-04,14:13:59,0,0,7
2017-06-04,14:14:00,0,0,7
2017-06-04,14:14:01,0,0,7
2017-06-04,14:14:02,0,0,7
2017-06-04,14:14:03,0,0,7
2017-06-04,14:14:04,0,0,7
2017-06-04,14:14:05,0,0,7
2017-06-04,14:14:06,0,0,7
2017-06-04,14:14:07,0,0,7
2017-06-04,14:14:08,0,0,7
2017-06-04,14:14:09,0,0,7
2017-06-04,14:14:10,0,0,7
2017-06-04,14:14:11,0,0,7
2017-06-04,14:14:12,0,0,7
2017-06-04,14:14:13,0,0,7
2017-06-04,14:14:14,0,0,7
2017-06-04,14:14:15,0,0,7
2017-06-04,14:14:16,0,0,7
2017-06-04,14:14:17,0,0,7
2017-06-04,14:14:18,0,0,7
2017-06-04,14:14:19,0,0,7
2017-06-04,14:14:20,0,0,7
2017-06-04,14:14:21,0,0,7
2017-06-04,14:14:22,0,0,7
2017-06-04,14:14:23,0,0,7
2017-06-04,14:14:24,0,0,7
2017-06-04,14:14:25,0,0,7
2017-06-04,14:14:26,0,0,7
2017-06-04,14:14:27,0,0,7
2017-06-04,14:14:28,0,0,7
2017-06-04,14:14:29,0,0,7
2017-06-04,14:14:30,0,0,7
2017-06-04,14:14:31,0,0,7
2017-06-04,14:14:32,0,0,7
2017-06-04,14:14:33,1040,0,7
2017-06-04,14:14:34,1143,0,7
2017-06-04,14:14:35,1135,0,7
2017-06-04,14:14:36,0,0,7
2017-06-04,14:14:37,0,0,7
2017-06-04,14:14:38,0,0,7
2017-06-04,14:14:39,0,0,7
2017-06-04,14:14:40,0,0,7
2017-06-04,14:14:41,1019,0,1
2017-06-04,14:14:42,1057,0,1
2017-06-04,14:14:43,0,0,1
2017-06-04,14:14:44,0,0,1
2017-06-04,14:14:45,0,0,1
2017-06-04,14:14:46,0,0,1
2017-06-04,14:14:47,0,0,1
2017-06-04,14:14:48,2139,0,1
2017-06-04,14:14:49,2632,1,7
2017-06-04,14:14:50,2211,0,7
2017-06-04,14:14:51,0,0,7
2017-06-04,14:14:52,1470,0,7
2017-06-04,14:14:53,1996,0,7
2017-06-04,14:14:54,2181,0,7
2017-06-04,14:14:55,2470,0,7
2017-06-04,14:14:56,3055,0,7
2017-06-04,14:14:57,3720,0,7
2017-06-04,14:14:58,2418,0,7
2017-06-04,14:14:59,2303,0,7
2017-06-04,14:15:00,3942,0,7
2017-06-04,14:15:01,3662,0,7
2017-06-04,14:15:02,3366,0,7
2017-06-04,14:15:03,3304,0,7
2017-06-04,14:15:04,3591,0,7
2017-06-04,14:15:05,4165,0,7
2017-06-04,14:15:06,4102,0,7
2017-06-04,14:15:07,3807,0,7
2017-06-04,14:15:08,3176,0,7
2017-06-04,14:15:09,1260,0,7
2017-06-04,14:15:10,1683,0,7
2017-06-04,14:15:11,1788,0,7
2017-06-04,14:15:12,1872,0,7
2017-06-04,14:15:13,1882,0,7
2017-06-04,14:15:14,1874,0,7
2017-06-04,14:15:15,2623,0,7
2017-06-04,14:15:16,3343,0,7
2017-06-04,14:15:17,3574,0,7
2017-06-04,14:15:18,3579,0,7
2017-06-04,14:15:19,2410,0,7
2017-06-04,14:15:20,2007,0,7
2017-06-04,14:15:21,2865,0,7
2017-06-04,14:15:22,2996,0,7
2017-06-04,14:15:23,2969,0,7
2017-06-04,14:15:24,2008,0,7
2017-06-04,14:15:25,2163,0,7
2017-06-04,14:15:26,2058,0,7
2017-06-04,14:15:27,1528,0,7
2017-06-04,14:15:28,1132,0,7
2017-06-04,14:15:29,1228,0,7
2017-06-04,14:15:30,2973,0,7
2017-06-04,14:15:31,2294,0,7
2017-06-04,14:15:32,0,0,7
2017-06-04,14:15:33,0,0,7
2017-06-04,14:15:34,0,0,7
2017-06-04,14:15:35,0,0,7
2017-06-04,14:15:36,0,0,7
2017-06-04,14:15:37,0,0,7
2017-06-04,14:15:38,0,0,7
2017-06-04,14:15:39,0,0,7
2017-06-04,14:15:40,0,0,7
2017-06-04,14:15:41,0,0,7
2017-06-04,14:15:42,0,0,7
2017-06-04,14:15:43,0,0,7
2017-06-04,14:15:44,0,0,7
2017-06-04,14:15:45,0,0,7
2017-06-04,14:15:46,0,0,7
2017-06-04,14:15:47,0,0,7
2017-06-04,14:15:48,0,0,7
2017-06-04,14:15:49,0,0,7
2017-06-04,14:15:50,0,0,7
2017-06-04,14:15:51,0,0,7
2017-06-04,14:15:52,0,0,7
2017-06-04,14:15:53,0,0,7
2017-06-04,14:15:54,0,0,7
2017-06-04,14:15:55,0,0,7
2017-06-04,14:15:56,0,0,7
2017-06-04,14:15:57,0,0,7
2017-06-04,14:15:58,0,0,7
2017-06-04,14:15:59,0,0,7
2017-06-04,14:16:00,0,0,7
2017-06-04,14:16:01,0,0,7
2017-06-04,14:16:02,0,0,7
2017-06-04,14:16:03,0,0,7
2017-06-04,14:16:04,0,0,7
2017-06-04,14:16:05,0,0,7
2017-06-04,14:16:06,0,0,7
2017-06-04,14:16:07,0,0,7
2017-06-04,14:16:08,0,0,7
2017-06-04,14:16:09,0,0,7
2017-06-04,14:16:10,0,0,7
2017-06-04,14:16:11,0,0,7
2017-06-04,14:16:12,0,0,7
2017-06-04,14:16:13,0,0,7
2017-06-04,14:16:14,0,0,7
2017-06-04,14:16:15,0,0,7
2017-06-04,14:16:16,0,0,7
2017-06-04,14:16:17,0,0,7
2017-06-04,14:16:18,0,0,7
2017-06-04,14:16:19,0,0,7
2017-06-04,14:16:20,0,0,7
2017-06-04,14:16:21,0,0,7
2017-06-04,14:16:22,0,0,7
2017-06-04,14:16:23,0,0,7
2017-06-04,14:16:24,0,0,7
2017-06-04,14:16:25,0,0,7
2017-06-04,14:16:26,0,0,7
2017-06-04,14:16:27,0,0,7
2017-06-04,14:16:28,0,0,7
2017-06-04,14:16:29,0,0,7
2017-06-04,14:16:30,0,0,7
2017-06-04,14:16:31,0,0,7
2017-06-04,14:16:32,0,0,7
2017-06-04,14:16:33,0,0,7
2017-06-04,14:16:34,0,0,7
2017-06-04,14:16:35,0,0,7
2017-06-04,14:16:36,0,0,7
2017-06-04,14:16:37,0,0,7
2017-06-04,14:16:38,0,0,7
2017-06-04,14:16:39,0,0,7
2017-06-04,14:16:40,1046,0,7
2017-06-04,14:16:41,1190,0,7
2017-06-04,14:16:42,1332,0,7
2017-06-04,14:16:43,1351,0,7
2017-06-04,14:16:44,1286,0,7
2017-06-04,14:16:45,1204,0,7
2017-06-04,14:16:46,1084,0,7
2017-06-04,14:16:47,0,0,7
2017-06-04,14:16:48,0,0,7
2017-06-04,14:16:49,0,0,7
2017-06-04,14:16:50,0,0,7
2017-06-04,14:16:51,0,0,7
2017-06-04,14:16:52,0,0,7
2017-06-04,14:16:53,0,0,7
2017-06-04,14:16:54,0,0,7
2017-06-04,14:16:55,0,0,7
2017-06-04,14:16:56,1334,0,7
2017-06-04,14:16:57,1228,0,7
2017-06-04,14:16:58,1190,0,7
2017-06-04,14:16:59,1422,0,7
2017-06-04,14:17:00,1212,0,7
2017-06-04,14:17:01,1669,0,7
2017-06-04,14:17:02,1502,0,7
2017-06-04,14:17:03,0,0,7
2017-06-04,14:17:04,1210,0,7
2017-06-04,14:17:05,0,0,7
2017-06-04,14:17:06,1822,0,7
2017-06-04,14:17:07,2196,0,7
2017-06-04,14:17:08,1488,0,7
2017-06-04,14:17:09,2350,0,1
2017-06-04,14:17:10,1523,0,1
2017-06-04,14:17:11,0,0,1
2017-06-04,14:17:12,1669,0,1
2017-06-04,14:17:13,2047,0,1
2017-06-04,14:17:14,2106,0,1
2017-06-04,14:17:15,2198,0,1
2017-06-04,14:17:16,2390,0,1
2017-06-04,14:17:17,2437,0,1
2017-06-04,14:17:18,2389,0,1
2017-06-04,14:17:19,2464,0,1
2017-06-04,14:17:20,2609,0,1
2017-06-04,14:17:21,2317,0,1
2017-06-04,14:17:22,2096,0,1
2017-06-04,14:17:23,2055,0,1
2017-06-04,14:17:24,2413,0,1
2017-06-04,14:17:25,2144,0,1
2017-06-04,14:17:26,2108,0,1
2017-06-04,14:17:27,2259,0,1
2017-06-04,14:17:28,1773,0,1
2017-06-04,14:17:29,1760,0,1
2017-06-04,14:17:30,1907,0,1
2017-06-04,14:17:31,1719,0,1
2017-06-04,14:17:32,1624,0,1
2017-06-04,14:17:33,1544,0,1
2017-06-04,14:17:34,1389,0,1
2017-06-04,14:17:35,2262,0,1
2017-06-04,14:17:36,2561,0,1
2017-06-04,14:17:37,1594,0,1
2017-06-04,14:17:38,1290,0,1
2017-06-04,14:17:39,1193,0,1
2017-06-04,14:17:40,0,0,1
2017-06-04,14:17:41,1364,0,1
2017-06-04,14:17:42,0,0,1
2017-06-04,14:17:43,0,0,1
2017-06-04,14:17:44,1083,0,1
2017-06-04,14:17:45,1509,0,1
2017-06-04,14:17:46,2313,0,1
2017-06-04,14:17:47,1591,0,1
2017-06-04,14:17:48,1786,0,1
2017-06-04,14:17:49,1859,0,1
2017-06-04,14:17:50,1455,0,1
2017-06-04,14:17:51,1326,0,1
2017-06-04,14:17:52,1467,0,1
2017-06-04,14:17:53,1300,0,1
2017-06-04,14:17:54,1354,0,1
2017-06-04,14:17:55,1506,0,1
2017-06-04,14:17:56,1396,0,1
2017-06-04,14:17:57,0,0,1
2017-06-04,14:17:58,0,0,1
2017-06-04,14:17:59,0,1,2
2017-06-04,14:18:00,0,0,2
2017-06-04,14:18:01,0,0,2
2017-06-04,14:18:02,0,0,2
2017-06-04,14:18:03,0,0,2
2017-06-04,14:18:04,0,0,2
2017-06-04,14:18:05,0,0,2
2017-06-04,14:18:06,0,0,2
2017-06-04,14:18:07,1703,0,2
2017-06-04,14:18:08,1356,0,2
2017-06-04,14:18:09,0,0,2
2017-06-04,14:18:10,0,0,2
2017-06-04,14:18:11,0,0,2
2017-06-04,14:18:12,0,0,2
2017-06-04,14:18:13,0,0,2
2017-06-04,14:18:14,0,0,2
2017-06-04,14:18:15,0,0,2
2017-06-04,14:18:16,0,0,2
2017-06-04,14:18:17,0,0,2
2017-06-04,14:18:18,0,0,2
2017-06-04,14:18:19,0,0,2
2017-06-04,14:18:20,0,0,2
2017-06-04,14:18:21,0,0,2
2017-06-04,14:18:22,0,0,2
2017-06-04,14:18:23,0,0,2
2017-06-04,14:18:24,0,0,2
2017-06-04,14:18:25,0,0,2
2017-06-04,14:18:26,0,0,2
2017-06-04,14:18:27,0,0,2
2017-06-04,14:18:28,0,0,2
2017-06-04,14:18:29,0,0,2
2017-06-04,14:18:30,0,0,2
2017-06-04,14:18:31,0,0,2
2017-06-04,14:18:32,0,0,2
2017-06-04,14:18:33,0,0,2
2017-06-04,14:18:34,0,0,2
2017-06-04,14:18:35,0,0,2
2017-06-04,14:18:36,0,0,2
2017-06-04,14:18:37,0,0,2
2017-06-04,14:18:38,0,0,2
2017-06-04,14:18:39,0,0,2
2017-06-04,14:18:40,0,0,2
2017-06-04,14:18:41,0,0,2
2017-06-04,14:18:42,0,0,2
2017-06-04,14:18:43,0,0,2
2017-06-04,14:18:44,0,0,2
2017-06-04,14:18:45,0,0,2
2017-06-04,14:18:46,0,0,2
2017-06-04,14:18:47,0,0,2
2017-06-04,14:18:48,0,0,2
2017-06-04,14:18:49,0,0,2
2017-06-04,14:18:50,0,0,2
2017-06-04,14:18:51,0,0,2
2017-06-04,14:18:52,4520,0,2
2017-06-04,14:18:53,5551,0,2
2017-06-04,14:18:54,6494,0,2
2017-06-04,14:18:55,5636,0,2
2017-06-04,14:18:56,4141,0,2
2017-06-04,14:18:57,3751,0,2
2017-06-04,14:18:58,4265,0,2
2017-06-04,14:18:59,6786,0,2
2017-06-04,14:19:00,8198,0,2
2017-06-04,14:19:01,2517,0,2
2017-06-04,14:19:02,0,0,2
2017-06-04,14:19:03,0,0,2
2017-06-04,14:19:04,0,0,2
2017-06-04,14:19:05,0,0,2
2017-06-04,14:19:06,0,0,2
2017-06-04,14:19:07,0,0,2
2017-06-04,14:19:08,1198,0,2
2017-06-04,14:19:09,4672,0,2
2017-06-04,14:19:10,6441,0,2
2017-06-04,14:19:11,7324,0,2
2017-06-04,14:19:12,3801,0,2
2017-06-04,14:19:13,1585,0,7
2017-06-04,14:19:14,1679,0,7
2017-06-04,14:19:15,5193,0,7
2017-06-04,14:19:16,5612,0,7
2017-06-04,14:19:17,3836,0,7
2017-06-04,14:19:18,3075,0,7
2017-06-04,14:19:19,2871,0,7
2017-06-04,14:19:20,4594,0,7
2017-06-04,14:19:21,5853,0,7
2017-06-04,14:19:22,5572,0,7
2017-06-04,14:19:23,5542,0,7
2017-06-04,14:19:24,5411,0,7
2017-06-04,14:19:25,5792,0,7
2017-06-04,14:19:26,6448,0,7
2017-06-04,14:19:27,6800,0,7
2017-06-04,14:19:28,5637,0,7
2017-06-04,14:19:29,4651,0,7
2017-06-04,14:19:30,4587,0,7
2017-06-04,14:19:31,3230,0,7
2017-06-04,14:19:32,1248,0,7
2017-06-04,14:19:33,0,0,7
2017-06-04,14:19:34,0,0,7
2017-06-04,14:19:35,0,0,7
2017-06-04,14:19:36,0,0,7
2017-06-04,14:19:37,0,0,7
2017-06-04,14:19:38,0,0,7
2017-06-04,14:19:39,1247,0,7
2017-06-04,14:19:40,4884,0,7
2017-06-04,14:19:41,7234,0,7
2017-06-04,14:19:42,5195,0,7
2017-06-04,14:19:43,4565,0,7
2017-06-04,14:19:44,4175,0,7
2017-06-04,14:19:45,4445,0,7
2017-06-04,14:19:46,5276,0,7
2017-06-04,14:19:47,3619,0,7
2017-06-04,14:19:48,1412,0,7
2017-06-04,14:19:49,1626,0,7
2017-06-04,14:19:50,1939,0,7
2017-06-04,14:19:51,0,0,7
2017-06-04,14:19:52,0,0,7
2017-06-04,14:19:53,0,0,7
2017-06-04,14:19:54,1688,0,7
2017-06-04,14:19:55,2520,0,7
2017-06-04,14:19:56,2661,0,7
2017-06-04,14:19:57,3194,0,7
2017-06-04,14:19:58,3149,0,7
2017-06-04,14:19:59,3307,0,7
2017-06-04,14:20:00,2936,0,7
2017-06-04,14:20:01,3278,0,7
2017-06-04,14:20:02,3512,0,7
2017-06-04,14:20:03,3766,0,7
2017-06-04,14:20:04,3291,0,7
2017-06-04,14:20:05,3328,0,7
2017-06-04,14:20:06,3407,0,7
2017-06-04,14:20:07,1612,0,7
2017-06-04,14:20:08,0,0,7
2017-06-04,14:20:09,0,0,7
2017-06-04,14:20:10,0,0,7
2017-06-04,14:20:11,0,0,7
2017-06-04,14:20:12,0,0,7
2017-06-04,14:20:13,0,0,7
2017-06-04,14:20:14,0,0,7
2017-06-04,14:20:15,1724,0,7
2017-06-04,14:20:16,2947,0,7
2017-06-04,14:20:17,3400,0,7
2017-06-04,14:20:18,3600,0,7
2017-06-04,14:20:19,3714,0,7
2017-06-04,14:20:20,3264,0,7
2017-06-04,14:20:21,3391,0,7
2017-06-04,14:20:22,3584,0,7
2017-06-04,14:20:23,3017,0,7
2017-06-04,14:20:24,2535,0,7
2017-06-04,14:20:25,3842,0,7
2017-06-04,14:20:26,4269,0,7
2017-06-04,14:20:27,2240,0,7
2017-06-04,14:20:28,0,0,7
2017-06-04,14:20:29,0,0,7
2017-06-04,14:20:30,0,0,7
2017-06-04,14:20:31,0,0,7
2017-06-04,14:20:32,0,0,7
2017-06-04,14:20:33,0,0,7
2017-06-04,14:20:34,0,0,7
2017-06-04,14:20:35,0,0,7
2017-06-04,14:20:36,0,0,7
2017-06-04,14:20:37,0,0,7
2017-06-04,14:20:38,0,0,7
2017-06-04,14:20:39,0,0,7
2017-06-04,14:20:40,0,0,7
2017-06-04,14:20:41,0,0,7
2017-06-04,14:20:42,1915,0,7
2017-06-04,14:20:43,2912,0,7
2017-06-04,14:20:44,3119,0,7
2017-06-04,14:20:45,4162,0,7
2017-06-04,14:20:46,3429,0,7
2017-06-04,14:20:47,3025,0,7
2017-06-04,14:20:48,3971,0,7
2017-06-04,14:20:49,3510,0,7
2017-06-04,14:20:50,3350,0,7
2017-06-04,14:20:51,3948,0,7
2017-06-04,14:20:52,4078,0,7
2017-06-04,14:20:53,4363,0,7
2017-06-04,14:20:54,4994,0,7
2017-06-04,14:20:55,5224,0,7
2017-06-04,14:20:56,4210,0,7
2017-06-04,14:20:57,3954,0,7
2017-06-04,14:20:58,5343,0,7
2017-06-04,14:20:59,4767,0,7
2017-06-04,14:21:00,4368,0,7
2017-06-04,14:21:01,5752,0,7
2017-06-04,14:21:02,5163,0,7
2017-06-04,14:21:03,5243,0,7
2017-06-04,14:21:04,5661,0,7
2017-06-04,14:21:05,4996,0,7
2017-06-04,14:21:06,5223,0,7
2017-06-04,14:21:07,5242,0,7
2017-06-04,14:21:08,4707,0,7
2017-06-04,14:21:09,5018,0,7
2017-06-04,14:21:10,4661,0,7
2017-06-04,14:21:11,4517,0,7
2017-06-04,14:21:12,5042,0,7
2017-06-04,14:21:13,5402,0,7
2017-06-04,14:21:14,5024,0,7
2017-06-04,14:21:15,5056,0,7
2017-06-04,14:21:16,5021,0,7
2017-06-04,14:21:17,4579,0,7
2017-06-04,14:21:18,4195,0,7
2017-06-04,14:21:19,4574,0,7
2017-06-04,14:21:20,5023,0,7
2017-06-04,14:21:21,4269,0,7
2017-06-04,14:21:22,5103,0,7
2017-06-04,14:21:23,5407,0,7
2017-06-04,14:21:24,5128,0,7
2017-06-04,14:21:25,5194,0,7
2017-06-04,14:21:26,4970,0,7
2017-06-04,14:21:27,4560,0,7
2017-06-04,14:21:28,3928,0,7
2017-06-04,14:21:29,0,0,7
2017-06-04,14:21:30,0,0,7
2017-06-04,14:21:31,0,0,7
2017-06-04,14:21:32,0,0,7
2017-06-04,14:21:33,0,0,7
2017-06-04,14:21:34,0,0,7
2017-06-04,14:21:35,0,0,7
2017-06-04,14:21:36,0,0,7
2017-06-04,14:21:37,0,0,7
2017-06-04,14:21:38,0,0,7
2017-06-04,14:21:39,0,0,7
2017-06-04,14:21:40,3603,0,7
2017-06-04,14:21:41,4621,0,7
2017-06-04,14:21:42,4325,0,7
2017-06-04,14:21:43,4305,0,7
2017-06-04,14:21:44,5184,0,7
2017-06-04,14:21:45,4258,0,7
2017-06-04,14:21:46,4215,0,7
2017-06-04,14:21:47,5456,0,7
2017-06-04,14:21:48,4628,0,7
2017-06-04,14:21:49,5206,0,7
2017-06-04,14:21:50,5601,0,7
2017-06-04,14:21:51,5094,0,7
2017-06-04,14:21:52,4684,0,7
2017-06-04,14:21:53,5359,0,7
2017-06-04,14:21:54,5474,0,7
2017-06-04,14:21:55,5409,0,7
2017-06-04,14:21:56,5247,0,7
2017-06-04,14:21:57,4761,0,7
2017-06-04,14:21:58,5607,0,7
2017-06-04,14:21:59,3808,0,7
2017-06-04,14:22:00,0,0,7
2017-06-04,14:22:01,0,0,7
2017-06-04,14:22:02,1282,0,7
2017-06-04,14:22:03,1705,0,7
2017-06-04,14:22:04,1630,0,7
2017-06-04,14:22:05,1675,0,7
2017-06-04,14:22:06,1274,0,7
2017-06-04,14:22:07,1803,0,7
2017-06-04,14:22:08,1315,0,7
2017-06-04,14:22:09,1921,0,7
2017-06-04,14:22:10,1351,0,7
2017-06-04,14:22:11,1497,0,7
2017-06-04,14:22:12,1425,0,7
2017-06-04,14:22:13,1379,0,7
2017-06-04,14:22:14,1513,0,7
2017-06-04,14:22:15,4095,0,7
2017-06-04,14:22:16,5966,0,7
2017-06-04,14:22:17,3625,0,7
2017-06-04,14:22:18,2001,0,7
2017-06-04,14:22:19,1913,0,7
2017-06-04,14:22:20,2050,0,7
2017-06-04,14:22:21,2210,0,7
2017-06-04,14:22:22,2327,0,7
2017-06-04,14:22:23,2691,0,7
2017-06-04,14:22:24,2057,0,7
2017-06-04,14:22:25,2350,0,7
2017-06-04,14:22:26,1490,0,7
2017-06-04,14:22:27,1493,0,7
2017-06-04,14:22:28,1274,0,7
2017-06-04,14:22:29,4499,0,7
2017-06-04,14:22:30,5869,0,7
2017-06-04,14:22:31,4308,0,7
2017-06-04,14:22:32,4713,0,7
2017-06-04,14:22:33,4387,0,7
2017-06-04,14:22:34,6272,0,7
2017-06-04,14:22:35,5711,0,7
2017-06-04,14:22:36,4579,0,7
2017-06-04,14:22:37,5369,0,7
2017-06-04,14:22:38,4750,0,7
2017-06-04,14:22:39,5034,0,7
2017-06-04,14:22:40,5076,0,7
2017-06-04,14:22:41,5312,0,7
2017-06-04,14:22:42,4946,0,7
2017-06-04,14:22:43,4579,0,7
2017-06-04,14:22:44,5165,0,7
2017-06-04,14:22:45,5344,0,7
2017-06-04,14:22:46,5973,0,7
2017-06-04,14:22:47,5071,0,7
2017-06-04,14:22:48,5756,0,7
2017-06-04,14:22:49,4807,0,7
2017-06-04,14:22:50,4262,0,7
2017-06-04,14:22:51,5536,0,7
2017-06-04,14:22:52,4442,0,7
2017-06-04,14:22:53,4367,0,7
2017-06-04,14:22:54,4429,0,7
2017-06-04,14:22:55,4875,0,7
2017-06-04,14:22:56,5927,0,7
2017-06-04,14:22:57,5810,0,7
2017-06-04,14:22:58,6112,0,7
2017-06-04,14:22:59,5145,0,7
2017-06-04,14:23:00,4343,0,7
2017-06-04,14:23:01,4020,0,7
2017-06-04,14:23:02,3833,0,7
2017-06-04,14:23:03,4337,0,7
2017-06-04,14:23:04,4268,0,7
2017-06-04,14:23:05,5499,0,7
2017-06-04,14:23:06,4782,0,7
2017-06-04,14:23:07,5460,0,7
2017-06-04,14:23:08,5359,0,7
2017-06-04,14:23:09,5595,0,7
2017-06-04,14:23:10,4831,0,7
2017-06-04,14:23:11,3604,0,7
2017-06-04,14:23:12,4254,0,7
2017-06-04,14:23:13,5877,0,7
2017-06-04,14:23:14,5822,0,7
2017-06-04,14:23:15,5653,0,7
2017-06-04,14:23:16,5040,0,7
2017-06-04,14:23:17,4430,0,7
2017-06-04,14:23:18,1754,0,7
2017-06-04,14:23:19,1475,0,7
2017-06-04,14:23:20,0,0,7
2017-06-04,14:23:21,0,0,7
2017-06-04,14:23:22,3255,0,7
2017-06-04,14:23:23,4052,0,7
2017-06-04,14:23:24,4876,0,7
2017-06-04,14:23:25,5353,0,7
2017-06-04,14:23:26,4383,0,7
2017-06-04,14:23:27,4799,0,7
2017-06-04,14:23:28,5851,0,7
2017-06-04,14:23:29,5690,0,7
2017-06-04,14:23:30,6187,0,7
2017-06-04,14:23:31,6576,0,7
2017-06-04,14:23:32,7798,0,7
2017-06-04,14:23:33,5443,0,6
2017-06-04,14:23:34,4822,0,6
2017-06-04,14:23:35,4537,0,6
2017-06-04,14:23:36,4500,0,6
2017-06-04,14:23:37,4623,0,6
2017-06-04,14:23:38,5181,0,6
2017-06-04,14:23:39,6580,0,6
2017-06-04,14:23:40,3621,0,6
2017-06-04,14:23:41,2191,0,6
2017-06-04,14:23:42,1379,0,6
2017-06-04,14:23:43,1267,0,6
2017-06-04,14:23:44,2428,0,6
2017-06-04,14:23:45,2956,0,6
2017-06-04,14:23:46,3392,0,6
2017-06-04,14:23:47,3800,0,6
2017-06-04,14:23:48,3247,0,6
2017-06-04,14:23:49,1406,0,6
2017-06-04,14:23:50,1225,0,6
2017-06-04,14:23:51,1153,0,6
2017-06-04,14:23:52,1660,0,6
2017-06-04,14:23:53,2773,0,6
2017-06-04,14:23:54,3104,0,6
2017-06-04,14:23:55,4637,0,6
2017-06-04,14:23:56,5006,0,6
2017-06-04,14:23:57,5368,0,6
2017-06-04,14:23:58,6407,0,6
2017-06-04,14:23:59,6047,0,6
2017-06-04,14:24:00,5471,0,6
2017-06-04,14:24:01,6439,0,6
2017-06-04,14:24:02,6395,0,6
2017-06-04,14:24:03,4437,0,6
2017-06-04,14:24:04,6486,0,6
2017-06-04,14:24:05,6366,0,6
2017-06-04,14:24:06,5099,0,6
2017-06-04,14:24:07,6524,0,6
2017-06-04,14:24:08,6936,0,6
2017-06-04,14:24:09,4505,0,6
2017-06-04,14:24:10,1704,0,6
2017-06-04,14:24:11,1166,0,6
2017-06-04,14:24:12,1217,0,6
2017-06-04,14:24:13,1134,0,6
2017-06-04,14:24:14,1034,0,6
2017-06-04,14:24:15,1167,0,6
2017-06-04,14:24:16,1112,0,6
2017-06-04,14:24:17,0,0,6
2017-06-04,14:24:18,0,0,6
2017-06-04,14:24:19,2743,0,6
2017-06-04,14:24:20,4589,0,6
2017-06-04,14:24:21,5134,0,6
2017-06-04,14:24:22,4227,0,6
2017-06-04,14:24:23,3971,0,6
2017-06-04,14:24:24,4400,0,6
2017-06-04,14:24:25,4326,0,6
2017-06-04,14:24:26,4122,0,6
2017-06-04,14:24:27,4336,0,6
2017-06-04,14:24:28,4593,0,6
2017-06-04,14:24:29,4443,0,6
2017-06-04,14:24:30,5057,0,6
2017-06-04,14:24:31,5775,0,6
2017-06-04,14:24:32,6373,0,6
2017-06-04,14:24:33,8539,0,6
2017-06-04,14:24:34,9712,0,6
2017-06-04,14:24:35,8810,0,6
2017-06-04,14:24:36,8616,0,6
2017-06-04,14:24:37,9714,0,6
2017-06-04,14:24:38,6849,0,6
2017-06-04,14:24:39,8810,0,6
2017-06-04,14:24:40,8562,0,6
2017-06-04,14:24:41,9114,0,6
2017-06-04,14:24:42,8377,0,6
2017-06-04,14:24:43,3593,0,6
2017-06-04,14:24:44,2957,0,6
2017-06-04,14:24:45,4654,0,6
2017-06-04,14:24:46,5781,0,6
2017-06-04,14:24:47,6186,0,6
2017-06-04,14:24:48,7342,0,6
2017-06-04,14:24:49,8787,0,6
2017-06-04,14:24:50,7607,0,6
2017-06-04,14:24:51,6796,0,6
2017-06-04,14:24:52,7060,0,6
2017-06-04,14:24:53,6782,0,6
2017-06-04,14:24:54,7447,0,6
2017-06-04,14:24:55,6679,0,6
2017-06-04,14:24:56,7344,0,6
2017-06-04,14:24:57,7120,0,6
2017-06-04,14:24:58,7166,0,6
2017-06-04,14:24:59,7107,0,6
2017-06-04,14:25:00,4099,0,6
2017-06-04,14:25:01,1292,0,6
2017-06-04,14:25:02,1334,0,6
2017-06-04,14:25:03,1361,0,6
2017-06-04,14:25:04,1328,0,6
2017-06-04,14:25:05,1711,0,6
2017-06-04,14:25:06,1816,0,6
2017-06-04,14:25:07,1620,0,6
2017-06-04,14:25:08,2039,0,1
2017-06-04,14:25:09,1555,0,1
2017-06-04,14:25:10,1757,0,1
2017-06-04,14:25:11,1642,0,1
2017-06-04,14:25:12,1591,0,1
2017-06-04,14:25:13,1280,0,1
2017-06-04,14:25:14,1381,0,1
2017-06-04,14:25:15,1820,0,1
2017-06-04,14:25:16,1153,0,1
2017-06-04,14:25:17,1627,0,1
2017-06-04,14:25:18,3478,0,1
2017-06-04,14:25:19,2563,0,1
2017-06-04,14:25:20,1090,0,1
2017-06-04,14:25:21,1819,0,1
2017-06-04,14:25:22,1154,0,1
2017-06-04,14:25:23,1188,0,1
2017-06-04,14:25:24,2124,0,1
2017-06-04,14:25:25,4094,0,1
2017-06-04,14:25:26,7034,0,1
2017-06-04,14:25:27,7855,0,1
2017-06-04,14:25:28,7203,0,1
2017-06-04,14:25:29,6574,0,1
2017-06-04,14:25:30,7253,0,1
2017-06-04,14:25:31,6397,0,1
2017-06-04,14:25:32,8225,0,1
2017-06-04,14:25:33,5887,0,1
2017-06-04,14:25:34,3135,0,1
2017-06-04,14:25:35,1459,0,1
2017-06-04,14:25:36,1764,0,1
2017-06-04,14:25:37,1881,0,1
2017-06-04,14:25:38,1621,0,1
2017-06-04,14:25:39,1918,0,1
2017-06-04,14:25:40,2396,0,1
2017-06-04,14:25:41,2424,0,1
2017-06-04,14:25:42,2089,0,1
2017-06-04,14:25:43,2705,1,5
2017-06-04,14:25:44,1489,0,5
2017-06-04,14:25:45,1338,0,5
2017-06-04,14:25:46,1302,0,5
2017-06-04,14:25:47,1581,0,5
2017-06-04,14:25:48,1228,0,5
2017-06-04,14:25:49,2114,0,5
2017-06-04,14:25:50,2299,0,5
2017-06-04,14:25:51,1955,0,5
2017-06-04,14:25:52,1490,0,5
2017-06-04,14:25:53,1676,0,5
2017-06-04,14:25:54,1945,0,5
2017-06-04,14:25:55,1965,0,5
2017-06-04,14:25:56,1606,0,5
2017-06-04,14:25:57,1823,0,5
2017-06-04,14:25:58,4272,0,5
2017-06-04,14:25:59,5337,0,5
2017-06-04,14:26:00,4683,0,5
2017-06-04,14:26:01,5311,0,5
2017-06-04,14:26:02,4654,0,5
2017-06-04,14:26:03,0,0,5
2017-06-04,14:26:04,1225,0,5
2017-06-04,14:26:05,1183,0,5
2017-06-04,14:26:06,1278,0,5
2017-06-04,14:26:07,1866,0,5
2017-06-04,14:26:08,0,0,5
2017-06-04,14:26:09,1634,0,5
2017-06-04,14:26:10,2400,0,5
2017-06-04,14:26:11,2597,0,5
2017-06-04,14:26:12,2040,0,5
2017-06-04,14:26:13,1795,0,5
2017-06-04,14:26:14,2590,1,8
2017-06-04,14:26:15,1559,0,8
2017-06-04,14:26:16,0,0,8
2017-06-04,14:26:17,1126,0,8
2017-06-04,14:26:18,1256,0,8
2017-06-04,14:26:19,1400,0,8
2017-06-04,14:26:20,1535,0,8
2017-06-04,14:26:21,2003,0,8
2017-06-04,14:26:22,1183,0,8
2017-06-04,14:26:23,1976,0,8
2017-06-04,14:26:24,3420,0,8
2017-06-04,14:26:25,4629,0,8
2017-06-04,14:26:26,4753,0,8
2017-06-04,14:26:27,4726,0,8
2017-06-04,14:26:28,4546,0,8
2017-06-04,14:26:29,4881,0,8
2017-06-04,14:26:30,5012,0,8
2017-06-04,14:26:31,6166,0,8
2017-06-04,14:26:32,7363,0,8
2017-06-04,14:26:33,7099,0,8
2017-06-04,14:26:34,6472,0,8
2017-06-04,14:26:35,6097,0,8
2017-06-04,14:26:36,4397,0,8
2017-06-04,14:26:37,2553,0,8
2017-06-04,14:26:38,1387,0,8
2017-06-04,14:26:39,1277,0,8
2017-06-04,14:26:40,1927,0,8
2017-06-04,14:26:41,2497,0,8
2017-06-04,14:26:42,3397,0,8
2017-06-04,14:26:43,5951,0,8
2017-06-04,14:26:44,5721,0,8
2017-06-04,14:26:45,6240,1,4
2017-06-04,14:26:46,1874,0,4
2017-06-04,14:26:47,3779,0,4
2017-06-04,14:26:48,3382,0,4
2017-06-04,14:26:49,1106,0,4
2017-06-04,14:26:50,1141,0,4
2017-06-04,14:26:51,1109,0,4
2017-06-04,14:26:52,1014,0,4
2017-06-04,14:26:53,1343,0,4
2017-06-04,14:26:54,1324,0,4
2017-06-04,14:26:55,1871,0,4
2017-06-04,14:26:56,2562,0,4
2017-06-04,14:26:57,2513,0,4
2017-06-04,14:26:58,2011,0,4
2017-06-04,14:26:59,1883,0,4
2017-06-04,14:27:00,2462,0,4
2017-06-04,14:27:01,4288,0,4
2017-06-04,14:27:02,4561,0,4
2017-06-04,14:27:03,3842,0,4
2017-06-04,14:27:04,2774,1,3
2017-06-04,14:27:05,2764,0,3
2017-06-04,14:27:06,1428,0,3
2017-06-04,14:27:07,4388,0,3
2017-06-04,14:27:08,4936,0,3
2017-06-04,14:27:09,6612,0,3
2017-06-04,14:27:10,8438,0,3
2017-06-04,14:27:11,8231,0,3
2017-06-04,14:27:12,8609,0,3
2017-06-04,14:27:13,8307,0,3
2017-06-04,14:27:14,4240,0,3
2017-06-04,14:27:15,3959,0,3
2017-06-04,14:27:16,3677,0,3
2017-06-04,14:27:17,5146,0,3
2017-06-04,14:27:18,4363,0,3
2017-06-04,14:27:19,4314,0,3
2017-06-04,14:27:20,3971,0,3
2017-06-04,14:27:21,3602,0,3
2017-06-04,14:27:22,3432,0,3
2017-06-04,14:27:23,4802,0,3
2017-06-04,14:27:24,4752,0,3
2017-06-04,14:27:25,3688,0,3
2017-06-04,14:27:26,4414,0,3
2017-06-04,14:27:27,6912,0,3
2017-06-04,14:27:28,4949,1,1
2017-06-04,14:27:29,4062,0,1
2017-06-04,14:27:30,4135,0,1
2017-06-04,14:27:31,3857,0,1
2017-06-04,14:27:32,4881,0,1
2017-06-04,14:27:33,5604,0,1
2017-06-04,14:27:34,8824,0,1
2017-06-04,14:27:35,8459,0,1
2017-06-04,14:27:36,6346,0,1
2017-06-04,14:27:37,4398,0,1
2017-06-04,14:27:38,4254,0,1
2017-06-04,14:27:39,3491,0,1
2017-06-04,14:27:40,4213,0,1
2017-06-04,14:27:41,3778,1,1
2017-06-04,14:27:42,3913,0,1
2017-06-04,14:27:43,3571,0,1
2017-06-04,14:27:44,1834,0,1
2017-06-04,14:27:45,1452,0,1
2017-06-04,14:27:46,3561,0,1
2017-06-04,14:27:47,3725,0,1
2017-06-04,14:27:48,3737,0,1
2017-06-04,14:27:49,2855,0,1
2017-06-04,14:27:50,3263,0,1
2017-06-04,14:27:51,4842,0,1
2017-06-04,14:27:52,5757,0,1
2017-06-04,14:27:53,5725,0,1
2017-06-04,14:27:54,6775,0,1
2017-06-04,14:27:55,4865,0,1
2017-06-04,14:27:56,4567,0,1
2017-06-04,14:27:57,5392,0,1
2017-06-04,14:27:58,3769,0,1
2017-06-04,14:27:59,2500,0,1
2017-06-04,14:28:00,2496,0,1
2017-06-04,14:28:01,2370,0,1
2017-06-04,14:28:02,2633,0,1
2017-06-04,14:28:03,3060,0,1
2017-06-04,14:28:04,3704,0,1
2017-06-04,14:28:05,4016,0,1
2017-06-04,14:28:06,3122,0,1
2017-06-04,14:28:07,2325,0,1
2017-06-04,14:28:08,1662,0,1
2017-06-04,14:28:09,1288,0,1
2017-06-04,14:28:10,3379,0,1
2017-06-04,14:28:11,2613,1,7
2017-06-04,14:28:12,1402,0,7
2017-06-04,14:28:13,2537,0,7
2017-06-04,14:28:14,2989,0,7
2017-06-04,14:28:15,3888,0,7
2017-06-04,14:28:16,4456,0,7
2017-06-04,14:28:17,2905,0,7
2017-06-04,14:28:18,2303,0,7
2017-06-04,14:28:19,2851,0,7
2017-06-04,14:28:20,3765,0,7
2017-06-04,14:28:21,5131,0,7
2017-06-04,14:28:22,5284,0,7
2017-06-04,14:28:23,5325,0,7
2017-06-04,14:28:24,5844,0,7
2017-06-04,14:28:25,4557,0,7
2017-06-04,14:28:26,3565,0,7
2017-06-04,14:28:27,3078,0,7
2017-06-04,14:28:28,2462,0,7
2017-06-04,14:28:29,3600,0,7
2017-06-04,14:28:30,4365,0,7
2017-06-04,14:28:31,2872,0,7
2017-06-04,14:28:32,2467,0,7
2017-06-04,14:28:33,2400,0,7
2017-06-04,14:28:34,3079,0,7
2017-06-04,14:28:35,3061,0,7
2017-06-04,14:28:36,3497,0,7
2017-06-04,14:28:37,3977,0,7
2017-06-04,14:28:38,3805,0,7
2017-06-04,14:28:39,4090,0,7
2017-06-04,14:28:40,4842,1,3
2017-06-04,14:28:41,3646,0,3
2017-06-04,14:28:42,4788,0,3
2017-06-04,14:28:43,5541,0,3
2017-06-04,14:28:44,4014,0,3
2017-06-04,14:28:45,3492,0,3
2017-06-04,14:28:46,3230,0,3
2017-06-04,14:28:47,2772,0,3
2017-06-04,14:28:48,2413,0,3
2017-06-04,14:28:49,3523,0,3
2017-06-04,14:28:50,5985,0,3
2017-06-04,14:28:51,4867,0,3
2017-06-04,14:28:52,3781,0,3
2017-06-04,14:28:53,8577,0,3
2017-06-04,14:28:54,8826,0,3
2017-06-04,14:28:55,5766,0,3
2017-06-04,14:28:56,7652,0,3
2017-06-04,14:28:57,12295,0,3
2017-06-04,14:28:58,7547,0,3
2017-06-04,14:28:59,6243,0,3
2017-06-04,14:29:00,5734,0,3
2017-06-04,14:29:01,6523,0,3
2017-06-04,14:29:02,6674,0,3
2017-06-04,14:29:03,10017,0,3
2017-06-04,14:29:04,8042,0,3
2017-06-04,14:29:05,7357,0,3
2017-06-04,14:29:06,7297,0,3
2017-06-04,14:29:07,6563,0,3
2017-06-04,14:29:08,7380,0,3
2017-06-04,14:29:09,6953,1,5
2017-06-04,14:29:10,9778,0,5
2017-06-04,14:29:11,9380,0,5
2017-06-04,14:29:12,2769,0,5
2017-06-04,14:29:13,1120,0,5
2017-06-04,14:29:14,2818,0,5
2017-06-04,14:29:15,2519,0,5
2017-06-04,14:29:16,1780,0,5
2017-06-04,14:29:17,6197,0,5
2017-06-04,14:29:18,9012,0,5
2017-06-04,14:29:19,7092,0,5
2017-06-04,14:29:20,10181,0,5
2017-06-04,14:29:21,11076,0,5
2017-06-04,14:29:22,6677,0,5
2017-06-04,14:29:23,8370,0,5
2017-06-04,14:29:24,8122,0,5
2017-06-04,14:29:25,3886,0,5
2017-06-04,14:29:26,4252,0,5
2017-06-04,14:29:27,3282,0,5
2017-06-04,14:29:28,3423,0,5
2017-06-04,14:29:29,3028,0,5
2017-06-04,14:29:30,2978,0,5
2017-06-04,14:29:31,1708,0,5
2017-06-04,14:29:32,3155,0,5
2017-06-04,14:29:33,5340,0,5
2017-06-04,14:29:34,5260,0,5
2017-06-04,14:29:35,5303,0,5
2017-06-04,14:29:36,4089,0,5
2017-06-04,14:29:37,4207,0,5
2017-06-04,14:29:38,4013,0,5
2017-06-04,14:29:39,4549,0,5
2017-06-04,14:29:40,8539,0,5
2017-06-04,14:29:41,12507,0,5
2017-06-04,14:29:42,8966,0,5
2017-06-04,14:29:43,7421,0,5
2017-06-04,14:29:44,7919,0,5
2017-06-04,14:29:45,4164,0,5
2017-06-04,14:29:46,4050,0,5
2017-06-04,14:29:47,7628,0,5
2017-06-04,14:29:48,8030,0,5
2017-06-04,14:29:49,7063,0,5
2017-06-04,14:29:50,9862,0,5
2017-06-04,14:29:51,6828,0,5
2017-06-04,14:29:52,3813,0,5
2017-06-04,14:29:53,4336,0,5
2017-06-04,14:29:54,4170,0,5
2017-06-04,14:29:55,3829,0,5
2017-06-04,14:29:56,3285,0,5
2017-06-04,14:29:57,1417,0,5
2017-06-04,14:29:58,1657,0,5
2017-06-04,14:29:59,4243,0,5
2017-06-04,14:30:00,5378,0,5
2017-06-04,14:30:01,5160,0,5
2017-06-04,14:30:02,1667,0,5
2017-06-04,14:30:03,3530,0,5
2017-06-04,14:30:04,3871,0,5
2017-06-04,14:30:05,2235,0,5
2017-06-04,14:30:06,3647,0,5
2017-06-04,14:30:07,9217,0,5
2017-06-04,14:30:08,9951,0,5
2017-06-04,14:30:09,10599,0,5
2017-06-04,14:30:10,10846,0,5
2017-06-04,14:30:11,3825,0,5
2017-06-04,14:30:12,3082,0,5
2017-06-04,14:30:13,3847,0,5
2017-06-04,14:30:14,4203,0,5
2017-06-04,14:30:15,3606,0,5
2017-06-04,14:30:16,3525,0,5
2017-06-04,14:30:17,1901,0,5
2017-06-04,14:30:18,1680,0,5
2017-06-04,14:30:19,1826,0,5
2017-06-04,14:30:20,3922,0,5
2017-06-04,14:30:21,3418,0,5
2017-06-04,14:30:22,3628,0,5
2017-06-04,14:30:23,4029,0,5
2017-06-04,14:30:24,4568,0,5
2017-06-04,14:30:25,4612,0,5
2017-06-04,14:30:26,4193,0,5
2017-06-04,14:30:27,1464,0,5
2017-06-04,14:30:28,2405,0,5
2017-06-04,14:30:29,6600,0,5
2017-06-04,14:30:30,2199,0,5
2017-06-04,14:30:31,1147,0,5
2017-06-04,14:30:32,1677,0,5
2017-06-04,14:30:33,2670,1,8
2017-06-04,14:30:34,1458,0,8
2017-06-04,14:30:35,1433,0,8
2017-06-04,14:30:36,1280,0,8
2017-06-04,14:30:37,1049,0,8
2017-06-04,14:30:38,1224,0,8
2017-06-04,14:30:39,6717,0,8
2017-06-04,14:30:40,8347,0,8
2017-06-04,14:30:41,4421,0,8
2017-06-04,14:30:42,4064,0,8
2017-06-04,14:30:43,4088,0,8
2017-06-04,14:30:44,3952,0,8
2017-06-04,14:30:45,4347,0,8
2017-06-04,14:30:46,4784,0,8
2017-06-04,14:30:47,4813,0,8
2017-06-04,14:30:48,5039,0,8
2017-06-04,14:30:49,5033,0,8
2017-06-04,14:30:50,6271,0,8
2017-06-04,14:30:51,6543,0,8
2017-06-04,14:30:52,4738,0,8
2017-06-04,14:30:53,4961,0,8
2017-06-04,14:30:54,3993,0,8
2017-06-04,14:30:55,2018,1,2
2017-06-04,14:30:56,1379,0,2
2017-06-04,14:30:57,0,0,2
2017-06-04,14:30:58,1101,0,2
2017-06-04,14:30:59,0,0,2
2017-06-04,14:31:00,3142,0,2
2017-06-04,14:31:01,3795,0,2
2017-06-04,14:31:02,3910,0,2
2017-06-04,14:31:03,3834,0,2
2017-06-04,14:31:04,3810,0,2
2017-06-04,14:31:05,3814,0,2
2017-06-04,14:31:06,3872,0,2
2017-06-04,14:31:07,3933,0,2
2017-06-04,14:31:08,3658,0,2
2017-06-04,14:31:09,3294,0,2
2017-06-04,14:31:10,3757,0,2
2017-06-04,14:31:11,3349,0,2
2017-06-04,14:31:12,3054,0,2
2017-06-04,14:31:13,3847,0,2
2017-06-04,14:31:14,3887,0,2
2017-06-04,14:31:15,2082,0,2
2017-06-04,14:31:16,2274,0,2
2017-06-04,14:31:17,4274,0,2
2017-06-04,14:31:18,4083,0,2
2017-06-04,14:31:19,4019,0,2
2017-06-04,14:31:20,3157,0,2
2017-06-04,14:31:21,0,0,2
2017-06-04,14:31:22,3626,0,2
2017-06-04,14:31:23,4689,0,2
2017-06-04,14:31:24,2303,0,2
2017-06-04,14:31:25,0,0,2
2017-06-04,14:31:26,0,0,2
2017-06-04,14:31:27,0,0,2
2017-06-04,14:31:28,0,0,2
2017-06-04,14:31:29,0,0,2
2017-06-04,14:31:30,0,0,2
2017-06-04,14:31:31,0,0,2
2017-06-04,14:31:32,0,0,2
2017-06-04,14:31:33,0,0,2
2017-06-04,14:31:34,0,0,2
2017-06-04,14:31:35,0,0,2
2017-06-04,14:31:36,0,0,2
2017-06-04,14:31:37,0,0,2
2017-06-04,14:31:38,0,0,2
2017-06-04,14:31:39,0,0,2
2017-06-04,14:31:40,0,0,2
2017-06-04,14:31:41,0,0,2
2017-06-04,14:31:42,0,0,2
2017-06-04,14:31:43,0,0,2
2017-06-04,14:31:44,0,0,2
2017-06-04,14:31:45,0,0,2
2017-06-04,14:31:46,0,0,2
2017-06-04,14:31:47,0,0,2
2017-06-04,14:31:48,0,0,2
2017-06-04,14:31:49,0,0,2
2017-06-04,14:31:50,0,0,2
2017-06-04,14:31:51,0,0,2
2017-06-04,14:31:52,0,0,2
2017-06-04,14:31:53,0,0,2
2017-06-04,14:31:54,0,0,2
2017-06-04,14:31:55,0,0,2
2017-06-04,14:31:56,0,0,2
2017-06-04,14:31:57,0,0,2
2017-06-04,14:31:58,0,0,2
2017-06-04,14:31:59,0,0,2
2017-06-04,14:32:00,0,0,2
2017-06-04,14:32:01,0,0,2
2017-06-04,14:32:02,0,0,2
2017-06-04,14:32:03,0,0,2
2017-06-04,14:32:04,0,0,2
2017-06-04,14:32:05,0,0,2
2017-06-04,14:32:06,0,0,2
2017-06-04,14:32:07,0,0,2
2017-06-04,14:32:08,0,0,2
2017-06-04,14:32:09,0,0,2
2017-06-04,14:32:10,0,0,2
2017-06-04,14:32:11,0,0,2
2017-06-04,14:32:12,0,0,2
2017-06-04,14:32:13,0,0,2
2017-06-04,14:32:14,0,0,2
2017-06-04,14:32:15,0,0,2
2017-06-04,14:32:16,0,0,2
2017-06-04,14:32:17,0,0,2
2017-06-04,14:32:18,0,0,2
2017-06-04,14:32:19,0,0,2
2017-06-04,14:32:20,0,0,2
2017-06-04,14:32:21,0,0,2
2017-06-04,14:32:22,0,0,2
2017-06-04,14:32:23,0,0,2
2017-06-04,14:32:24,0,0,2
2017-06-04,14:32:25,0,0,2
2017-06-04,14:32:26,0,0,2
2017-06-04,14:32:27,0,0,2
2017-06-04,14:32:28,0,0,2
2017-06-04,14:32:29,0,0,2
2017-06-04,14:32:30,0,0,2
2017-06-04,14:32:31,0,0,2
2017-06-04,14:32:32,0,0,2
2017-06-04,14:32:33,0,0,2
2017-06-04,14:32:34,0,0,2
2017-06-04,14:32:35,0,0,2
2017-06-04,14:32:36,0,0,2
2017-06-04,14:32:37,0,0,2
2017-06-04,14:32:38,0,0,2
2017-06-04,14:32:39,0,0,2
2017-06-04,14:32:40,0,0,2
2017-06-04,14:32:41,0,0,2
2017-06-04,14:32:42,0,0,2
2017-06-04,14:32:43,0,0,2
2017-06-04,14:32:44,0,0,2
2017-06-04,14:32:45,0,0,2
2017-06-04,14:32:46,0,0,2
2017-06-04,14:32:47,0,0,2
2017-06-04,14:32:48,0,0,2
2017-06-04,14:32:49,0,0,2
2017-06-04,14:32:50,0,0,2
2017-06-04,14:32:51,0,0,2
2017-06-04,14:32:52,0,0,2
2017-06-04,14:32:53,0,0,2
2017-06-04,14:32:54,0,0,2
2017-06-04,14:32:55,0,0,2
2017-06-04,14:32:56,0,0,2
2017-06-04,14:32:57,0,0,2
2017-06-04,14:32:58,0,0,2
2017-06-04,14:32:59,0,0,2
2017-06-04,14:33:00,0,0,2
2017-06-04,14:33:01,0,0,2
2017-06-04,14:33:02,0,0,2
2017-06-04,14:33:03,0,0,2
2017-06-04,14:33:04,0,0,2
2017-06-04,14:33:05,0,0,2
2017-06-04,14:33:06,0,0,2
2017-06-04,14:33:07,0,0,2
2017-06-04,14:33:08,0,0,2
2017-06-04,14:33:09,0,0,2
2017-06-04,14:33:10,0,0,2
2017-06-04,14:33:11,0,0,2
2017-06-04,14:33:12,0,0,2
2017-06-04,14:33:13,0,0,2
2017-06-04,14:33:14,0,0,2
2017-06-04,14:33:15,0,0,2
2017-06-04,14:33:16,0,0,2
2017-06-04,14:33:17,0,0,2
2017-06-04,14:33:18,0,0,2
2017-06-04,14:33:19,0,0,2
2017-06-04,14:33:20,0,0,2
2017-06-04,14:33:21,0,0,2
2017-06-04,14:33:22,0,0,2
2017-06-04,14:33:23,0,0,2
2017-06-04,14:33:24,0,0,2
2017-06-04,14:33:25,0,0,2
2017-06-04,14:33:26,0,0,2
2017-06-04,14:33:27,0,0,2
2017-06-04,14:33:28,0,0,2
2017-06-04,14:33:29,0,0,2
2017-06-04,14:33:30,0,0,2
2017-06-04,14:33:31,0,0,2
2017-06-04,14:33:32,0,0,2
2017-06-04,14:33:33,0,0,2
2017-06-04,14:33:34,0,0,2
2017-06-04,14:33:35,0,0,2
2017-06-04,14:33:36,0,0,2
2017-06-04,14:33:37,0,0,2
2017-06-04,14:33:38,0,0,2
2017-06-04,14:33:39,0,0,2
2017-06-04,14:33:40,0,0,2
2017-06-04,14:33:41,0,0,2
2017-06-04,14:33:42,0,0,2
2017-06-04,14:33:43,0,0,2
2017-06-04,14:33:44,0,0,2
2017-06-04,14:33:45,0,0,2
2017-06-04,14:33:46,0,0,2
2017-06-04,14:33:47,0,0,2
2017-06-04,14:33:48,0,0,2
2017-06-04,14:33:49,0,0,2
2017-06-04,14:33:50,0,0,2
2017-06-04,14:33:51,0,0,2
2017-06-04,14:33:52,0,0,2
2017-06-04,14:33:53,0,0,2
2017-06-04,14:33:54,0,0,2
2017-06-04,14:33:55,0,0,2
2017-06-04,14:33:56,0,0,2
2017-06-04,14:33:57,0,0,2
2017-06-04,14:33:58,0,0,2
2017-06-04,14:33:59,0,0,2
2017-06-04,14:34:00,0,0,2
2017-06-04,14:34:01,0,0,2
2017-06-04,14:34:02,0,0,2
2017-06-04,14:34:03,0,0,2
2017-06-04,14:34:04,0,0,2
2017-06-04,14:34:05,0,0,2
2017-06-04,14:34:06,0,0,2
2017-06-04,14:34:07,0,0,2
2017-06-04,14:34:08,0,0,2
2017-06-04,14:34:09,0,0,2
2017-06-04,14:34:10,0,0,2
2017-06-04,14:34:11,0,0,2
2017-06-04,14:34:12,0,0,2
2017-06-04,14:34:13,0,0,2
2017-06-04,14:34:14,0,0,2
2017-06-04,14:34:15,0,0,2
2017-06-04,14:34:16,0,0,2
2017-06-04,14:34:17,0,0,2
2017-06-04,14:34:18,0,0,2
2017-06-04,14:34:19,0,0,2
2017-06-04,14:34:20,0,0,2
2017-06-04,14:34:21,0,0,2
2017-06-04,14:34:22,0,0,2
2017-06-04,14:34:23,0,0,2
2017-06-04,14:34:24,0,0,2
2017-06-04,14:34:25,0,0,2
2017-06-04,14:34:26,0,0,2
2017-06-04,14:34:27,0,0,2
2017-06-04,14:34:28,0,0,2
2017-06-04,14:34:29,0,0,2
2017-06-04,14:34:30,0,0,2
2017-06-04,14:34:31,0,0,2
2017-06-04,14:34:32,0,0,2
2017-06-04,14:34:33,0,0,2
2017-06-04,14:34:34,0,0,2
2017-06-04,14:34:35,0,0,2
2017-06-04,14:34:36,0,0,2
2017-06-04,14:34:37,0,0,2
2017-06-04,14:34:38,0,0,2
2017-06-04,14:34:39,0,0,2
2017-06-04,14:34:40,0,0,2
2017-06-04,14:34:41,0,0,2
2017-06-04,14:34:42,0,0,2
2017-06-04,14:34:43,0,0,2
2017-06-04,14:34:44,0,0,2
2017-06-04,14:34:45,0,0,2
2017-06-04,14:34:46,0,0,2
2017-06-04,14:34:47,0,0,2
2017-06-04,14:34:48,0,0,2
2017-06-04,14:34:49,0,0,2
2017-06-04,14:34:50,0,0,2
2017-06-04,14:34:51,0,0,2
2017-06-04,14:34:52,0,0,2
2017-06-04,14:34:53,0,0,2
2017-06-04,14:34:54,0,0,2
2017-06-04,14:34:55,0,0,2
2017-06-04,14:34:56,0,0,2
2017-06-04,14:34:57,0,0,2
2017-06-04,14:34:58,0,0,2
2017-06-04,14:34:59,0,0,2
2017-06-04,14:35:00,0,0,2
2017-06-04,14:35:01,0,0,2
2017-06-04,14:35:02,0,0,2
2017-06-04,14:35:03,0,0,2
2017-06-04,14:35:04,0,0,2
2017-06-04,14:35:05,0,0,2
2017-06-04,14:35:06,0,0,2
2017-06-04,14:35:07,0,0,2
2017-06-04,14:35:08,0,0,2
2017-06-04,14:35:09,0,0,2
2017-06-04,14:35:10,0,0,2
2017-06-04,14:35:11,0,0,2
2017-06-04,14:35:12,0,0,2
2017-06-04,14:35:13,3454,0,2
2017-06-04,14:35:14,5231,0,2
2017-06-04,14:35:15,5050,0,2
2017-06-04,14:35:16,6092,0,2
2017-06-04,14:35:17,7137,0,2
2017-06-04,14:35:18,5823,0,2
2017-06-04,14:35:19,3531,0,2
2017-06-04,14:35:20,3274,0,2
2017-06-04,14:35:21,2642,0,2
2017-06-04,14:35:22,2530,0,2
2017-06-04,14:35:23,3091,0,2
2017-06-04,14:35:24,2084,0,2
2017-06-04,14:35:25,0,0,2
2017-06-04,14:35:26,1093,0,2
2017-06-04,14:35:27,3884,0,2
2017-06-04,14:35:28,6263,0,2
2017-06-04,14:35:29,4775,0,2
2017-06-04,14:35:30,5249,0,2
2017-06-04,14:35:31,4900,0,2
2017-06-04,14:35:32,5149,0,2
2017-06-04,14:35:33,5397,0,2
2017-06-04,14:35:34,5331,0,2
2017-06-04,14:35:35,5511,0,2
2017-06-04,14:35:36,5408,0,2
2017-06-04,14:35:37,5195,0,2
2017-06-04,14:35:38,4450,0,2
2017-06-04,14:35:39,2920,0,2
2017-06-04,14:35:40,3955,0,2
2017-06-04,14:35:41,3980,0,2
2017-06-04,14:35:42,3953,0,2
2017-06-04,14:35:43,3272,0,2
2017-06-04,14:35:44,2761,0,2
2017-06-04,14:35:45,2581,0,2
2017-06-04,14:35:46,1665,0,2
2017-06-04,14:35:47,0,0,2
2017-06-04,14:35:48,0,0,2
2017-06-04,14:35:49,0,0,2
2017-06-04,14:35:50,1679,0,2
2017-06-04,14:35:51,3186,0,2
2017-06-04,14:35:52,5785,0,2
2017-06-04,14:35:53,5880,0,2
2017-06-04,14:35:54,5978,0,2
2017-06-04,14:35:55,6385,0,2
2017-06-04,14:35:56,5704,0,2
2017-06-04,14:35:57,5308,0,2
2017-06-04,14:35:58,7556,0,2
2017-06-04,14:35:59,5892,0,2
2017-06-04,14:36:00,4529,0,2
2017-06-04,14:36:01,5952,0,2
2017-06-04,14:36:02,5221,0,2
2017-06-04,14:36:03,5848,0,2
2017-06-04,14:36:04,5500,0,2
2017-06-04,14:36:05,3686,0,2
2017-06-04,14:36:06,2201,0,2
2017-06-04,14:36:07,2319,0,2
2017-06-04,14:36:08,1778,0,2
2017-06-04,14:36:09,1806,0,2
2017-06-04,14:36:10,1803,0,2
2017-06-04,14:36:11,1615,0,2
2017-06-04,14:36:12,1647,0,2
2017-06-04,14:36:13,2109,0,2
2017-06-04,14:36:14,2264,0,2
2017-06-04,14:36:15,1882,0,2
2017-06-04,14:36:16,2030,0,2
2017-06-04,14:36:17,2574,0,2
2017-06-04,14:36:18,2177,0,2
2017-06-04,14:36:19,2339,0,2
2017-06-04,14:36:20,2205,0,2
2017-06-04,14:36:21,3105,0,2
2017-06-04,14:36:22,3184,0,3
2017-06-04,14:36:23,2349,0,3
2017-06-04,14:36:24,1510,0,3
2017-06-04,14:36:25,1062,0,3
2017-06-04,14:36:26,1175,0,3
2017-06-04,14:36:27,1423,0,3
2017-06-04,14:36:28,1057,0,3
2017-06-04,14:36:29,0,0,3
2017-06-04,14:36:30,0,0,3
2017-06-04,14:36:31,0,0,3
2017-06-04,14:36:32,2348,0,3
2017-06-04,14:36:33,3722,0,3
2017-06-04,14:36:34,1288,0,3
2017-06-04,14:36:35,1744,0,3
2017-06-04,14:36:36,1456,0,3
2017-06-04,14:36:37,0,0,3
2017-06-04,14:36:38,0,0,3
2017-06-04,14:36:39,0,0,3
2017-06-04,14:36:40,0,0,3
2017-06-04,14:36:41,0,0,3
2017-06-04,14:36:42,0,0,3
2017-06-04,14:36:43,0,0,3
2017-06-04,14:36:44,0,0,3
2017-06-04,14:36:45,0,0,3
2017-06-04,14:36:46,0,0,3
2017-06-04,14:36:47,0,0,3
2017-06-04,14:36:48,0,0,3
2017-06-04,14:36:49,0,0,3
2017-06-04,14:36:50,0,0,3
2017-06-04,14:36:51,0,0,3
2017-06-04,14:36:52,0,0,3
2017-06-04,14:36:53,0,0,3
2017-06-04,14:36:54,0,0,3
2017-06-04,14:36:55,0,0,3
2017-06-04,14:36:56,0,0,3
2017-06-04,14:36:57,0,0,3
2017-06-04,14:36:58,0,0,3
2017-06-04,14:36:59,0,0,3
2017-06-04,14:37:00,0,0,3
2017-06-04,14:37:01,0,0,3
2017-06-04,14:37:02,0,0,3
2017-06-04,14:37:03,0,0,3
2017-06-04,14:37:04,0,0,3
2017-06-04,14:37:05,0,0,3
2017-06-04,14:37:06,0,0,3
2017-06-04,14:37:07,0,0,3
2017-06-04,14:37:08,0,0,3
2017-06-04,14:37:09,0,0,3
2017-06-04,14:37:10,0,0,3
2017-06-04,14:37:11,0,0,3
2017-06-04,14:37:12,0,0,3
2017-06-04,14:37:13,0,0,3
2017-06-04,14:37:14,0,0,3
2017-06-04,14:37:15,0,0,3
2017-06-04,14:37:16,0,0,3
2017-06-04,14:37:17,0,0,3
2017-06-04,14:37:18,0,0,3
2017-06-04,14:37:19,0,0,3
2017-06-04,14:37:20,0,0,3
2017-06-04,14:37:21,0,0,3
2017-06-04,14:37:22,0,0,3
2017-06-04,14:37:23,0,0,3
2017-06-04,14:37:24,0,0,3
2017-06-04,14:37:25,0,0,3
2017-06-04,14:37:26,0,0,3
2017-06-04,14:37:27,0,0,3
2017-06-04,14:37:28,0,0,3
2017-06-04,14:37:29,0,0,3
2017-06-04,14:37:30,0,0,3
2017-06-04,14:37:31,0,0,3
2017-06-04,14:37:32,0,0,3
2017-06-04,14:37:33,0,0,3
2017-06-04,14:37:34,0,0,3
2017-06-04,14:37:35,0,0,3
2017-06-04,14:37:36,0,0,3
2017-06-04,14:37:37,0,0,3
2017-06-04,14:37:38,0,0,3
2017-06-04,14:37:39,0,0,3
2017-06-04,14:37:40,0,0,3
2017-06-04,14:37:41,0,0,3
2017-06-04,14:37:42,0,0,3
2017-06-04,14:37:43,0,0,3
2017-06-04,14:37:44,0,0,3
2017-06-04,14:37:45,0,0,3
2017-06-04,14:37:46,0,0,3
2017-06-04,14:37:47,0,0,3
2017-06-04,14:37:48,0,0,3
2017-06-04,14:37:49,0,0,3
2017-06-04,14:37:50,0,0,3
2017-06-04,14:37:51,0,0,3
2017-06-04,14:37:52,0,0,3
2017-06-04,14:37:53,0,0,3
2017-06-04,14:37:54,0,0,3
2017-06-04,14:37:55,0,0,3
2017-06-04,14:37:56,0,0,3
2017-06-04,14:37:57,0,0,3
2017-06-04,14:37:58,0,0,3
2017-06-04,14:37:59,0,0,3
2017-06-04,14:38:00,0,0,3
2017-06-04,14:38:01,0,0,3
2017-06-04,14:38:02,0,0,3
2017-06-04,14:38:03,0,0,3
2017-06-04,14:38:04,0,0,3
2017-06-04,14:38:05,0,0,3
2017-06-04,14:38:06,0,0,3
2017-06-04,14:38:07,0,0,3
2017-06-04,14:38:08,0,0,3
2017-06-04,14:38:09,0,0,3
2017-06-04,14:38:10,0,0,3
2017-06-04,14:38:11,0,0,3
2017-06-04,14:38:12,0,0,3
2017-06-04,14:38:13,0,0,3
2017-06-04,14:38:14,0,0,3
2017-06-04,14:38:15,0,0,3
2017-06-04,14:38:16,0,0,3
2017-06-04,14:38:17,0,0,3
2017-06-04,14:38:18,0,0,3
2017-06-04,14:38:19,0,0,3
2017-06-04,14:38:20,0,0,3
2017-06-04,14:38:21,0,0,3
2017-06-04,14:38:22,0,0,3
2017-06-04,14:38:23,0,0,3
2017-06-04,14:38:24,0,0,3
2017-06-04,14:38:25,0,0,3
2017-06-04,14:38:26,0,0,3
2017-06-04,14:38:27,0,0,3
2017-06-04,14:38:28,0,0,3
2017-06-04,14:38:29,0,0,3
2017-06-04,14:38:30,0,0,3
2017-06-04,14:38:31,0,0,3
2017-06-04,14:38:32,0,0,3
2017-06-04,14:38:33,0,0,3
2017-06-04,14:38:34,0,0,3
2017-06-04,14:38:35,0,0,3
2017-06-04,14:38:36,0,0,3
2017-06-04,14:38:37,0,0,3
2017-06-04,14:38:38,0,0,3
2017-06-04,14:38:39,0,0,3
2017-06-04,14:38:40,0,0,3
2017-06-04,14:38:41,0,0,3
2017-06-04,14:38:42,0,0,3
2017-06-04,14:38:43,0,0,3
2017-06-04,14:38:44,0,0,3
2017-06-04,14:38:45,0,0,3
2017-06-04,14:38:46,0,0,3
2017-06-04,14:38:47,0,0,3
2017-06-04,14:38:48,0,0,3
2017-06-04,14:38:49,0,0,3
2017-06-04,14:38:50,0,0,3
2017-06-04,14:38:51,0,0,3
2017-06-04,14:38:52,0,0,3
2017-06-04,14:38:53,0,0,3
2017-06-04,14:38:54,0,0,3
2017-06-04,14:38:55,0,0,3
2017-06-04,14:38:56,0,0,3
2017-06-04,14:38:57,0,0,3
2017-06-04,14:38:58,0,0,3
2017-06-04,14:38:59,0,0,3
2017-06-04,14:39:00,0,0,3
2017-06-04,14:39:01,0,0,3
2017-06-04,14:39:02,0,0,3
2017-06-04,14:39:03,0,0,3
2017-06-04,14:39:04,0,0,3
2017-06-04,14:39:05,0,0,3
2017-06-04,14:39:06,0,0,3
2017-06-04,14:39:07,0,0,3
2017-06-04,14:39:08,0,0,3
2017-06-04,14:39:09,0,0,3
2017-06-04,14:39:10,0,0,3
2017-06-04,14:39:11,0,0,3
2017-06-04,14:39:12,0,0,3
2017-06-04,14:39:13,0,0,3
2017-06-04,14:39:14,0,0,3
2017-06-04,14:39:15,0,0,3
2017-06-04,14:39:16,0,0,3
2017-06-04,14:39:17,0,0,3
2017-06-04,14:39:18,0,0,3
2017-06-04,14:39:19,0,0,3
2017-06-04,14:39:20,0,0,3
2017-06-04,14:39:21,0,0,3
2017-06-04,14:39:22,0,0,3
2017-06-04,14:39:23,0,0,3
2017-06-04,14:39:24,0,0,3
2017-06-04,14:39:25,0,0,3
2017-06-04,14:39:26,0,0,3
2017-06-04,14:39:27,0,0,3
2017-06-04,14:39:28,0,0,3
2017-06-04,14:39:29,0,0,3
2017-06-04,14:39:30,0,0,3
2017-06-04,14:39:31,0,0,3
2017-06-04,14:39:32,0,0,3
2017-06-04,14:39:33,0,0,3
2017-06-04,14:39:34,0,0,3
2017-06-04,14:39:35,0,0,3
2017-06-04,14:39:36,0,0,3
2017-06-04,14:39:37,0,0,3
2017-06-04,14:39:38,0,0,3
2017-06-04,14:39:39,0,0,3
2017-06-04,14:39:40,0,0,3
2017-06-04,14:39:41,0,0,3
2017-06-04,14:39:42,0,0,3
2017-06-04,14:39:43,0,0,3
2017-06-04,14:39:44,0,0,3
2017-06-04,14:39:45,0,0,3
2017-06-04,14:39:46,0,0,3
2017-06-04,14:39:47,0,0,3
2017-06-04,14:39:48,0,0,3
2017-06-04,14:39:49,0,0,3
2017-06-04,14:39:50,0,0,3
2017-06-04,14:39:51,0,0,3
2017-06-04,14:39:52,0,0,3
2017-06-04,14:39:53,0,0,3
2017-06-04,14:39:54,0,0,3
2017-06-04,14:39:55,0,0,3
2017-06-04,14:39:56,0,0,3
2017-06-04,14:39:57,0,0,3
2017-06-04,14:39:58,0,0,3
2017-06-04,14:39:59,0,0,3
2017-06-04,14:40:00,0,0,3
2017-06-04,14:40:01,0,0,3
2017-06-04,14:40:02,0,0,3
2017-06-04,14:40:03,0,0,3
2017-06-04,14:40:04,0,0,3
2017-06-04,14:40:05,0,0,3
2017-06-04,14:40:06,0,0,3
2017-06-04,14:40:07,0,0,3
2017-06-04,14:40:08,0,0,3
2017-06-04,14:40:09,0,0,3
2017-06-04,14:40:10,0,0,3
2017-06-04,14:40:11,0,0,3
2017-06-04,14:40:12,0,0,3
2017-06-04,14:40:13,0,0,3
2017-06-04,14:40:14,0,0,3
2017-06-04,14:40:15,0,0,3
2017-06-04,14:40:16,0,0,3
2017-06-04,14:40:17,0,0,3
2017-06-04,14:40:18,0,0,3
2017-06-04,14:40:19,0,0,3
2017-06-04,14:40:20,0,0,3
2017-06-04,14:40:21,0,0,3
2017-06-04,14:40:22,0,0,3
2017-06-04,14:40:23,0,0,3
2017-06-04,14:40:24,0,0,3
2017-06-04,14:40:25,0,0,3
2017-06-04,14:40:26,0,0,3
2017-06-04,14:40:27,0,0,3
2017-06-04,14:40:28,0,0,3
2017-06-04,14:40:29,0,0,3
2017-06-04,14:40:30,0,0,3
2017-06-04,14:40:31,0,0,3
2017-06-04,14:40:32,0,0,3
2017-06-04,14:40:33,0,0,3
2017-06-04,14:40:34,0,0,3
2017-06-04,14:40:35,0,0,3
2017-06-04,14:40:36,0,0,3
2017-06-04,14:40:37,0,0,3
2017-06-04,14:40:38,0,0,3
2017-06-04,14:40:39,0,0,3
2017-06-04,14:40:40,0,0,3
2017-06-04,14:40:41,0,0,3
2017-06-04,14:40:42,0,0,3
2017-06-04,14:40:43,0,0,3
2017-06-04,14:40:44,0,0,3
2017-06-04,14:40:45,0,0,3
2017-06-04,14:40:46,0,0,3
2017-06-04,14:40:47,0,0,3
2017-06-04,14:40:48,0,0,3
2017-06-04,14:40:49,0,0,3
2017-06-04,14:40:50,0,0,3
2017-06-04,14:40:51,0,0,3
2017-06-04,14:40:52,0,0,3
2017-06-04,14:40:53,0,0,3
2017-06-04,14:40:54,0,0,3
2017-06-04,14:40:55,0,0,3
2017-06-04,14:40:56,0,0,3
2017-06-04,14:40:57,0,0,3
2017-06-04,14:40:58,0,0,3
2017-06-04,14:40:59,0,0,3
2017-06-04,14:41:00,0,0,3
2017-06-04,14:41:01,0,0,3
2017-06-04,14:41:02,0,0,3
2017-06-04,14:41:03,0,0,3
2017-06-04,14:41:04,0,0,3
2017-06-04,14:41:05,0,0,3
2017-06-04,14:41:06,0,0,3
2017-06-04,14:41:07,0,0,3
2017-06-04,14:41:08,0,0,3
2017-06-04,14:41:09,0,0,3
2017-06-04,14:41:10,0,0,3
2017-06-04,14:41:11,0,0,3
2017-06-04,14:41:12,0,0,3
2017-06-04,14:41:13,0,0,3
2017-06-04,14:41:14,0,0,3
2017-06-04,14:41:15,0,0,3
2017-06-04,14:41:16,0,0,3
2017-06-04,14:41:17,0,0,3
2017-06-04,14:41:18,0,0,3
2017-06-04,14:41:19,0,0,3
2017-06-04,14:41:20,0,0,3
2017-06-04,14:41:21,0,0,3
2017-06-04,14:41:22,0,0,3
2017-06-04,14:41:23,0,0,3
2017-06-04,14:41:24,0,0,3
2017-06-04,14:41:25,0,0,3
2017-06-04,14:41:26,0,0,3
2017-06-04,14:41:27,0,0,3
2017-06-04,14:41:28,0,0,3
2017-06-04,14:41:29,0,0,3
2017-06-04,14:41:30,0,0,3
2017-06-04,14:41:31,0,0,3
2017-06-04,14:41:32,0,0,3
2017-06-04,14:41:33,0,0,3
2017-06-04,14:41:34,0,0,3
2017-06-04,14:41:35,0,0,3
2017-06-04,14:41:36,0,0,3
2017-06-04,14:41:37,0,0,3
2017-06-04,14:41:38,0,0,3
2017-06-04,14:41:39,0,0,3
2017-06-04,14:41:40,0,0,3
2017-06-04,14:41:41,0,0,3
2017-06-04,14:41:42,0,0,3
2017-06-04,14:41:43,0,0,3
2017-06-04,14:41:44,0,0,3
2017-06-04,14:41:45,0,0,3
2017-06-04,14:41:46,0,0,3
2017-06-04,14:41:47,0,0,3
2017-06-04,14:41:48,0,0,3
2017-06-04,14:41:49,0,0,3
2017-06-04,14:41:50,0,0,3
2017-06-04,14:41:51,0,0,3
2017-06-04,14:41:52,0,0,3
2017-06-04,14:41:53,0,0,3
2017-06-04,14:41:54,0,0,3
2017-06-04,14:41:55,0,0,3
2017-06-04,14:41:56,0,0,3
2017-06-04,14:41:57,0,0,3
2017-06-04,14:41:58,0,0,3
2017-06-04,14:41:59,0,0,3
2017-06-04,14:42:00,0,0,3
2017-06-04,14:42:01,0,0,3
2017-06-04,14:42:02,0,0,3
2017-06-04,14:42:03,0,0,3
2017-06-04,14:42:04,0,0,3
2017-06-04,14:42:05,0,0,3
2017-06-04,14:42:06,0,0,3
2017-06-04,14:42:07,1273,0,3
2017-06-04,14:42:08,1211,0,3
2017-06-04,14:42:09,1088,0,3
2017-06-04,14:42:10,1051,0,3
2017-06-04,14:42:11,1481,0,3
2017-06-04,14:42:12,2138,0,6
2017-06-04,14:42:13,1033,0,6
2017-06-04,14:42:14,0,0,6
2017-06-04,14:42:15,0,0,6
2017-06-04,14:42:16,0,0,6
2017-06-04,14:42:17,1418,0,6
2017-06-04,14:42:18,1567,0,6
2017-06-04,14:42:19,1920,0,6
2017-06-04,14:42:20,1326,0,6
2017-06-04,14:42:21,1110,0,6
2017-06-04,14:42:22,1250,0,6
2017-06-04,14:42:23,1140,0,6
2017-06-04,14:42:24,1327,0,6
2017-06-04,14:42:25,2261,0,6
2017-06-04,14:42:26,3028,0,6
2017-06-04,14:42:27,1590,0,6
2017-06-04,14:42:28,4046,0,6
2017-06-04,14:42:29,4278,0,6
2017-06-04,14:42:30,4632,0,6
2017-06-04,14:42:31,4575,0,6
2017-06-04,14:42:32,4854,0,6
2017-06-04,14:42:33,4482,0,6
2017-06-04,14:42:34,1857,0,6
2017-06-04,14:42:35,0,0,6
2017-06-04,14:42:36,6165,0,6
2017-06-04,14:42:37,6394,0,6
2017-06-04,14:42:38,0,0,6
2017-06-04,14:42:39,4458,0,6
2017-06-04,14:42:40,6300,0,6
2017-06-04,14:42:41,3658,0,6
2017-06-04,14:42:42,2102,0,6
2017-06-04,14:42:43,2985,0,6
2017-06-04,14:42:44,2186,0,6
2017-06-04,14:42:45,2585,0,6
2017-06-04,14:42:46,3027,0,6
2017-06-04,14:42:47,4026,0,6
2017-06-04,14:42:48,2828,0,6
2017-06-04,14:42:49,2741,0,6
2017-06-04,14:42:50,2793,0,6
2017-06-04,14:42:51,2684,0,6
2017-06-04,14:42:52,0,0,6
2017-06-04,14:42:53,0,0,6
2017-06-04,14:42:54,0,0,6
2017-06-04,14:42:55,0,0,6
2017-06-04,14:42:56,1113,0,6
2017-06-04,14:42:57,1378,0,6
2017-06-04,14:42:58,1006,0,6
2017-06-04,14:42:59,0,0,6
2017-06-04,14:43:00,1536,0,6
2017-06-04,14:43:01,1261,0,6
2017-06-04,14:43:02,1692,0,6
2017-06-04,14:43:03,1939,0,6
2017-06-04,14:43:04,2094,0,6
2017-06-04,14:43:05,2092,0,6
2017-06-04,14:43:06,2217,0,6
2017-06-04,14:43:07,1926,0,6
2017-06-04,14:43:08,1836,0,6
2017-06-04,14:43:09,1158,0,6
2017-06-04,14:43:10,0,0,6
2017-06-04,14:43:11,0,0,6
2017-06-04,14:43:12,0,0,6
2017-06-04,14:43:13,1271,0,6
2017-06-04,14:43:14,0,0,6
2017-06-04,14:43:15,1199,0,6
2017-06-04,14:43:16,1311,0,6
2017-06-04,14:43:17,1529,0,6
2017-06-04,14:43:18,1777,0,6
2017-06-04,14:43:19,1168,0,6
2017-06-04,14:43:20,1323,0,6
2017-06-04,14:43:21,1123,0,6
2017-06-04,14:43:22,1492,0,6
2017-06-04,14:43:23,1559,0,6
2017-06-04,14:43:24,1681,0,6
2017-06-04,14:43:25,1293,0,6
2017-06-04,14:43:26,1350,0,3
2017-06-04,14:43:27,1510,0,3
2017-06-04,14:43:28,1845,0,3
2017-06-04,14:43:29,1981,0,3
2017-06-04,14:43:30,1886,0,3
2017-06-04,14:43:31,3767,0,3
2017-06-04,14:43:32,4706,0,3
2017-06-04,14:43:33,4483,0,3
2017-06-04,14:43:34,4671,0,3
2017-06-04,14:43:35,2281,0,3
2017-06-04,14:43:36,2226,0,3
2017-06-04,14:43:37,5083,0,3
2017-06-04,14:43:38,4929,0,3
2017-06-04,14:43:39,4553,0,3
2017-06-04,14:43:40,5381,0,3
2017-06-04,14:43:41,1307,0,3
2017-06-04,14:43:42,0,0,3
2017-06-04,14:43:43,0,0,3
2017-06-04,14:43:44,1037,0,3
2017-06-04,14:43:45,1046,0,3
2017-06-04,14:43:46,1061,0,3
2017-06-04,14:43:47,0,0,3
2017-06-04,14:43:48,1543,0,3
2017-06-04,14:43:49,1350,0,3
2017-06-04,14:43:50,1842,0,3
2017-06-04,14:43:51,1558,0,3
2017-06-04,14:43:52,0,0,3
2017-06-04,14:43:53,0,0,3
2017-06-04,14:43:54,1654,0,3
2017-06-04,14:43:55,1610,0,3
2017-06-04,14:43:56,2358,0,3
2017-06-04,14:43:57,2832,1,4
2017-06-04,14:43:58,0,0,4
2017-06-04,14:43:59,1348,0,4
2017-06-04,14:44:00,1989,0,4
2017-06-04,14:44:01,1850,0,4
2017-06-04,14:44:02,1583,0,4
2017-06-04,14:44:03,2269,0,4
2017-06-04,14:44:04,2165,0,4
2017-06-04,14:44:05,1580,1,5
2017-06-04,14:44:06,1266,0,5
2017-06-04,14:44:07,1945,0,5
2017-06-04,14:44:08,2353,0,5
2017-06-04,14:44:09,2397,0,5
2017-06-04,14:44:10,2376,0,5
2017-06-04,14:44:11,0,0,5
2017-06-04,14:44:12,0,0,5
2017-06-04,14:44:13,0,0,5
2017-06-04,14:44:14,0,0,5
2017-06-04,14:44:15,0,0,5
2017-06-04,14:44:16,1326,0,5
2017-06-04,14:44:17,3596,0,5
2017-06-04,14:44:18,3892,0,5
2017-06-04,14:44:19,4542,0,5
2017-06-04,14:44:20,5307,0,5
2017-06-04,14:44:21,5370,0,5
2017-06-04,14:44:22,5291,0,5
2017-06-04,14:44:23,5505,0,5
2017-06-04,14:44:24,4306,0,5
2017-06-04,14:44:25,1766,0,5
2017-06-04,14:44:26,2075,0,5
2017-06-04,14:44:27,1744,0,5
2017-06-04,14:44:28,2086,0,5
2017-06-04,14:44:29,2063,0,5
2017-06-04,14:44:30,2540,0,5
2017-06-04,14:44:31,2143,0,5
2017-06-04,14:44:32,2135,0,5
2017-06-04,14:44:33,2155,0,5
2017-06-04,14:44:34,2189,0,5
2017-06-04,14:44:35,2152,0,5
2017-06-04,14:44:36,2018,0,5
2017-06-04,14:44:37,1674,0,5
2017-06-04,14:44:38,1027,0,5
2017-06-04,14:44:39,0,0,5
2017-06-04,14:44:40,2485,0,5
2017-06-04,14:44:41,2077,0,5
2017-06-04,14:44:42,1955,1,8
2017-06-04,14:44:43,0,0,8
2017-06-04,14:44:44,1182,0,8
2017-06-04,14:44:45,1281,0,8
2017-06-04,14:44:46,1770,0,8
2017-06-04,14:44:47,1388,0,8
2017-06-04,14:44:48,1472,0,8
2017-06-04,14:44:49,1073,0,8
2017-06-04,14:44:50,0,0,8
2017-06-04,14:44:51,1570,0,8
2017-06-04,14:44:52,1930,0,8
2017-06-04,14:44:53,2446,0,8
2017-06-04,14:44:54,2453,0,8
2017-06-04,14:44:55,2828,0,8
2017-06-04,14:44:56,2656,0,8
2017-06-04,14:44:57,2158,0,8
2017-06-04,14:44:58,1636,0,8
2017-06-04,14:44:59,1661,0,8
2017-06-04,14:45:00,1632,0,8
2017-06-04,14:45:01,1807,0,8
2017-06-04,14:45:02,2557,0,8
2017-06-04,14:45:03,1354,0,8
2017-06-04,14:45:04,1261,0,8
2017-06-04,14:45:05,1233,0,8
2017-06-04,14:45:06,0,0,8
2017-06-04,14:45:07,1302,0,8
2017-06-04,14:45:08,1988,0,8
2017-06-04,14:45:09,1209,0,8
2017-06-04,14:45:10,1158,1,7
2017-06-04,14:45:11,1630,0,7
2017-06-04,14:45:12,2917,0,7
2017-06-04,14:45:13,2625,0,7
2017-06-04,14:45:14,2075,0,7
2017-06-04,14:45:15,3461,0,7
2017-06-04,14:45:16,1762,0,7
2017-06-04,14:45:17,1319,1,1
2017-06-04,14:45:18,0,0,1
2017-06-04,14:45:19,0,0,1
2017-06-04,14:45:20,0,0,1
2017-06-04,14:45:21,0,0,1
2017-06-04,14:45:22,1478,0,1
2017-06-04,14:45:23,1567,0,1
2017-06-04,14:45:24,0,0,1
2017-06-04,14:45:25,0,0,1
2017-06-04,14:45:26,1728,0,1
2017-06-04,14:45:27,1801,0,1
2017-06-04,14:45:28,0,0,1
2017-06-04,14:45:29,0,0,1
2017-06-04,14:45:30,0,0,1
2017-06-04,14:45:31,0,0,1
2017-06-04,14:45:32,0,0,1
2017-06-04,14:45:33,0,0,1
2017-06-04,14:45:34,0,0,1
2017-06-04,14:45:35,0,0,1
2017-06-04,14:45:36,1167,0,1
2017-06-04,14:45:37,0,0,1
2017-06-04,14:45:38,0,0,1
2017-06-04,14:45:39,0,0,1
2017-06-04,14:45:40,0,0,1
2017-06-04,14:45:41,0,0,1
2017-06-04,14:45:42,0,0,1
2017-06-04,14:45:43,0,0,1
2017-06-04,14:45:44,0,0,1
2017-06-04,14:45:45,0,0,1
2017-06-04,14:45:46,1514,0,1
2017-06-04,14:45:47,2290,0,1
2017-06-04,14:45:48,2232,0,1
2017-06-04,14:45:49,1422,0,1
2017-06-04,14:45:50,2287,0,1
2017-06-04,14:45:51,1971,0,1
2017-06-04,14:45:52,1725,0,1
2017-06-04,14:45:53,2622,0,1
2017-06-04,14:45:54,2458,0,1
2017-06-04,14:45:55,2408,0,1
2017-06-04,14:45:56,1954,0,1
2017-06-04,14:45:57,0,0,1
2017-06-04,14:45:58,0,0,1
2017-06-04,14:45:59,0,0,1
2017-06-04,14:46:00,0,0,1
2017-06-04,14:46:01,0,0,1
2017-06-04,14:46:02,0,0,1
2017-06-04,14:46:03,0,0,1
2017-06-04,14:46:04,1539,0,1
2017-06-04,14:46:05,1668,0,1
2017-06-04,14:46:06,2316,0,1
2017-06-04,14:46:07,2589,0,1
2017-06-04,14:46:08,1441,0,1
2017-06-04,14:46:09,1388,0,1
2017-06-04,14:46:10,2253,0,1
2017-06-04,14:46:11,2759,0,1
2017-06-04,14:46:12,2897,0,1
2017-06-04,14:46:13,2959,0,1
2017-06-04,14:46:14,2928,0,1
2017-06-04,14:46:15,2669,0,1
2017-06-04,14:46:16,1676,0,1
2017-06-04,14:46:17,1352,0,1
2017-06-04,14:46:18,1088,0,1
2017-06-04,14:46:19,1186,0,1
2017-06-04,14:46:20,1079,0,1
2017-06-04,14:46:21,1501,0,1
2017-06-04,14:46:22,1210,0,1
2017-06-04,14:46:23,1651,0,1
2017-06-04,14:46:24,1367,0,1
2017-06-04,14:46:25,1143,0,1
2017-06-04,14:46:26,1159,0,1
2017-06-04,14:46:27,1371,0,1
2017-06-04,14:46:28,1344,0,1
2017-06-04,14:46:29,1578,0,1
2017-06-04,14:46:30,1730,0,1
2017-06-04,14:46:31,1068,0,1
2017-06-04,14:46:32,0,0,1
2017-06-04,14:46:33,1635,0,1
2017-06-04,14:46:34,1977,0,1
2017-06-04,14:46:35,2206,0,1
2017-06-04,14:46:36,1975,0,2
2017-06-04,14:46:37,1967,0,2
2017-06-04,14:46:38,1596,0,2
2017-06-04,14:46:39,1450,0,2
2017-06-04,14:46:40,1951,0,2
2017-06-04,14:46:41,1947,0,2
2017-06-04,14:46:42,1440,0,2
2017-06-04,14:46:43,1783,0,2
2017-06-04,14:46:44,2293,0,2
2017-06-04,14:46:45,3762,0,2
2017-06-04,14:46:46,4523,0,2
2017-06-04,14:46:47,1806,0,2
2017-06-04,14:46:48,1674,0,2
2017-06-04,14:46:49,0,0,2
2017-06-04,14:46:50,2337,0,2
2017-06-04,14:46:51,2492,0,2
2017-06-04,14:46:52,1726,0,2
2017-06-04,14:46:53,1140,1,6
2017-06-04,14:46:54,1082,0,6
2017-06-04,14:46:55,1615,0,6
2017-06-04,14:46:56,3591,0,6
2017-06-04,14:46:57,3885,0,6
2017-06-04,14:46:58,3549,0,6
2017-06-04,14:46:59,3082,0,6
2017-06-04,14:47:00,1199,0,6
2017-06-04,14:47:01,0,0,6
2017-06-04,14:47:02,0,0,6
2017-06-04,14:47:03,0,0,6
2017-06-04,14:47:04,0,0,6
2017-06-04,14:47:05,0,0,6
2017-06-04,14:47:06,0,0,6
2017-06-04,14:47:07,1034,0,6
2017-06-04,14:47:08,1240,0,6
2017-06-04,14:47:09,1492,0,6
2017-06-04,14:47:10,1306,0,6
2017-06-04,14:47:11,1236,0,6
2017-06-04,14:47:12,1502,0,6
2017-06-04,14:47:13,0,0,6
2017-06-04,14:47:14,0,0,6
2017-06-04,14:47:15,0,0,6
2017-06-04,14:47:16,0,0,6
2017-06-04,14:47:17,0,0,6
2017-06-04,14:47:18,0,0,6
2017-06-04,14:47:19,0,0,6
2017-06-04,14:47:20,0,0,6
2017-06-04,14:47:21,0,0,6
2017-06-04,14:47:22,0,0,6
2017-06-04,14:47:23,0,0,6
2017-06-04,14:47:24,0,0,6
2017-06-04,14:47:25,0,0,6
2017-06-04,14:47:26,0,0,6
2017-06-04,14:47:27,0,0,6
2017-06-04,14:47:28,0,0,6
2017-06-04,14:47:29,0,0,6
2017-06-04,14:47:30,0,0,6
2017-06-04,14:47:31,0,0,6
2017-06-04,14:47:32,0,0,6
2017-06-04,14:47:33,0,0,6
2017-06-04,14:47:34,0,0,6
2017-06-04,14:47:35,0,0,6
2017-06-04,14:47:36,0,0,6
2017-06-04,14:47:37,0,0,6
2017-06-04,14:47:38,0,0,6
2017-06-04,14:47:39,0,0,6
2017-06-04,14:47:40,0,0,6
2017-06-04,14:47:41,0,0,6
2017-06-04,14:47:42,0,0,6
2017-06-04,14:47:43,0,0,6
2017-06-04,14:47:44,0,0,6
2017-06-04,14:47:45,0,0,6
2017-06-04,14:47:46,0,0,6
2017-06-04,14:47:47,0,0,6
2017-06-04,14:47:48,0,0,6
2017-06-04,14:47:49,0,0,6
2017-06-04,14:47:50,0,0,6
2017-06-04,14:47:51,0,0,6
2017-06-04,14:47:52,0,0,6
2017-06-04,14:47:53,0,0,6
2017-06-04,14:47:54,0,0,6
2017-06-04,14:47:55,0,0,6
2017-06-04,14:47:56,0,0,6
2017-06-04,14:47:57,0,0,6
2017-06-04,14:47:58,0,0,6
2017-06-04,14:47:59,0,0,6
2017-06-04,14:48:00,0,0,6
2017-06-04,14:48:01,0,0,6
2017-06-04,14:48:02,0,0,6
2017-06-04,14:48:03,0,0,6
2017-06-04,14:48:04,0,0,6
2017-06-04,14:48:05,0,0,6
2017-06-04,14:48:06,0,0,6
2017-06-04,14:48:07,0,0,6
2017-06-04,14:48:08,0,0,6
2017-06-04,14:48:09,0,0,6
2017-06-04,14:48:10,0,0,6
2017-06-04,14:48:11,0,0,6
2017-06-04,14:48:12,0,0,6
2017-06-04,14:48:13,0,0,6
2017-06-04,14:48:14,0,0,6
2017-06-04,14:48:15,0,0,6
2017-06-04,14:48:16,0,0,6
2017-06-04,14:48:17,0,0,6
2017-06-04,14:48:18,0,0,6
2017-06-04,14:48:19,0,0,6
2017-06-04,14:48:20,0,0,6
2017-06-04,14:48:21,0,0,6
2017-06-04,14:48:22,0,0,6
2017-06-04,14:48:23,0,0,6
2017-06-04,14:48:24,0,0,6
2017-06-04,14:48:25,0,0,6
2017-06-04,14:48:26,0,0,6
2017-06-04,14:48:27,0,0,6
2017-06-04,14:48:28,0,0,6
2017-06-04,14:48:29,0,0,6
2017-06-04,14:48:30,0,0,6
2017-06-04,14:48:31,0,0,6
2017-06-04,14:48:32,0,0,6
2017-06-04,14:48:33,0,0,6
2017-06-04,14:48:34,0,0,6
2017-06-04,14:48:35,0,0,6
2017-06-04,14:48:36,0,0,6
2017-06-04,14:48:37,0,0,6
2017-06-04,14:48:38,0,0,6
2017-06-04,14:48:39,0,0,6
2017-06-04,14:48:40,0,0,6
2017-06-04,14:48:41,0,0,6
2017-06-04,14:48:42,0,0,6
2017-06-04,14:48:43,0,0,6
2017-06-04,14:48:44,0,0,6
2017-06-04,14:48:45,0,0,6
2017-06-04,14:48:46,0,0,6
2017-06-04,14:48:47,0,0,6
2017-06-04,14:48:48,0,0,6
2017-06-04,14:48:49,0,0,6
2017-06-04,14:48:50,0,0,6
2017-06-04,14:48:51,0,0,6
2017-06-04,14:48:52,0,0,6
2017-06-04,14:48:53,0,0,6
2017-06-04,14:48:54,0,0,6
2017-06-04,14:48:55,0,0,6
2017-06-04,14:48:56,0,0,6
2017-06-04,14:48:57,0,0,6
2017-06-04,14:48:58,0,0,6
2017-06-04,14:48:59,0,0,6
2017-06-04,14:49:00,0,0,6
2017-06-04,14:49:01,0,0,6
2017-06-04,14:49:02,0,0,6
2017-06-04,14:49:03,0,0,6
2017-06-04,14:49:04,0,0,6
2017-06-04,14:49:05,0,0,6
2017-06-04,14:49:06,0,0,6
2017-06-04,14:49:07,0,0,6
2017-06-04,14:49:08,0,0,6
2017-06-04,14:49:09,0,0,6
2017-06-04,14:49:10,0,0,6
2017-06-04,14:49:11,0,0,6
2017-06-04,14:49:12,0,0,6
2017-06-04,14:49:13,0,0,6
2017-06-04,14:49:14,0,0,6
2017-06-04,14:49:15,0,0,6
2017-06-04,14:49:16,0,0,6
2017-06-04,14:49:17,0,0,6
2017-06-04,14:49:18,0,0,6
2017-06-04,14:49:19,0,0,6
2017-06-04,14:49:20,0,0,6
2017-06-04,14:49:21,0,0,6
2017-06-04,14:49:22,0,0,6
2017-06-04,14:49:23,0,0,6
2017-06-04,14:49:24,0,0,6
2017-06-04,14:49:25,0,0,6
2017-06-04,14:49:26,0,0,6
2017-06-04,14:49:27,0,0,6
2017-06-04,14:49:28,0,0,6
2017-06-04,14:49:29,0,0,6
2017-06-04,14:49:30,0,0,6
2017-06-04,14:49:31,0,0,6
2017-06-04,14:49:32,0,0,6
2017-06-04,14:49:33,0,0,6
2017-06-04,14:49:34,0,0,6
2017-06-04,14:49:35,0,0,6
2017-06-04,14:49:36,0,0,6
2017-06-04,14:49:37,0,0,6
2017-06-04,14:49:38,0,0,6
2017-06-04,14:49:39,0,0,6
2017-06-04,14:49:40,0,0,6
2017-06-04,14:49:41,0,0,6
2017-06-04,14:49:42,0,0,6
2017-06-04,14:49:43,0,0,6
2017-06-04,14:49:44,0,0,6
2017-06-04,14:49:45,0,0,6
2017-06-04,14:49:46,0,0,6
2017-06-04,14:49:47,0,0,6
2017-06-04,14:49:48,0,0,6
2017-06-04,14:49:49,0,0,6
2017-06-04,14:49:50,0,0,6
2017-06-04,14:49:51,0,0,6
2017-06-04,14:49:52,0,0,6
2017-06-04,14:49:53,0,0,6
2017-06-04,14:49:54,0,0,6
2017-06-04,14:49:55,0,0,6
2017-06-04,14:49:56,0,0,6
2017-06-04,14:49:57,0,0,6
2017-06-04,14:49:58,0,0,6
2017-06-04,14:49:59,0,0,6
2017-06-04,14:50:00,0,0,6
2017-06-04,14:50:01,0,0,6
2017-06-04,14:50:02,0,0,6
2017-06-04,14:50:03,0,0,6
2017-06-04,14:50:04,0,0,6
2017-06-04,14:50:05,0,0,6
2017-06-04,14:50:06,0,0,6
2017-06-04,14:50:07,0,0,6
2017-06-04,14:50:08,0,0,6
2017-06-04,14:50:09,0,0,6
2017-06-04,14:50:10,0,0,6
2017-06-04,14:50:11,0,0,6
2017-06-04,14:50:12,0,0,6
2017-06-04,14:50:13,0,0,6
2017-06-04,14:50:14,0,0,6
2017-06-04,14:50:15,0,0,6
2017-06-04,14:50:16,0,0,6
2017-06-04,14:50:17,0,0,6
2017-06-04,14:50:18,0,0,6
2017-06-04,14:50:19,0,0,6
2017-06-04,14:50:20,0,0,6
2017-06-04,14:50:21,0,0,6
2017-06-04,14:50:22,0,0,6
2017-06-04,14:50:23,0,0,6
2017-06-04,14:50:24,0,0,6
2017-06-04,14:50:25,0,0,6
2017-06-04,14:50:26,0,0,6
2017-06-04,14:50:27,0,0,6
2017-06-04,14:50:28,0,0,6
2017-06-04,14:50:29,0,0,6
2017-06-04,14:50:30,0,0,6
2017-06-04,14:50:31,0,0,6
2017-06-04,14:50:32,0,0,6
2017-06-04,14:50:33,0,0,6
2017-06-04,14:50:34,0,0,6
2017-06-04,14:50:35,0,0,6
2017-06-04,14:50:36,0,0,6
2017-06-04,14:50:37,0,0,6
2017-06-04,14:50:38,0,0,6
2017-06-04,14:50:39,0,0,6
2017-06-04,14:50:40,0,0,6
2017-06-04,14:50:41,0,0,6
2017-06-04,14:50:42,0,0,6
2017-06-04,14:50:43,0,0,6
2017-06-04,14:50:44,0,0,6
2017-06-04,14:50:45,0,0,6
2017-06-04,14:50:46,0,0,6
2017-06-04,14:50:47,0,0,6
2017-06-04,14:50:48,0,0,6
2017-06-04,14:50:49,0,0,6
2017-06-04,14:50:50,0,0,6
2017-06-04,14:50:51,0,0,6
2017-06-04,14:50:52,0,0,6
2017-06-04,14:50:53,0,0,6
2017-06-04,14:50:54,0,0,6
2017-06-04,14:50:55,0,0,6
2017-06-04,14:50:56,0,0,6
2017-06-04,14:50:57,0,0,6
2017-06-04,14:50:58,0,0,6
2017-06-04,14:50:59,0,0,6
2017-06-04,14:51:00,0,0,6
2017-06-04,14:51:01,0,0,6
2017-06-04,14:51:02,0,0,6
2017-06-04,14:51:03,0,0,6
2017-06-04,14:51:04,0,0,6
2017-06-04,14:51:05,0,0,6
2017-06-04,14:51:06,0,0,6
2017-06-04,14:51:07,0,0,6
2017-06-04,14:51:08,0,0,6
2017-06-04,14:51:09,0,0,6
2017-06-04,14:51:10,0,0,6
2017-06-04,14:51:11,0,0,6
2017-06-04,14:51:12,0,0,6
2017-06-04,14:51:13,0,0,6
2017-06-04,14:51:14,0,0,6
2017-06-04,14:51:15,0,0,6
2017-06-04,14:51:16,0,0,6
2017-06-04,14:51:17,0,0,6
2017-06-04,14:51:18,0,0,6
2017-06-04,14:51:19,0,0,6
2017-06-04,14:51:20,0,0,6
2017-06-04,14:51:21,0,0,6
2017-06-04,14:51:22,0,0,6
2017-06-04,14:51:23,0,0,6
2017-06-04,14:51:24,0,0,6
2017-06-04,14:51:25,0,0,6
2017-06-04,14:51:26,0,0,6
2017-06-04,14:51:27,0,0,6
2017-06-04,14:51:28,0,0,6
2017-06-04,14:51:29,0,0,6
2017-06-04,14:51:30,0,0,6
2017-06-04,14:51:31,0,0,6
2017-06-04,14:51:32,0,0,6
2017-06-04,14:51:33,0,0,6
2017-06-04,14:51:34,0,0,6
2017-06-04,14:51:35,0,0,6
2017-06-04,14:51:36,0,0,6
2017-06-04,14:51:37,0,0,6
2017-06-04,14:51:38,0,0,6
2017-06-04,14:51:39,0,0,6
2017-06-04,14:51:40,0,0,6
2017-06-04,14:51:41,0,0,6
2017-06-04,14:51:42,0,0,6
2017-06-04,14:51:43,0,0,6
2017-06-04,14:51:44,0,0,6
2017-06-04,14:51:45,0,0,6
2017-06-04,14:51:46,0,0,6
2017-06-04,14:51:47,0,0,6
2017-06-04,14:51:48,0,0,6
2017-06-04,14:51:49,0,0,6
2017-06-04,14:51:50,0,0,6
2017-06-04,14:51:51,0,0,6
2017-06-04,14:51:52,0,0,6
2017-06-04,14:51:53,0,0,6
2017-06-04,14:51:54,0,0,6
2017-06-04,14:51:55,0,0,6
2017-06-04,14:51:56,0,0,6
2017-06-04,14:51:57,0,0,6
2017-06-04,14:51:58,0,0,6
2017-06-04,14:51:59,0,0,6
2017-06-04,14:52:00,0,0,6
2017-06-04,14:52:01,0,0,6
2017-06-04,14:52:02,0,0,6
2017-06-04,14:52:03,0,0,6
2017-06-04,14:52:04,0,0,6
2017-06-04,14:52:05,0,0,6
2017-06-04,14:52:06,0,0,6
2017-06-04,14:52:07,0,0,6
2017-06-04,14:52:08,0,0,6
2017-06-04,14:52:09,0,0,6
2017-06-04,14:52:10,0,0,6
2017-06-04,14:52:11,0,0,6
2017-06-04,14:52:12,0,0,6
2017-06-04,14:52:13,0,0,6
2017-06-04,14:52:14,0,0,6
2017-06-04,14:52:15,0,0,6
2017-06-04,14:52:16,0,0,6
2017-06-04,14:52:17,0,0,6
2017-06-04,14:52:18,0,0,6
2017-06-04,14:52:19,0,0,6
2017-06-04,14:52:20,0,0,6
2017-06-04,14:52:21,0,0,6
2017-06-04,14:52:22,0,0,6
2017-06-04,14:52:23,0,0,6
2017-06-04,14:52:24,0,0,6
2017-06-04,14:52:25,0,0,6
2017-06-04,14:52:26,0,0,6
2017-06-04,14:52:27,0,0,6
2017-06-04,14:52:28,0,0,6
2017-06-04,14:52:29,0,0,6
2017-06-04,14:52:30,0,0,6
2017-06-04,14:52:31,0,0,6
2017-06-04,14:52:32,0,0,6
2017-06-04,14:52:33,0,0,6
2017-06-04,14:52:34,0,0,6
2017-06-04,14:52:35,0,0,6
2017-06-04,14:52:36,0,0,6
2017-06-04,14:52:37,0,0,6
2017-06-04,14:52:38,0,0,6
2017-06-04,14:52:39,0,0,6
2017-06-04,14:52:40,0,0,6
2017-06-04,14:52:41,0,0,6
2017-06-04,14:52:42,0,0,6
2017-06-04,14:52:43,0,0,6
2017-06-04,14:52:44,0,0,6
2017-06-04,14:52:45,0,0,6
2017-06-04,14:52:46,0,0,6
2017-06-04,14:52:47,0,0,6
2017-06-04,14:52:48,0,0,6
2017-06-04,14:52:49,0,0,6
2017-06-04,14:52:50,0,0,6
2017-06-04,14:52:51,0,0,6
2017-06-04,14:52:52,0,0,6
2017-06-04,14:52:53,0,0,7
2017-06-04,14:52:54,0,0,7
2017-06-04,14:52:55,0,0,7
2017-06-04,14:52:56,0,0,7
2017-06-04,14:52:57,0,0,7
2017-06-04,14:52:58,0,0,7
2017-06-04,14:52:59,0,0,7
2017-06-04,14:53:00,0,0,7
2017-06-04,14:53:01,0,0,7
2017-06-04,14:53:02,0,0,7
2017-06-04,14:53:03,0,0,7
2017-06-04,14:53:04,0,0,7
2017-06-04,14:53:05,0,0,7
2017-06-04,14:53:06,0,0,7
2017-06-04,14:53:07,0,0,7
2017-06-04,14:53:08,0,0,7
2017-06-04,14:53:09,0,0,7
2017-06-04,14:53:10,0,0,7
2017-06-04,14:53:11,0,0,7
2017-06-04,14:53:12,0,0,7
2017-06-04,14:53:13,0,0,7
2017-06-04,14:53:14,0,0,7
2017-06-04,14:53:15,0,0,7
2017-06-04,14:53:16,0,0,7
2017-06-04,14:53:17,0,0,7
2017-06-04,14:53:18,0,0,7
2017-06-04,14:53:19,0,0,7
2017-06-04,14:53:20,0,0,7
2017-06-04,14:53:21,0,0,7
2017-06-04,14:53:22,0,0,7
2017-06-04,14:53:23,0,0,7
2017-06-04,14:53:24,0,0,7
2017-06-04,14:53:25,0,0,7
2017-06-04,14:53:26,0,0,7
2017-06-04,14:53:27,0,0,7
2017-06-04,14:53:28,0,0,7
2017-06-04,14:53:29,0,0,7
2017-06-04,14:53:30,0,0,7
2017-06-04,14:53:31,0,0,7
2017-06-04,14:53:32,0,0,7
2017-06-04,14:53:33,0,0,7
2017-06-04,14:53:34,0,0,7
2017-06-04,14:53:35,0,0,7
2017-06-04,14:53:36,0,0,7
2017-06-04,14:53:37,0,0,7
2017-06-04,14:53:38,0,0,7
2017-06-04,14:53:39,0,0,7
2017-06-04,14:53:40,0,0,7
2017-06-04,14:53:41,0,0,7
2017-06-04,14:53:42,0,0,7
2017-06-04,14:53:43,0,0,7
2017-06-04,14:53:44,0,0,7
2017-06-04,14:53:45,0,0,7
2017-06-04,14:53:46,0,0,7
2017-06-04,14:53:47,0,0,7
2017-06-04,14:53:48,0,0,7
2017-06-04,14:53:49,0,0,7
2017-06-04,14:53:50,0,0,7
2017-06-04,14:53:51,0,0,7
2017-06-04,14:53:52,0,0,7
2017-06-04,14:53:53,0,0,1
2017-06-04,14:53:54,0,0,1
2017-06-04,14:53:55,0,0,1
2017-06-04,14:53:56,0,0,1
2017-06-04,14:53:57,0,0,1
2017-06-04,14:53:58,0,0,1
2017-06-04,14:53:59,0,0,1
2017-06-04,14:54:00,0,0,1
2017-06-04,14:54:01,0,0,1
2017-06-04,14:54:02,0,0,1
2017-06-04,14:54:03,0,0,1
2017-06-04,14:54:04,0,0,1
2017-06-04,14:54:05,0,0,1
2017-06-04,14:54:06,0,0,1
2017-06-04,14:54:07,0,0,1
2017-06-04,14:54:08,0,0,1
2017-06-04,14:54:09,0,0,1
2017-06-04,14:54:10,0,0,1
2017-06-04,14:54:11,0,0,1
2017-06-04,14:54:12,0,0,1
2017-06-04,14:54:13,0,0,1
2017-06-04,14:54:14,0,0,1
2017-06-04,14:54:15,0,0,1
2017-06-04,14:54:16,0,0,1
2017-06-04,14:54:17,1379,0,1
2017-06-04,14:54:18,1406,0,1
2017-06-04,14:54:19,1206,0,1
2017-06-04,14:54:20,0,0,1
2017-06-04,14:54:21,0,0,1
2017-06-04,14:54:22,0,0,1
2017-06-04,14:54:23,1043,0,1
2017-06-04,14:54:24,0,0,1
2017-06-04,14:54:25,0,0,1
2017-06-04,14:54:26,0,0,1
2017-06-04,14:54:27,0,0,1
2017-06-04,14:54:28,0,0,1
2017-06-04,14:54:29,0,0,1
2017-06-04,14:54:30,0,0,1
2017-06-04,14:54:31,0,0,1
2017-06-04,14:54:32,0,0,1
2017-06-04,14:54:33,0,0,1
2017-06-04,14:54:34,0,0,1
2017-06-04,14:54:35,0,0,1
2017-06-04,14:54:36,0,0,1
2017-06-04,14:54:37,0,0,1
2017-06-04,14:54:38,0,0,1
2017-06-04,14:54:39,0,0,1
2017-06-04,14:54:40,0,0,1
2017-06-04,14:54:41,0,0,1
2017-06-04,14:54:42,0,0,1
2017-06-04,14:54:43,0,0,1
2017-06-04,14:54:44,0,0,1
2017-06-04,14:54:45,0,0,1
2017-06-04,14:54:46,0,0,1
2017-06-04,14:54:47,0,0,1
2017-06-04,14:54:48,0,0,1
2017-06-04,14:54:49,0,0,1
2017-06-04,14:54:50,0,0,1
2017-06-04,14:54:51,0,0,1
2017-06-04,14:54:52,0,0,1
2017-06-04,14:54:53,0,0,2
2017-06-04,14:54:54,0,0,2
2017-06-04,14:54:55,0,0,2
2017-06-04,14:54:56,0,0,2
2017-06-04,14:54:57,0,0,2
2017-06-04,14:54:58,0,0,2
2017-06-04,14:54:59,0,0,2
2017-06-04,14:55:00,0,0,2
2017-06-04,14:55:01,0,0,2
2017-06-04,14:55:02,0,0,2
2017-06-04,14:55:03,0,0,2
2017-06-04,14:55:04,0,0,2
2017-06-04,14:55:05,0,0,2
2017-06-04,14:55:06,0,0,2
2017-06-04,14:55:07,0,0,2
2017-06-04,14:55:08,0,0,2
2017-06-04,14:55:09,0,0,2
2017-06-04,14:55:10,0,0,2
2017-06-04,14:55:11,0,0,2
2017-06-04,14:55:12,0,0,2
2017-06-04,14:55:13,0,0,2
2017-06-04,14:55:14,0,0,2
2017-06-04,14:55:15,0,0,2
2017-06-04,14:55:16,0,0,2
2017-06-04,14:55:17,0,0,2
2017-06-04,14:55:18,0,0,2
2017-06-04,14:55:19,0,0,2
2017-06-04,14:55:20,0,0,2
2017-06-04,14:55:21,0,0,2
2017-06-04,14:55:22,0,0,2
2017-06-04,14:55:23,0,0,2
2017-06-04,14:55:24,0,0,2
2017-06-04,14:55:25,0,0,2
2017-06-04,14:55:26,0,0,2
2017-06-04,14:55:27,0,0,2
2017-06-04,14:55:28,0,0,2
2017-06-04,14:55:29,0,0,2
2017-06-04,14:55:30,0,0,2
2017-06-04,14:55:31,0,0,2
2017-06-04,14:55:32,0,0,2
2017-06-04,14:55:33,0,0,2
2017-06-04,14:55:34,0,0,2
2017-06-04,14:55:35,0,0,2
2017-06-04,14:55:36,0,0,2
2017-06-04,14:55:37,0,0,2
2017-06-04,14:55:38,0,0,2
2017-06-04,14:55:39,0,0,2
2017-06-04,14:55:40,0,0,2
2017-06-04,14:55:41,0,0,2
2017-06-04,14:55:42,0,0,2
2017-06-04,14:55:43,0,0,2
2017-06-04,14:55:44,0,0,2
2017-06-04,14:55:45,0,0,2
2017-06-04,14:55:46,0,1,6
2017-06-04,14:55:47,0,0,6
2017-06-04,14:55:48,2190,0,6
2017-06-04,14:55:49,5605,0,6
2017-06-04,14:55:50,6192,0,6
2017-06-04,14:55:51,6079,0,6
2017-06-04,14:55:52,6554,0,6
2017-06-04,14:55:53,6159,0,6
2017-06-04,14:55:54,6812,0,6
2017-06-04,14:55:55,6051,0,6
2017-06-04,14:55:56,6641,0,6
2017-06-04,14:55:57,6963,0,6
2017-06-04,14:55:58,5414,0,6
2017-06-04,14:55:59,5335,0,6
2017-06-04,14:56:00,5948,0,6
2017-06-04,14:56:01,6959,0,6
2017-06-04,14:56:02,6562,0,6
2017-06-04,14:56:03,7036,0,6
2017-06-04,14:56:04,7500,0,6
2017-06-04,14:56:05,7263,0,6
2017-06-04,14:56:06,7016,0,6
2017-06-04,14:56:07,7075,0,6
2017-06-04,14:56:08,6836,0,6
2017-06-04,14:56:09,5492,0,6
2017-06-04,14:56:10,5114,0,6
2017-06-04,14:56:11,4910,0,6
2017-06-04,14:56:12,5384,0,6
2017-06-04,14:56:13,5585,0,6
2017-06-04,14:56:14,3625,0,6
2017-06-04,14:56:15,2350,0,6
2017-06-04,14:56:16,2550,0,6
2017-06-04,14:56:17,6087,0,6
2017-06-04,14:56:18,2043,0,6
2017-06-04,14:56:19,1549,0,6
2017-06-04,14:56:20,2149,0,6
2017-06-04,14:56:21,3811,0,6
2017-06-04,14:56:22,5030,0,6
2017-06-04,14:56:23,3837,0,6
2017-06-04,14:56:24,4168,1,8
2017-06-04,14:56:25,2017,0,8
2017-06-04,14:56:26,0,0,8
2017-06-04,14:56:27,0,0,8
2017-06-04,14:56:28,0,0,8
2017-06-04,14:56:29,0,0,8
2017-06-04,14:56:30,0,0,8
2017-06-04,14:56:31,0,0,8
2017-06-04,14:56:32,0,0,8
2017-06-04,14:56:33,0,0,8
2017-06-04,14:56:34,0,0,8
2017-06-04,14:56:35,0,0,8
2017-06-04,14:56:36,0,0,8
2017-06-04,14:56:37,0,0,8
2017-06-04,14:56:38,0,0,8
2017-06-04,14:56:39,0,0,8
2017-06-04,14:56:40,0,0,8
2017-06-04,14:56:41,0,0,8
2017-06-04,14:56:42,0,0,8
2017-06-04,14:56:43,0,0,8
2017-06-04,14:56:44,0,0,8
2017-06-04,14:56:45,0,0,8
2017-06-04,14:56:46,0,0,8
2017-06-04,14:56:47,0,0,8
2017-06-04,14:56:48,0,0,8
2017-06-04,14:56:49,0,0,8
2017-06-04,14:56:50,0,0,8
2017-06-04,14:56:51,0,0,8
2017-06-04,14:56:52,0,0,8
2017-06-04,14:56:53,0,0,8
2017-06-04,14:56:54,0,0,8
2017-06-04,14:56:55,0,0,8
2017-06-04,14:56:56,0,0,8
2017-06-04,14:56:57,0,0,8
2017-06-04,14:56:58,0,0,8
2017-06-04,14:56:59,0,0,8
2017-06-04,14:57:00,0,0,8
2017-06-04,14:57:01,0,0,8
2017-06-04,14:57:02,0,0,8
2017-06-04,14:57:03,0,0,8
2017-06-04,14:57:04,0,0,8
2017-06-04,14:57:05,0,0,8
2017-06-04,14:57:06,0,0,8
2017-06-04,14:57:07,0,0,8
2017-06-04,14:57:08,0,0,8
2017-06-04,14:57:09,0,0,8
2017-06-04,14:57:10,0,0,8
2017-06-04,14:57:11,0,0,8
2017-06-04,14:57:12,0,0,8
2017-06-04,14:57:13,0,0,8
2017-06-04,14:57:14,0,0,8
2017-06-04,14:57:15,0,0,8
2017-06-04,14:57:16,0,0,8
2017-06-04,14:57:17,0,0,8
2017-06-04,14:57:18,1215,0,8
2017-06-04,14:57:19,1184,0,8
2017-06-04,14:57:20,0,0,8
2017-06-04,14:57:21,0,0,8
2017-06-04,14:57:22,1437,0,8
2017-06-04,14:57:23,3155,0,8
2017-06-04,14:57:24,1891,0,8
2017-06-04,14:57:25,1298,0,8
2017-06-04,14:57:26,1170,0,8
2017-06-04,14:57:27,1463,0,8
2017-06-04,14:57:28,2143,0,8
2017-06-04,14:57:29,2441,0,8
2017-06-04,14:57:30,1666,0,6
2017-06-04,14:57:31,0,0,6
2017-06-04,14:57:32,0,0,6
2017-06-04,14:57:33,0,0,6
2017-06-04,14:57:34,0,0,6
2017-06-04,14:57:35,0,0,6
2017-06-04,14:57:36,0,0,6
2017-06-04,14:57:37,0,0,6
2017-06-04,14:57:38,3401,0,6
2017-06-04,14:57:39,5968,0,6
2017-06-04,14:57:40,5260,0,6
2017-06-04,14:57:41,4974,0,6
2017-06-04,14:57:42,6294,0,6
2017-06-04,14:57:43,1857,0,6
2017-06-04,14:57:44,0,0,6
2017-06-04,14:57:45,1930,0,6
2017-06-04,14:57:46,2393,0,6
2017-06-04,14:57:47,1282,0,6
2017-06-04,14:57:48,1498,0,6
2017-06-04,14:57:49,0,0,6
2017-06-04,14:57:50,1177,0,6
2017-06-04,14:57:51,1150,0,6
2017-06-04,14:57:52,2003,0,6
2017-06-04,14:57:53,4531,0,6
2017-06-04,14:57:54,6920,0,6
2017-06-04,14:57:55,6195,0,6
2017-06-04,14:57:56,4742,0,6
2017-06-04,14:57:57,0,0,6
2017-06-04,14:57:58,5753,0,6
2017-06-04,14:57:59,8196,0,6
2017-06-04,14:58:00,6789,0,6
2017-06-04,14:58:01,7699,0,6
2017-06-04,14:58:02,7331,0,6
2017-06-04,14:58:03,6635,0,6
2017-06-04,14:58:04,5603,0,6
2017-06-04,14:58:05,2117,0,6
2017-06-04,14:58:06,1823,0,6
2017-06-04,14:58:07,1671,0,6
2017-06-04,14:58:08,1113,0,6
2017-06-04,14:58:09,1280,0,6
2017-06-04,14:58:10,0,0,6
2017-06-04,14:58:11,0,0,6
2017-06-04,14:58:12,1298,0,6
2017-06-04,14:58:13,1066,0,6
2017-06-04,14:58:14,1307,0,6
2017-06-04,14:58:15,2085,0,6
2017-06-04,14:58:16,1282,0,6
2017-06-04,14:58:17,0,0,6
2017-06-04,14:58:18,0,0,6
2017-06-04,14:58:19,0,0,6
2017-06-04,14:58:20,0,0,6
2017-06-04,14:58:21,0,0,6
2017-06-04,14:58:22,0,0,6
2017-06-04,14:58:23,0,0,6
2017-06-04,14:58:24,0,0,6
2017-06-04,14:58:25,0,0,6
2017-06-04,14:58:26,0,0,6
2017-06-04,14:58:27,0,0,6
2017-06-04,14:58:28,0,0,6
2017-06-04,14:58:29,0,0,6
2017-06-04,14:58:30,1114,0,6
2017-06-04,14:58:31,0,0,6
2017-06-04,14:58:32,0,0,6
2017-06-04,14:58:33,0,0,6
2017-06-04,14:58:34,0,0,6
2017-06-04,14:58:35,0,0,6
2017-06-04,14:58:36,0,0,6
2017-06-04,14:58:37,0,0,6
2017-06-04,14:58:38,1744,0,6
2017-06-04,14:58:39,3469,0,6
2017-06-04,14:58:40,2372,0,6
2017-06-04,14:58:41,0,0,6
2017-06-04,14:58:42,1310,0,6
2017-06-04,14:58:43,1178,0,6
2017-06-04,14:58:44,2386,0,6
2017-06-04,14:58:45,2543,0,6
2017-06-04,14:58:46,2295,0,6
2017-06-04,14:58:47,1802,0,5
2017-06-04,14:58:48,0,0,5
2017-06-04,14:58:49,1905,0,5
2017-06-04,14:58:50,3758,0,5
2017-06-04,14:58:51,6278,0,5
2017-06-04,14:58:52,5059,0,5
2017-06-04,14:58:53,3136,0,5
2017-06-04,14:58:54,1515,0,5
2017-06-04,14:58:55,1587,0,5
2017-06-04,14:58:56,2144,0,5
2017-06-04,14:58:57,5195,0,5
2017-06-04,14:58:58,4984,0,5
2017-06-04,14:58:59,5494,0,5
2017-06-04,14:59:00,5624,0,5
2017-06-04,14:59:01,6238,0,5
2017-06-04,14:59:02,6649,0,5
2017-06-04,14:59:03,6629,0,5
2017-06-04,14:59:04,6082,0,5
2017-06-04,14:59:05,5521,0,5
2017-06-04,14:59:06,5578,0,5
2017-06-04,14:59:07,5543,0,5
2017-06-04,14:59:08,5678,0,5
2017-06-04,14:59:09,5995,0,5
2017-06-04,14:59:10,5390,0,5
2017-06-04,14:59:11,4852,0,5
2017-06-04,14:59:12,5432,0,5
2017-06-04,14:59:13,3134,0,5
2017-06-04,14:59:14,2421,0,5
2017-06-04,14:59:15,1085,0,5
2017-06-04,14:59:16,0,0,5
2017-06-04,14:59:17,0,0,5
2017-06-04,14:59:18,2052,0,5
2017-06-04,14:59:19,4823,0,5
2017-06-04,14:59:20,4038,0,5
2017-06-04,14:59:21,6520,0,5
2017-06-04,14:59:22,5759,0,5
2017-06-04,14:59:23,5950,0,5
2017-06-04,14:59:24,5393,0,5
2017-06-04,14:59:25,3386,0,5
2017-06-04,14:59:26,0,0,5
2017-06-04,14:59:27,1497,0,5
2017-06-04,14:59:28,1044,0,5
2017-06-04,14:59:29,0,0,5
2017-06-04,14:59:30,0,0,5
2017-06-04,14:59:31,0,0,5
2017-06-04,14:59:32,1530,0,5
2017-06-04,14:59:33,2145,0,5
2017-06-04,14:59:34,0,0,5
2017-06-04,14:59:35,0,0,5
2017-06-04,14:59:36,0,0,5
2017-06-04,14:59:37,0,0,5
2017-06-04,14:59:38,0,0,5
2017-06-04,14:59:39,0,0,5
2017-06-04,14:59:40,0,0,5
2017-06-04,14:59:41,0,0,5
2017-06-04,14:59:42,0,0,5
2017-06-04,14:59:43,0,0,5
2017-06-04,14:59:44,0,0,5
2017-06-04,14:59:45,0,0,5
2017-06-04,14:59:46,0,0,5
2017-06-04,14:59:47,0,0,5
2017-06-04,14:59:48,0,0,5
2017-06-04,14:59:49,0,0,5
2017-06-04,14:59:50,0,0,5
2017-06-04,14:59:51,0,0,5
2017-06-04,14:59:52,1021,0,5
2017-06-04,14:59:53,0,0,5
2017-06-04,14:59:54,0,0,5
2017-06-04,14:59:55,0,0,5
2017-06-04,14:59:56,0,0,5
2017-06-04,14:59:57,2039,0,5
2017-06-04,14:59:58,1866,0,5
2017-06-04,14:59:59,1754,0,5
2017-06-04,15:00:00,2022,0,5
2017-06-04,15:00:01,2115,0,5
2017-06-04,15:00:02,0,0,5
2017-06-04,15:00:03,0,0,5
2017-06-04,15:00:04,2437,0,5
2017-06-04,15:00:05,1808,0,5
2017-06-04,15:00:06,1711,0,5
2017-06-04,15:00:07,2837,0,5
2017-06-04,15:00:08,6388,0,5
2017-06-04,15:00:09,2096,0,5
2017-06-04,15:00:10,2315,0,5
2017-06-04,15:00:11,1840,0,5
2017-06-04,15:00:12,2854,0,5
2017-06-04,15:00:13,3709,0,5
2017-06-04,15:00:14,2974,0,5
2017-06-04,15:00:15,3856,0,5
2017-06-04,15:00:16,3863,0,5
2017-06-04,15:00:17,4605,0,5
2017-06-04,15:00:18,5435,0,5
2017-06-04,15:00:19,4767,0,5
2017-06-04,15:00:20,5441,0,5
2017-06-04,15:00:21,3522,0,5
2017-06-04,15:00:22,4079,0,5
2017-06-04,15:00:23,3538,0,5
2017-06-04,15:00:24,3385,0,5
2017-06-04,15:00:25,2665,0,5
2017-06-04,15:00:26,2524,0,5
2017-06-04,15:00:27,5061,0,5
2017-06-04,15:00:28,5020,0,5
2017-06-04,15:00:29,3748,0,5
2017-06-04,15:00:30,3094,0,5
2017-06-04,15:00:31,3930,0,5
2017-06-04,15:00:32,3532,0,5
2017-06-04,15:00:33,1474,0,5
2017-06-04,15:00:34,1886,0,5
2017-06-04,15:00:35,3145,0,5
2017-06-04,15:00:36,3211,0,5
2017-06-04,15:00:37,2845,0,5
2017-06-04,15:00:38,0,0,5
2017-06-04,15:00:39,0,0,5
2017-06-04,15:00:40,0,0,5
2017-06-04,15:00:41,0,0,5
2017-06-04,15:00:42,0,0,5
2017-06-04,15:00:43,0,0,5
2017-06-04,15:00:44,2097,0,5
2017-06-04,15:00:45,2279,0,5
2017-06-04,15:00:46,2608,0,5
2017-06-04,15:00:47,2273,0,5
2017-06-04,15:00:48,1453,0,5
2017-06-04,15:00:49,2169,0,5
2017-06-04,15:00:50,0,0,5
2017-06-04,15:00:51,0,0,5
2017-06-04,15:00:52,0,0,5
2017-06-04,15:00:53,0,0,5
2017-06-04,15:00:54,0,0,5
2017-06-04,15:00:55,0,0,5
2017-06-04,15:00:56,1504,0,5
2017-06-04,15:00:57,0,0,5
2017-06-04,15:00:58,1265,0,5
2017-06-04,15:00:59,1265,0,5
2017-06-04,15:01:00,0,0,5
2017-06-04,15:01:01,1667,0,5
2017-06-04,15:01:02,1566,0,5
2017-06-04,15:01:03,0,0,5
2017-06-04,15:01:04,0,0,5
2017-06-04,15:01:05,0,0,5
2017-06-04,15:01:06,1296,0,5
2017-06-04,15:01:07,1336,0,5
2017-06-04,15:01:08,1292,0,5
2017-06-04,15:01:09,1092,0,5
2017-06-04,15:01:10,0,0,5
2017-06-04,15:01:11,2548,0,5
2017-06-04,15:01:12,2736,0,5
2017-06-04,15:01:13,2751,0,5
2017-06-04,15:01:14,2314,0,5
2017-06-04,15:01:15,2141,0,5
2017-06-04,15:01:16,0,0,5
2017-06-04,15:01:17,2137,0,5
2017-06-04,15:01:18,1410,0,5
2017-06-04,15:01:19,0,0,5
2017-06-04,15:01:20,0,0,5
2017-06-04,15:01:21,1905,0,5
2017-06-04,15:01:22,5325,0,5
2017-06-04,15:01:23,6561,0,5
2017-06-04,15:01:24,7111,0,5
2017-06-04,15:01:25,6329,0,5
2017-06-04,15:01:26,6422,0,5
2017-06-04,15:01:27,7930,0,5
2017-06-04,15:01:28,8648,0,5
2017-06-04,15:01:29,8147,0,5
2017-06-04,15:01:30,7802,0,5
2017-06-04,15:01:31,7772,0,5
2017-06-04,15:01:32,7767,0,5
2017-06-04,15:01:33,7701,0,5
2017-06-04,15:01:34,7686,0,5
2017-06-04,15:01:35,7619,0,5
2017-06-04,15:01:36,3937,0,5
2017-06-04,15:01:37,2372,0,5
2017-06-04,15:01:38,2624,0,5
2017-06-04,15:01:39,4749,0,5
2017-06-04,15:01:40,4247,0,5
2017-06-04,15:01:41,2540,0,5
2017-06-04,15:01:42,3333,0,5
2017-06-04,15:01:43,7031,0,5
2017-06-04,15:01:44,6517,0,5
2017-06-04,15:01:45,6552,0,5
2017-06-04,15:01:46,2955,0,5
2017-06-04,15:01:47,1977,0,5
2017-06-04,15:01:48,1660,0,5
2017-06-04,15:01:49,2583,0,5
2017-06-04,15:01:50,5106,0,5
2017-06-04,15:01:51,8421,0,5
2017-06-04,15:01:52,8099,0,5
2017-06-04,15:01:53,6904,0,5
2017-06-04,15:01:54,6901,0,5
2017-06-04,15:01:55,7015,0,5
2017-06-04,15:01:56,6994,0,5
2017-06-04,15:01:57,8778,0,5
2017-06-04,15:01:58,6914,0,5
2017-06-04,15:01:59,2712,0,5
2017-06-04,15:02:00,1322,0,5
2017-06-04,15:02:01,0,0,5
2017-06-04,15:02:02,1036,0,5
2017-06-04,15:02:03,1340,0,5
2017-06-04,15:02:04,0,0,5
2017-06-04,15:02:05,0,0,5
2017-06-04,15:02:06,0,0,5
2017-06-04,15:02:07,0,0,5
2017-06-04,15:02:08,0,0,5
2017-06-04,15:02:09,0,0,5
2017-06-04,15:02:10,1048,0,5
2017-06-04,15:02:11,1402,0,5
2017-06-04,15:02:12,1081,0,5
2017-06-04,15:02:13,1670,0,5
2017-06-04,15:02:14,6672,0,5
2017-06-04,15:02:15,7386,0,5
2017-06-04,15:02:16,7267,0,5
2017-06-04,15:02:17,7300,0,5
2017-06-04,15:02:18,7441,0,5
2017-06-04,15:02:19,6058,0,5
2017-06-04,15:02:20,4618,0,5
2017-06-04,15:02:21,4660,0,5
2017-06-04,15:02:22,4651,0,5
2017-06-04,15:02:23,3624,0,5
2017-06-04,15:02:24,2323,0,5
2017-06-04,15:02:25,2260,0,5
2017-06-04,15:02:26,2257,0,5
2017-06-04,15:02:27,0,0,5
2017-06-04,15:02:28,0,0,5
2017-06-04,15:02:29,0,0,5
2017-06-04,15:02:30,2278,0,5
2017-06-04,15:02:31,2241,0,5
2017-06-04,15:02:32,1146,0,5
2017-06-04,15:02:33,1131,0,5
2017-06-04,15:02:34,3650,0,5
2017-06-04,15:02:35,7598,0,5
2017-06-04,15:02:36,7348,0,5
2017-06-04,15:02:37,6140,0,5
2017-06-04,15:02:38,1048,0,5
2017-06-04,15:02:39,0,0,5
2017-06-04,15:02:40,1006,0,5
2017-06-04,15:02:41,1006,0,5
2017-06-04,15:02:42,0,0,5
2017-06-04,15:02:43,0,0,5
2017-06-04,15:02:44,0,0,5
2017-06-04,15:02:45,0,0,5
2017-06-04,15:02:46,1033,0,5
2017-06-04,15:02:47,1062,0,5
2017-06-04,15:02:48,1220,0,5
2017-06-04,15:02:49,0,0,5
2017-06-04,15:02:50,1955,0,5
2017-06-04,15:02:51,2033,0,5
2017-06-04,15:02:52,1437,0,5
2017-06-04,15:02:53,1186,0,5
2017-06-04,15:02:54,0,0,5
2017-06-04,15:02:55,0,0,5
2017-06-04,15:02:56,0,0,5
2017-06-04,15:02:57,0,0,5
2017-06-04,15:02:58,1416,0,5
2017-06-04,15:02:59,1991,0,5
2017-06-04,15:03:00,2696,0,5
2017-06-04,15:03:01,3165,0,3
2017-06-04,15:03:02,2197,0,3
2017-06-04,15:03:03,1375,0,3
2017-06-04,15:03:04,0,0,3
2017-06-04,15:03:05,0,0,3
2017-06-04,15:03:06,0,0,3
2017-06-04,15:03:07,0,0,3
2017-06-04,15:03:08,1265,0,3
2017-06-04,15:03:09,2554,0,3
2017-06-04,15:03:10,2564,0,3
2017-06-04,15:03:11,1509,0,3
2017-06-04,15:03:12,2277,0,3
2017-06-04,15:03:13,2902,0,3
2017-06-04,15:03:14,2850,0,3
2017-06-04,15:03:15,2557,0,3
2017-06-04,15:03:16,1625,0,3
2017-06-04,15:03:17,1925,0,3
2017-06-04,15:03:18,2148,0,3
2017-06-04,15:03:19,3652,0,3
2017-06-04,15:03:20,2702,0,3
2017-06-04,15:03:21,1355,0,3
2017-06-04,15:03:22,1995,0,3
2017-06-04,15:03:23,2199,0,3
2017-06-04,15:03:24,2186,0,3
2017-06-04,15:03:25,1790,0,3
2017-06-04,15:03:26,0,0,3
2017-06-04,15:03:27,2169,0,3
2017-06-04,15:03:28,2073,0,3
2017-06-04,15:03:29,1233,0,3
2017-06-04,15:03:30,1502,0,3
2017-06-04,15:03:31,1489,0,3
2017-06-04,15:03:32,1602,0,3
2017-06-04,15:03:33,1952,0,3
2017-06-04,15:03:34,2839,0,3
2017-06-04,15:03:35,4067,0,3
2017-06-04,15:03:36,3278,0,3
2017-06-04,15:03:37,3653,0,3
2017-06-04,15:03:38,3914,0,3
2017-06-04,15:03:39,4041,0,3
2017-06-04,15:03:40,6005,0,3
2017-06-04,15:03:41,6864,0,3
2017-06-04,15:03:42,6885,0,3
2017-06-04,15:03:43,5176,0,3
2017-06-04,15:03:44,2215,0,3
2017-06-04,15:03:45,1889,0,3
2017-06-04,15:03:46,4907,0,3
2017-06-04,15:03:47,6542,0,3
2017-06-04,15:03:48,3531,0,3
2017-06-04,15:03:49,4881,0,3
2017-06-04,15:03:50,6065,0,3
2017-06-04,15:03:51,4039,0,3
2017-06-04,15:03:52,5253,0,3
2017-06-04,15:03:53,4559,0,3
2017-06-04,15:03:54,4433,0,3
2017-06-04,15:03:55,4558,0,3
2017-06-04,15:03:56,4303,0,3
2017-06-04,15:03:57,3752,0,3
2017-06-04,15:03:58,3400,0,3
2017-06-04,15:03:59,4346,0,3
2017-06-04,15:04:00,2590,0,3
2017-06-04,15:04:01,2463,0,3
2017-06-04,15:04:02,2275,0,3
2017-06-04,15:04:03,3102,0,3
2017-06-04,15:04:04,4105,0,3
2017-06-04,15:04:05,3667,0,3
2017-06-04,15:04:06,3175,0,3
2017-06-04,15:04:07,1311,0,3
2017-06-04,15:04:08,2224,0,3
2017-06-04,15:04:09,1778,0,3
2017-06-04,15:04:10,1244,0,3
2017-06-04,15:04:11,2320,0,3
2017-06-04,15:04:12,0,0,3
2017-06-04,15:04:13,1396,0,3
2017-06-04,15:04:14,2312,0,3
2017-06-04,15:04:15,2555,0,3
2017-06-04,15:04:16,2338,0,3
2017-06-04,15:04:17,2036,0,3
2017-06-04,15:04:18,1537,0,3
2017-06-04,15:04:19,1719,0,3
2017-06-04,15:04:20,2024,0,3
2017-06-04,15:04:21,3016,0,3
2017-06-04,15:04:22,3986,0,3
2017-06-04,15:04:23,2921,0,3
2017-06-04,15:04:24,1811,0,3
2017-06-04,15:04:25,0,0,3
2017-06-04,15:04:26,1282,0,3
2017-06-04,15:04:27,2404,0,3
2017-06-04,15:04:28,1384,0,3
2017-06-04,15:04:29,1322,0,3
2017-06-04,15:04:30,1642,0,3
2017-06-04,15:04:31,1419,0,3
2017-06-04,15:04:32,1371,0,3
2017-06-04,15:04:33,1092,0,3
2017-06-04,15:04:34,0,0,3
2017-06-04,15:04:35,0,0,3
2017-06-04,15:04:36,0,0,3
2017-06-04,15:04:37,0,0,3
2017-06-04,15:04:38,1932,0,3
2017-06-04,15:04:39,1752,0,3
2017-06-04,15:04:40,1375,0,3
2017-06-04,15:04:41,1264,0,3
2017-06-04,15:04:42,2235,0,3
2017-06-04,15:04:43,2819,0,3
2017-06-04,15:04:44,1758,0,3
2017-06-04,15:04:45,0,0,3
2017-06-04,15:04:46,1493,0,3
2017-06-04,15:04:47,1916,0,3
2017-06-04,15:04:48,1901,0,3
2017-06-04,15:04:49,2021,0,3
2017-06-04,15:04:50,1589,0,3
2017-06-04,15:04:51,1497,0,3
2017-06-04,15:04:52,1171,0,3
2017-06-04,15:04:53,0,0,3
2017-06-04,15:04:54,1116,0,3
2017-06-04,15:04:55,1103,0,3
2017-06-04,15:04:56,1161,0,3
2017-06-04,15:04:57,0,0,3
2017-06-04,15:04:58,1088,0,3
2017-06-04,15:04:59,1256,0,3
2017-06-04,15:05:00,1530,0,3
2017-06-04,15:05:01,0,0,3
2017-06-04,15:05:02,0,0,3
2017-06-04,15:05:03,3039,0,3
2017-06-04,15:05:04,2650,0,3
2017-06-04,15:05:05,1056,0,3
2017-06-04,15:05:06,0,0,3
2017-06-04,15:05:07,0,0,3
2017-06-04,15:05:08,0,0,3
2017-06-04,15:05:09,0,0,3
2017-06-04,15:05:10,0,0,3
2017-06-04,15:05:11,0,0,3
2017-06-04,15:05:12,0,0,3
2017-06-04,15:05:13,0,0,3
2017-06-04,15:05:14,0,0,3
2017-06-04,15:05:15,0,0,3
2017-06-04,15:05:16,0,0,3
2017-06-04,15:05:17,0,0,3
2017-06-04,15:05:18,0,0,3
2017-06-04,15:05:19,0,0,3
2017-06-04,15:05:20,0,0,3
2017-06-04,15:05:21,0,0,2
2017-06-04,15:05:22,0,0,2
2017-06-04,15:05:23,0,0,2
2017-06-04,15:05:24,0,0,2
2017-06-04,15:05:25,0,0,2
2017-06-04,15:05:26,0,0,2
2017-06-04,15:05:27,0,0,2
2017-06-04,15:05:28,0,0,2
2017-06-04,15:05:29,0,0,2
2017-06-04,15:05:30,0,0,2
2017-06-04,15:05:31,0,0,2
2017-06-04,15:05:32,1571,0,2
2017-06-04,15:05:33,1546,0,2
2017-06-04,15:05:34,1579,0,2
2017-06-04,15:05:35,1535,0,2
2017-06-04,15:05:36,0,0,2
2017-06-04,15:05:37,0,0,2
2017-06-04,15:05:38,1440,0,2
2017-06-04,15:05:39,2706,0,2
2017-06-04,15:05:40,2528,0,2
2017-06-04,15:05:41,0,0,2
2017-06-04,15:05:42,1175,0,2
2017-06-04,15:05:43,1294,0,2
2017-06-04,15:05:44,1628,0,2
2017-06-04,15:05:45,1081,0,2
2017-06-04,15:05:46,1481,0,2
2017-06-04,15:05:47,1600,0,2
2017-06-04,15:05:48,1648,0,2
2017-06-04,15:05:49,2057,0,2
2017-06-04,15:05:50,1138,0,2
2017-06-04,15:05:51,1408,0,2
2017-06-04,15:05:52,1487,0,2
2017-06-04,15:05:53,1221,0,2
2017-06-04,15:05:54,1062,0,2
2017-06-04,15:05:55,1319,0,2
2017-06-04,15:05:56,2366,0,2
2017-06-04,15:05:57,3515,0,2
2017-06-04,15:05:58,2473,0,2
2017-06-04,15:05:59,2007,0,2
2017-06-04,15:06:00,3699,0,2
2017-06-04,15:06:01,2956,0,2
2017-06-04,15:06:02,5221,0,2
2017-06-04,15:06:03,4960,0,2
2017-06-04,15:06:04,6751,0,2
2017-06-04,15:06:05,5090,0,2
2017-06-04,15:06:06,3647,0,2
2017-06-04,15:06:07,4734,0,2
2017-06-04,15:06:08,4068,0,2
2017-06-04,15:06:09,3894,0,2
2017-06-04,15:06:10,3777,0,2
2017-06-04,15:06:11,3447,1,1
2017-06-04,15:06:12,2987,0,1
2017-06-04,15:06:13,2446,0,1
2017-06-04,15:06:14,0,0,1
2017-06-04,15:06:15,0,0,1
2017-06-04,15:06:16,0,0,1
2017-06-04,15:06:17,0,0,1
2017-06-04,15:06:18,0,0,1
2017-06-04,15:06:19,2641,0,1
2017-06-04,15:06:20,2018,0,1
2017-06-04,15:06:21,0,0,1
2017-06-04,15:06:22,0,0,1
2017-06-04,15:06:23,2372,0,1
2017-06-04,15:06:24,2818,0,1
2017-06-04,15:06:25,1188,0,1
2017-06-04,15:06:26,1688,0,1
2017-06-04,15:06:27,2184,0,1
2017-06-04,15:06:28,1755,0,1
2017-06-04,15:06:29,1314,0,1
2017-06-04,15:06:30,2368,0,1
2017-06-04,15:06:31,2838,0,1
2017-06-04,15:06:32,2613,0,1
2017-06-04,15:06:33,1121,1,2
2017-06-04,15:06:34,0,0,2
2017-06-04,15:06:35,0,0,2
2017-06-04,15:06:36,0,0,2
2017-06-04,15:06:37,1770,0,2
2017-06-04,15:06:38,2381,0,2
2017-06-04,15:06:39,0,0,2
2017-06-04,15:06:40,0,0,2
2017-06-04,15:06:41,0,0,2
2017-06-04,15:06:42,0,0,2
2017-06-04,15:06:43,0,0,2
2017-06-04,15:06:44,0,0,2
2017-06-04,15:06:45,0,0,2
2017-06-04,15:06:46,0,0,2
2017-06-04,15:06:47,0,0,2
2017-06-04,15:06:48,0,0,2
2017-06-04,15:06:49,0,0,2
2017-06-04,15:06:50,0,0,2
2017-06-04,15:06:51,0,0,2
2017-06-04,15:06:52,0,0,2
2017-06-04,15:06:53,0,0,2
2017-06-04,15:06:54,0,0,2
2017-06-04,15:06:55,0,0,2
2017-06-04,15:06:56,0,0,2
2017-06-04,15:06:57,0,0,2
2017-06-04,15:06:58,0,0,2
2017-06-04,15:06:59,0,0,2
2017-06-04,15:07:00,0,0,2
2017-06-04,15:07:01,0,0,2
2017-06-04,15:07:02,0,0,2
2017-06-04,15:07:03,0,0,2
2017-06-04,15:07:04,0,0,2
2017-06-04,15:07:05,0,0,2
2017-06-04,15:07:06,0,0,2
2017-06-04,15:07:07,0,0,2
2017-06-04,15:07:08,0,0,2
2017-06-04,15:07:09,0,0,2
2017-06-04,15:07:10,0,0,2
2017-06-04,15:07:11,0,0,2
2017-06-04,15:07:12,1492,0,2
2017-06-04,15:07:13,1639,1,1
2017-06-04,15:07:14,0,0,1
2017-06-04,15:07:15,1061,0,1
2017-06-04,15:07:16,0,0,1
2017-06-04,15:07:17,0,0,1
2017-06-04,15:07:18,0,0,1
2017-06-04,15:07:19,1577,0,1
2017-06-04,15:07:20,1385,0,1
2017-06-04,15:07:21,0,0,1
2017-06-04,15:07:22,0,0,1
2017-06-04,15:07:23,0,0,1
2017-06-04,15:07:24,1110,0,1
2017-06-04,15:07:25,0,0,1
2017-06-04,15:07:26,0,0,1
2017-06-04,15:07:27,1187,0,1
2017-06-04,15:07:28,1194,0,1
2017-06-04,15:07:29,2147,0,1
2017-06-04,15:07:30,2087,0,1
2017-06-04,15:07:31,0,0,1
2017-06-04,15:07:32,0,0,1
2017-06-04,15:07:33,0,0,1
2017-06-04,15:07:34,0,0,1
2017-06-04,15:07:35,0,0,1
2017-06-04,15:07:36,0,0,1
2017-06-04,15:07:37,0,0,1
2017-06-04,15:07:38,0,0,1
2017-06-04,15:07:39,0,0,1
2017-06-04,15:07:40,0,0,1
2017-06-04,15:07:41,0,0,1
2017-06-04,15:07:42,0,0,1
2017-06-04,15:07:43,0,0,1
2017-06-04,15:07:44,0,0,1
2017-06-04,15:07:45,0,0,1
2017-06-04,15:07:46,0,0,1
2017-06-04,15:07:47,0,0,1
2017-06-04,15:07:48,0,0,1
2017-06-04,15:07:49,0,0,1
2017-06-04,15:07:50,0,0,1
2017-06-04,15:07:51,0,0,1
2017-06-04,15:07:52,0,0,1
2017-06-04,15:07:53,0,0,1
2017-06-04,15:07:54,0,0,1
2017-06-04,15:07:55,0,0,1
2017-06-04,15:07:56,0,0,1
2017-06-04,15:07:57,0,0,1
2017-06-04,15:07:58,0,0,1
2017-06-04,15:07:59,0,0,1
2017-06-04,15:08:00,0,0,1
2017-06-04,15:08:01,0,0,1
2017-06-04,15:08:02,0,0,1
2017-06-04,15:08:03,0,0,1
2017-06-04,15:08:04,0,0,1
2017-06-04,15:08:05,0,0,1
2017-06-04,15:08:06,0,0,1
2017-06-04,15:08:07,0,0,1
2017-06-04,15:08:08,0,0,1
2017-06-04,15:08:09,0,0,1
2017-06-04,15:08:10,0,0,1
2017-06-04,15:08:11,0,0,1
2017-06-04,15:08:12,0,0,1
2017-06-04,15:08:13,0,0,1
2017-06-04,15:08:14,0,0,1
2017-06-04,15:08:15,0,0,1
2017-06-04,15:08:16,0,0,1
2017-06-04,15:08:17,0,0,1
2017-06-04,15:08:18,0,0,1
2017-06-04,15:08:19,0,0,1
2017-06-04,15:08:20,0,0,1
2017-06-04,15:08:21,0,0,1
2017-06-04,15:08:22,0,0,1
2017-06-04,15:08:23,0,0,1
2017-06-04,15:08:24,0,0,1
2017-06-04,15:08:25,0,0,1
2017-06-04,15:08:26,0,0,1
2017-06-04,15:08:27,0,0,1
2017-06-04,15:08:28,0,0,1
2017-06-04,15:08:29,0,0,1
2017-06-04,15:08:30,0,0,1
2017-06-04,15:08:31,0,0,1
2017-06-04,15:08:32,0,0,1
2017-06-04,15:08:33,0,0,1
2017-06-04,15:08:34,0,0,1
2017-06-04,15:08:35,0,0,1
2017-06-04,15:08:36,0,0,1
2017-06-04,15:08:37,0,0,1
2017-06-04,15:08:38,0,0,1
2017-06-04,15:08:39,0,0,1
2017-06-04,15:08:40,0,0,1
2017-06-04,15:08:41,0,0,1
2017-06-04,15:08:42,0,0,1
2017-06-04,15:08:43,0,0,1
2017-06-04,15:08:44,0,0,1
2017-06-04,15:08:45,0,0,1
2017-06-04,15:08:46,0,0,1
2017-06-04,15:08:47,0,0,1
2017-06-04,15:08:48,0,0,1
2017-06-04,15:08:49,0,0,1
2017-06-04,15:08:50,0,0,1
2017-06-04,15:08:51,0,0,1
2017-06-04,15:08:52,0,0,1
2017-06-04,15:08:53,0,0,1
2017-06-04,15:08:54,0,0,1
2017-06-04,15:08:55,0,0,1
2017-06-04,15:08:56,0,0,1
2017-06-04,15:08:57,0,0,1
2017-06-04,15:08:58,0,0,1
2017-06-04,15:08:59,0,0,1
2017-06-04,15:09:00,0,0,1
2017-06-04,15:09:01,0,0,1
2017-06-04,15:09:02,0,0,1
2017-06-04,15:09:03,0,0,1
2017-06-04,15:09:04,0,0,1
2017-06-04,15:09:05,0,0,1
2017-06-04,15:09:06,0,0,1
2017-06-04,15:09:07,0,0,1
2017-06-04,15:09:08,0,0,1
2017-06-04,15:09:09,0,0,1
2017-06-04,15:09:10,0,0,1
2017-06-04,15:09:11,0,0,1
2017-06-04,15:09:12,0,0,1
2017-06-04,15:09:13,0,0,1
2017-06-04,15:09:14,0,0,1
2017-06-04,15:09:15,0,0,1
2017-06-04,15:09:16,0,0,1
2017-06-04,15:09:17,0,0,1
2017-06-04,15:09:18,0,0,1
2017-06-04,15:09:19,0,0,1
2017-06-04,15:09:20,0,0,1
2017-06-04,15:09:21,0,0,1
2017-06-04,15:09:22,0,0,1
2017-06-04,15:09:23,0,0,1
2017-06-04,15:09:24,0,0,1
2017-06-04,15:09:25,0,0,1
2017-06-04,15:09:26,0,0,1
2017-06-04,15:09:27,0,0,1
2017-06-04,15:09:28,0,0,1
2017-06-04,15:09:29,0,0,1
2017-06-04,15:09:30,0,0,1
2017-06-04,15:09:31,0,0,1
2017-06-04,15:09:32,0,0,1
2017-06-04,15:09:33,0,0,1
2017-06-04,15:09:34,0,0,1
2017-06-04,15:09:35,0,0,1
2017-06-04,15:09:36,0,0,1
2017-06-04,15:09:37,0,0,1
2017-06-04,15:09:38,0,0,1
2017-06-04,15:09:39,0,0,1
2017-06-04,15:09:40,0,0,1
2017-06-04,15:09:41,0,0,1
2017-06-04,15:09:42,0,0,1
2017-06-04,15:09:43,0,0,1
2017-06-04,15:09:44,0,0,1
2017-06-04,15:09:45,0,0,1
2017-06-04,15:09:46,0,0,1
2017-06-04,15:09:47,0,0,1
2017-06-04,15:09:48,0,0,1
2017-06-04,15:09:49,0,0,1
2017-06-04,15:09:50,0,0,1
2017-06-04,15:09:51,0,0,1
2017-06-04,15:09:52,0,0,1
2017-06-04,15:09:53,0,0,1
2017-06-04,15:09:54,0,0,1
2017-06-04,15:09:55,0,0,1
2017-06-04,15:09:56,0,0,1
2017-06-04,15:09:57,0,0,1
2017-06-04,15:09:58,0,0,1
2017-06-04,15:09:59,0,0,1
2017-06-04,15:10:00,0,0,1
2017-06-04,15:10:01,0,0,1
2017-06-04,15:10:02,0,0,1
2017-06-04,15:10:03,0,0,1
2017-06-04,15:10:04,0,0,1
2017-06-04,15:10:05,0,0,1
2017-06-04,15:10:06,0,0,1
2017-06-04,15:10:07,0,0,1
2017-06-04,15:10:08,0,0,1
2017-06-04,15:10:09,0,0,1
2017-06-04,15:10:10,0,0,1
2017-06-04,15:10:11,0,0,1
2017-06-04,15:10:12,0,0,1
2017-06-04,15:10:13,0,0,1
2017-06-04,15:10:14,0,0,1
2017-06-04,15:10:15,0,0,1
2017-06-04,15:10:16,0,0,1
2017-06-04,15:10:17,0,0,1
2017-06-04,15:10:18,0,0,1
2017-06-04,15:10:19,0,0,1
2017-06-04,15:10:20,0,0,1
2017-06-04,15:10:21,0,0,1
2017-06-04,15:10:22,0,0,1
2017-06-04,15:10:23,0,0,1
2017-06-04,15:10:24,0,0,1
2017-06-04,15:10:25,0,0,1
2017-06-04,15:10:26,0,0,1
2017-06-04,15:10:27,0,0,1
2017-06-04,15:10:28,0,0,1
2017-06-04,15:10:29,0,0,2
2017-06-04,15:10:30,0,0,2
2017-06-04,15:10:31,0,0,2
2017-06-04,15:10:32,0,0,2
2017-06-04,15:10:33,0,0,2
2017-06-04,15:10:34,0,0,2
2017-06-04,15:10:35,0,0,2
2017-06-04,15:10:36,0,0,2
2017-06-04,15:10:37,0,0,2
2017-06-04,15:10:38,0,0,2
2017-06-04,15:10:39,0,0,2
2017-06-04,15:10:40,0,0,2
2017-06-04,15:10:41,0,0,2
2017-06-04,15:10:42,0,0,2
2017-06-04,15:10:43,0,0,2
2017-06-04,15:10:44,0,0,2
2017-06-04,15:10:45,0,0,2
2017-06-04,15:10:46,0,0,2
2017-06-04,15:10:47,0,0,2
2017-06-04,15:10:48,0,0,2
2017-06-04,15:10:49,0,0,2
2017-06-04,15:10:50,0,0,2
2017-06-04,15:10:51,0,0,2
2017-06-04,15:10:52,0,0,2
2017-06-04,15:10:53,0,0,2
2017-06-04,15:10:54,0,0,2
2017-06-04,15:10:55,0,0,2
2017-06-04,15:10:56,0,0,2
2017-06-04,15:10:57,0,0,2
2017-06-04,15:10:58,0,0,2
2017-06-04,15:10:59,0,0,2
2017-06-04,15:11:00,0,0,2
2017-06-04,15:11:01,0,0,2
2017-06-04,15:11:02,0,0,2
2017-06-04,15:11:03,0,0,2
2017-06-04,15:11:04,0,0,2
2017-06-04,15:11:05,0,0,2
2017-06-04,15:11:06,0,0,2
2017-06-04,15:11:07,0,0,2
2017-06-04,15:11:08,0,0,2
2017-06-04,15:11:09,0,0,2
2017-06-04,15:11:10,0,0,2
2017-06-04,15:11:11,0,0,2
2017-06-04,15:11:12,0,0,2
2017-06-04,15:11:13,0,0,2
2017-06-04,15:11:14,0,0,2
2017-06-04,15:11:15,0,0,2
2017-06-04,15:11:16,0,0,2
2017-06-04,15:11:17,0,0,2
2017-06-04,15:11:18,0,0,2
2017-06-04,15:11:19,0,0,2
2017-06-04,15:11:20,0,0,2
2017-06-04,15:11:21,0,0,2
2017-06-04,15:11:22,0,0,2
2017-06-04,15:11:23,0,0,2
2017-06-04,15:11:24,0,0,2
2017-06-04,15:11:25,0,0,2
2017-06-04,15:11:26,0,0,2
2017-06-04,15:11:27,0,0,2
2017-06-04,15:11:28,0,0,2
2017-06-04,15:11:29,0,0,3
2017-06-04,15:11:30,0,0,3
2017-06-04,15:11:31,0,0,3
2017-06-04,15:11:32,0,0,3
2017-06-04,15:11:33,0,0,3
2017-06-04,15:11:34,0,0,3
2017-06-04,15:11:35,0,0,3
2017-06-04,15:11:36,0,0,3
2017-06-04,15:11:37,0,0,3
2017-06-04,15:11:38,0,0,3
2017-06-04,15:11:39,0,0,3
2017-06-04,15:11:40,0,0,3
2017-06-04,15:11:41,0,0,3
2017-06-04,15:11:42,0,0,3
2017-06-04,15:11:43,0,0,3
2017-06-04,15:11:44,0,0,3
2017-06-04,15:11:45,0,0,3
2017-06-04,15:11:46,0,0,3
2017-06-04,15:11:47,0,0,3
2017-06-04,15:11:48,0,0,3
2017-06-04,15:11:49,0,0,3
2017-06-04,15:11:50,0,0,3
2017-06-04,15:11:51,0,0,3
2017-06-04,15:11:52,0,0,3
2017-06-04,15:11:53,0,0,3
2017-06-04,15:11:54,0,0,3
2017-06-04,15:11:55,0,0,3
2017-06-04,15:11:56,0,0,3
2017-06-04,15:11:57,0,0,3
2017-06-04,15:11:58,0,0,3
2017-06-04,15:11:59,0,0,3
2017-06-04,15:12:00,0,0,3
2017-06-04,15:12:01,0,0,3
2017-06-04,15:12:02,0,0,3
2017-06-04,15:12:03,0,0,3
2017-06-04,15:12:04,0,0,3
2017-06-04,15:12:05,0,0,3
2017-06-04,15:12:06,0,0,3
2017-06-04,15:12:07,0,0,3
2017-06-04,15:12:08,1199,0,3
2017-06-04,15:12:09,0,0,3
2017-06-04,15:12:10,2289,0,3
2017-06-04,15:12:11,2031,0,3
2017-06-04,15:12:12,0,0,3
2017-06-04,15:12:13,0,0,3
2017-06-04,15:12:14,0,0,3
2017-06-04,15:12:15,0,0,3
2017-06-04,15:12:16,0,0,3
2017-06-04,15:12:17,0,0,3
2017-06-04,15:12:18,0,0,3
2017-06-04,15:12:19,0,0,3
2017-06-04,15:12:20,1293,0,3
2017-06-04,15:12:21,1179,0,3
2017-06-04,15:12:22,1471,0,3
2017-06-04,15:12:23,1448,0,3
2017-06-04,15:12:24,1545,0,3
2017-06-04,15:12:25,1925,0,3
2017-06-04,15:12:26,1875,0,3
2017-06-04,15:12:27,1661,0,3
2017-06-04,15:12:28,1853,0,3
2017-06-04,15:12:29,1572,0,4
2017-06-04,15:12:30,1631,0,4
2017-06-04,15:12:31,1324,0,4
2017-06-04,15:12:32,1744,0,4
2017-06-04,15:12:33,2545,0,4
2017-06-04,15:12:34,3450,0,4
2017-06-04,15:12:35,2528,0,4
2017-06-04,15:12:36,2613,0,4
2017-06-04,15:12:37,3298,0,4
2017-06-04,15:12:38,3570,0,4
2017-06-04,15:12:39,2639,0,4
2017-06-04,15:12:40,1440,0,4
2017-06-04,15:12:41,0,0,4
2017-06-04,15:12:42,1238,0,4
2017-06-04,15:12:43,2276,0,4
2017-06-04,15:12:44,2809,0,4
2017-06-04,15:12:45,2313,0,4
2017-06-04,15:12:46,2808,0,4
2017-06-04,15:12:47,3396,0,4
2017-06-04,15:12:48,3563,0,4
2017-06-04,15:12:49,4030,0,4
2017-06-04,15:12:50,3538,0,4
2017-06-04,15:12:51,3477,0,4
2017-06-04,15:12:52,3993,0,4
2017-06-04,15:12:53,3960,0,4
2017-06-04,15:12:54,2863,0,4
2017-06-04,15:12:55,2172,0,4
2017-06-04,15:12:56,2748,0,4
2017-06-04,15:12:57,3155,0,4
2017-06-04,15:12:58,3180,0,4
2017-06-04,15:12:59,2933,0,4
2017-06-04,15:13:00,2833,0,4
2017-06-04,15:13:01,2371,0,4
2017-06-04,15:13:02,1579,0,4
2017-06-04,15:13:03,2756,0,4
2017-06-04,15:13:04,1711,0,4
2017-06-04,15:13:05,1708,0,4
2017-06-04,15:13:06,2701,0,4
2017-06-04,15:13:07,3359,0,4
2017-06-04,15:13:08,2279,0,4
2017-06-04,15:13:09,1043,0,4
2017-06-04,15:13:10,1180,0,4
2017-06-04,15:13:11,1497,0,4
2017-06-04,15:13:12,2297,1,6
2017-06-04,15:13:13,1598,0,6
2017-06-04,15:13:14,1749,0,6
2017-06-04,15:13:15,2032,0,6
2017-06-04,15:13:16,1623,0,6
2017-06-04,15:13:17,2578,0,6
2017-06-04,15:13:18,2598,0,6
2017-06-04,15:13:19,2435,0,6
2017-06-04,15:13:20,2455,0,6
2017-06-04,15:13:21,2844,0,6
2017-06-04,15:13:22,4662,0,6
2017-06-04,15:13:23,3386,0,6
2017-06-04,15:13:24,2489,0,6
2017-06-04,15:13:25,2478,0,6
2017-06-04,15:13:26,2356,0,6
2017-06-04,15:13:27,2627,0,6
2017-06-04,15:13:28,4456,0,6
2017-06-04,15:13:29,4048,0,6
2017-06-04,15:13:30,4650,0,6
2017-06-04,15:13:31,3305,0,6
2017-06-04,15:13:32,2207,0,6
2017-06-04,15:13:33,2734,0,6
2017-06-04,15:13:34,2570,0,6
2017-06-04,15:13:35,3195,0,6
2017-06-04,15:13:36,2638,0,6
2017-06-04,15:13:37,3729,0,6
2017-06-04,15:13:38,3262,0,6
2017-06-04,15:13:39,2751,0,6
2017-06-04,15:13:40,3035,0,6
2017-06-04,15:13:41,2986,0,6
2017-06-04,15:13:42,2295,0,6
2017-06-04,15:13:43,1745,0,6
2017-06-04,15:13:44,1309,0,6
2017-06-04,15:13:45,2107,0,6
2017-06-04,15:13:46,2476,0,6
2017-06-04,15:13:47,2441,0,6
2017-06-04,15:13:48,2373,0,6
2017-06-04,15:13:49,1987,0,6
2017-06-04,15:13:50,2243,0,6
2017-06-04,15:13:51,1976,0,6
2017-06-04,15:13:52,1997,0,6
2017-06-04,15:13:53,3457,0,6
2017-06-04,15:13:54,3491,0,6
2017-06-04,15:13:55,2385,0,6
2017-06-04,15:13:56,4525,0,6
2017-06-04,15:13:57,2586,0,6
2017-06-04,15:13:58,1766,0,6
2017-06-04,15:13:59,1719,0,6
2017-06-04,15:14:00,1854,0,6
2017-06-04,15:14:01,1683,0,6
2017-06-04,15:14:02,2037,0,6
2017-06-04,15:14:03,2975,0,6
2017-06-04,15:14:04,1571,0,6
2017-06-04,15:14:05,3129,0,6
2017-06-04,15:14:06,4049,0,6
2017-06-04,15:14:07,3521,0,6
2017-06-04,15:14:08,4154,0,6
2017-06-04,15:14:09,2085,0,6
2017-06-04,15:14:10,1348,0,6
2017-06-04,15:14:11,1748,0,6
2017-06-04,15:14:12,2939,0,6
2017-06-04,15:14:13,3746,0,6
2017-06-04,15:14:14,1387,0,6
2017-06-04,15:14:15,1010,0,6
2017-06-04,15:14:16,1767,0,6
2017-06-04,15:14:17,2448,0,6
2017-06-04,15:14:18,1050,0,6
2017-06-04,15:14:19,0,0,6
2017-06-04,15:14:20,0,0,6
2017-06-04,15:14:21,0,0,6
2017-06-04,15:14:22,0,0,6
2017-06-04,15:14:23,0,0,6
2017-06-04,15:14:24,1117,0,6
2017-06-04,15:14:25,2300,0,6
2017-06-04,15:14:26,3187,0,6
2017-06-04,15:14:27,5240,0,2
2017-06-04,15:14:28,2803,0,2
2017-06-04,15:14:29,0,0,2
2017-06-04,15:14:30,1038,0,2
2017-06-04,15:14:31,0,0,2
2017-06-04,15:14:32,1086,0,2
2017-06-04,15:14:33,2218,0,2
2017-06-04,15:14:34,3469,0,2
2017-06-04,15:14:35,2811,1,8
2017-06-04,15:14:36,2192,0,8
2017-06-04,15:14:37,3465,0,8
2017-06-04,15:14:38,5569,0,8
2017-06-04,15:14:39,5738,0,8
2017-06-04,15:14:40,6263,0,8
2017-06-04,15:14:41,5607,0,8
2017-06-04,15:14:42,5295,0,8
2017-06-04,15:14:43,4446,0,8
2017-06-04,15:14:44,4687,0,8
2017-06-04,15:14:45,6465,0,8
2017-06-04,15:14:46,6564,0,8
2017-06-04,15:14:47,6014,0,8
2017-06-04,15:14:48,5226,0,8
2017-06-04,15:14:49,2932,0,8
2017-06-04,15:14:50,3079,0,8
2017-06-04,15:14:51,2453,0,8
2017-06-04,15:14:52,1821,0,8
2017-06-04,15:14:53,1261,0,8
2017-06-04,15:14:54,1255,0,8
2017-06-04,15:14:55,1201,0,8
2017-06-04,15:14:56,1228,0,8
2017-06-04,15:14:57,1560,1,3
2017-06-04,15:14:58,1180,0,3
2017-06-04,15:14:59,0,0,3
2017-06-04,15:15:00,2061,0,3
2017-06-04,15:15:01,1979,0,3
2017-06-04,15:15:02,3902,0,3
2017-06-04,15:15:03,3970,1,1
2017-06-04,15:15:04,2060,0,1
2017-06-04,15:15:05,1396,0,1
2017-06-04,15:15:06,1356,0,1
2017-06-04,15:15:07,2257,0,1
2017-06-04,15:15:08,5564,0,1
2017-06-04,15:15:09,6324,0,1
2017-06-04,15:15:10,6238,0,1
2017-06-04,15:15:11,6175,0,1
2017-06-04,15:15:12,6405,0,1
2017-06-04,15:15:13,6423,0,1
2017-06-04,15:15:14,6750,0,1
2017-06-04,15:15:15,6855,0,1
2017-06-04,15:15:16,6357,0,1
2017-06-04,15:15:17,6031,0,1
2017-06-04,15:15:18,6442,0,1
2017-06-04,15:15:19,6728,0,1
2017-06-04,15:15:20,6976,0,1
2017-06-04,15:15:21,7304,0,1
2017-06-04,15:15:22,6870,0,1
2017-06-04,15:15:23,3946,0,1
2017-06-04,15:15:24,2601,0,1
2017-06-04,15:15:25,3111,0,1
2017-06-04,15:15:26,2969,0,1
2017-06-04,15:15:27,3315,0,1
2017-06-04,15:15:28,3293,0,1
2017-06-04,15:15:29,2997,0,1
2017-06-04,15:15:30,2814,0,1
2017-06-04,15:15:31,6489,0,1
2017-06-04,15:15:32,4587,0,1
2017-06-04,15:15:33,2570,0,1
2017-06-04,15:15:34,3095,0,1
2017-06-04,15:15:35,3072,0,1
2017-06-04,15:15:36,2545,0,1
2017-06-04,15:15:37,1476,0,1
2017-06-04,15:15:38,0,0,1
2017-06-04,15:15:39,0,0,1
2017-06-04,15:15:40,1081,0,1
2017-06-04,15:15:41,3695,0,1
2017-06-04,15:15:42,6527,0,1
2017-06-04,15:15:43,6031,0,1
2017-06-04,15:15:44,5281,0,1
2017-06-04,15:15:45,4397,0,1
2017-06-04,15:15:46,4076,0,1
2017-06-04,15:15:47,3128,0,1
2017-06-04,15:15:48,2643,0,1
2017-06-04,15:15:49,3026,0,1
2017-06-04,15:15:50,4195,0,1
2017-06-04,15:15:51,4578,0,1
2017-06-04,15:15:52,5453,0,1
2017-06-04,15:15:53,4420,0,1
2017-06-04,15:15:54,4352,0,1
2017-06-04,15:15:55,5501,0,1
2017-06-04,15:15:56,6043,0,1
2017-06-04,15:15:57,5076,0,1
2017-06-04,15:15:58,4095,0,1
2017-06-04,15:15:59,4074,0,1
2017-06-04,15:16:00,5068,0,1
2017-06-04,15:16:01,3324,0,1
2017-06-04,15:16:02,0,0,1
2017-06-04,15:16:03,0,0,1
2017-06-04,15:16:04,0,0,1
2017-06-04,15:16:05,0,0,1
2017-06-04,15:16:06,2013,0,1
2017-06-04,15:16:07,2224,0,1
2017-06-04,15:16:08,1934,0,1
2017-06-04,15:16:09,2713,0,1
2017-06-04,15:16:10,2430,0,1
2017-06-04,15:16:11,2685,0,1
2017-06-04,15:16:12,4034,0,5
2017-06-04,15:16:13,2158,0,5
2017-06-04,15:16:14,1448,0,5
2017-06-04,15:16:15,1322,0,5
2017-06-04,15:16:16,1985,0,5
2017-06-04,15:16:17,2426,0,5
2017-06-04,15:16:18,2193,0,5
2017-06-04,15:16:19,2008,0,5
2017-06-04,15:16:20,2398,0,5
2017-06-04,15:16:21,5742,0,5
2017-06-04,15:16:22,4944,0,5
2017-06-04,15:16:23,1771,0,5
2017-06-04,15:16:24,2100,0,5
2017-06-04,15:16:25,2000,0,5
2017-06-04,15:16:26,2027,0,5
2017-06-04,15:16:27,3059,0,5
2017-06-04,15:16:28,3099,0,5
2017-06-04,15:16:29,2733,0,5
2017-06-04,15:16:30,1984,0,5
2017-06-04,15:16:31,1590,0,5
2017-06-04,15:16:32,2941,1,6
2017-06-04,15:16:33,0,0,6
2017-06-04,15:16:34,0,0,6
2017-06-04,15:16:35,0,0,6
2017-06-04,15:16:36,0,0,6
2017-06-04,15:16:37,1048,0,6
2017-06-04,15:16:38,1026,0,6
2017-06-04,15:16:39,1086,0,6
2017-06-04,15:16:40,1016,0,6
2017-06-04,15:16:41,1087,0,6
2017-06-04,15:16:42,1014,0,6
2017-06-04,15:16:43,0,0,6
2017-06-04,15:16:44,0,0,6
2017-06-04,15:16:45,0,0,6
2017-06-04,15:16:46,0,0,6
2017-06-04,15:16:47,0,0,6
2017-06-04,15:16:48,0,0,6
2017-06-04,15:16:49,0,0,6
2017-06-04,15:16:50,0,0,6
2017-06-04,15:16:51,0,0,6
2017-06-04,15:16:52,0,0,6
2017-06-04,15:16:53,0,0,6
2017-06-04,15:16:54,0,0,6
2017-06-04,15:16:55,0,0,6
2017-06-04,15:16:56,0,0,6
2017-06-04,15:16:57,0,0,6
2017-06-04,15:16:58,0,0,6
2017-06-04,15:16:59,0,0,6
2017-06-04,15:17:00,0,0,6
2017-06-04,15:17:01,0,0,6
2017-06-04,15:17:02,0,0,6
2017-06-04,15:17:03,0,0,6
2017-06-04,15:17:04,0,0,6
2017-06-04,15:17:05,0,0,6
2017-06-04,15:17:06,0,0,6
2017-06-04,15:17:07,0,0,6
2017-06-04,15:17:08,0,0,6
2017-06-04,15:17:09,0,0,6
2017-06-04,15:17:10,0,0,6
2017-06-04,15:17:11,0,0,6
2017-06-04,15:17:12,0,0,6
2017-06-04,15:17:13,0,0,6
2017-06-04,15:17:14,0,0,6
2017-06-04,15:17:15,0,0,6
2017-06-04,15:17:16,0,0,6
2017-06-04,15:17:17,0,0,6
2017-06-04,15:17:18,0,0,6
2017-06-04,15:17:19,0,0,6
2017-06-04,15:17:20,0,0,6
2017-06-04,15:17:21,0,0,6
2017-06-04,15:17:22,0,0,6
2017-06-04,15:17:23,0,0,6
2017-06-04,15:17:24,0,0,6
2017-06-04,15:17:25,0,0,6
2017-06-04,15:17:26,0,0,6
2017-06-04,15:17:27,0,0,6
2017-06-04,15:17:28,0,0,6
2017-06-04,15:17:29,0,0,6
2017-06-04,15:17:30,0,0,6
2017-06-04,15:17:31,0,0,6
2017-06-04,15:17:32,0,0,6
2017-06-04,15:17:33,0,0,6
2017-06-04,15:17:34,0,0,6
2017-06-04,15:17:35,0,0,6
2017-06-04,15:17:36,0,0,6
2017-06-04,15:17:37,0,0,6
2017-06-04,15:17:38,0,0,6
2017-06-04,15:17:39,0,0,6
2017-06-04,15:17:40,0,0,6
2017-06-04,15:17:41,0,0,6
2017-06-04,15:17:42,0,0,6
2017-06-04,15:17:43,0,0,6
2017-06-04,15:17:44,0,0,6
2017-06-04,15:17:45,0,0,6
2017-06-04,15:17:46,0,0,6
2017-06-04,15:17:47,0,0,6
2017-06-04,15:17:48,0,0,6
2017-06-04,15:17:49,0,0,6
2017-06-04,15:17:50,0,0,6
2017-06-04,15:17:51,0,0,6
2017-06-04,15:17:52,0,0,6
2017-06-04,15:17:53,0,0,6
2017-06-04,15:17:54,0,0,6
2017-06-04,15:17:55,0,0,6
2017-06-04,15:17:56,0,0,6
2017-06-04,15:17:57,0,0,6
2017-06-04,15:17:58,0,0,6
2017-06-04,15:17:59,0,0,6
2017-06-04,15:18:00,0,0,6
2017-06-04,15:18:01,0,0,6
2017-06-04,15:18:02,0,0,6
2017-06-04,15:18:03,0,0,6
2017-06-04,15:18:04,0,0,6
2017-06-04,15:18:05,0,0,6
2017-06-04,15:18:06,0,0,6
2017-06-04,15:18:07,0,0,6
2017-06-04,15:18:08,0,0,6
2017-06-04,15:18:09,0,0,6
2017-06-04,15:18:10,0,0,6
2017-06-04,15:18:11,0,0,6
2017-06-04,15:18:12,0,0,6
2017-06-04,15:18:13,0,0,6
2017-06-04,15:18:14,0,0,6
2017-06-04,15:18:15,0,0,6
2017-06-04,15:18:16,0,0,6
2017-06-04,15:18:17,0,0,6
2017-06-04,15:18:18,0,0,6
2017-06-04,15:18:19,0,0,6
2017-06-04,15:18:20,0,0,6
2017-06-04,15:18:21,0,0,6
2017-06-04,15:18:22,0,0,6
2017-06-04,15:18:23,0,0,6
2017-06-04,15:18:24,0,0,6
2017-06-04,15:18:25,0,0,6
2017-06-04,15:18:26,0,0,6
2017-06-04,15:18:27,0,0,6
2017-06-04,15:18:28,0,0,6
2017-06-04,15:18:29,0,0,6
2017-06-04,15:18:30,0,0,6
2017-06-04,15:18:31,0,0,6
2017-06-04,15:18:32,0,0,6
2017-06-04,15:18:33,0,0,6
2017-06-04,15:18:34,0,0,6
2017-06-04,15:18:35,0,0,6
2017-06-04,15:18:36,0,0,6
2017-06-04,15:18:37,0,0,6
2017-06-04,15:18:38,0,0,6
2017-06-04,15:18:39,0,0,6
2017-06-04,15:18:40,0,0,6
2017-06-04,15:18:41,0,0,6
2017-06-04,15:18:42,0,0,6
2017-06-04,15:18:43,0,0,6
2017-06-04,15:18:44,0,0,6
2017-06-04,15:18:45,0,0,6
2017-06-04,15:18:46,0,0,6
2017-06-04,15:18:47,0,0,6
2017-06-04,15:18:48,0,0,6
2017-06-04,15:18:49,0,0,6
2017-06-04,15:18:50,0,0,6
2017-06-04,15:18:51,0,0,6
2017-06-04,15:18:52,0,0,6
2017-06-04,15:18:53,0,0,6
2017-06-04,15:18:54,0,0,6
2017-06-04,15:18:55,0,0,6
2017-06-04,15:18:56,0,0,6
2017-06-04,15:18:57,0,0,6
2017-06-04,15:18:58,0,0,6
2017-06-04,15:18:59,0,0,6
2017-06-04,15:19:00,0,0,6
2017-06-04,15:19:01,0,0,6
2017-06-04,15:19:02,0,0,6
2017-06-04,15:19:03,0,0,6
2017-06-04,15:19:04,0,0,6
2017-06-04,15:19:05,0,0,6
2017-06-04,15:19:06,0,0,6
2017-06-04,15:19:07,0,0,6
2017-06-04,15:19:08,0,0,6
2017-06-04,15:19:09,0,0,6
2017-06-04,15:19:10,0,0,6
2017-06-04,15:19:11,0,0,6
2017-06-04,15:19:12,0,0,6
2017-06-04,15:19:13,0,0,6
2017-06-04,15:19:14,0,0,6
2017-06-04,15:19:15,0,0,6
2017-06-04,15:19:16,0,0,6
2017-06-04,15:19:17,0,0,6
2017-06-04,15:19:18,0,0,6
2017-06-04,15:19:19,0,0,6
2017-06-04,15:19:20,0,0,6
2017-06-04,15:19:21,0,0,6
2017-06-04,15:19:22,0,0,6
2017-06-04,15:19:23,0,0,6
2017-06-04,15:19:24,0,0,6
2017-06-04,15:19:25,0,0,6
2017-06-04,15:19:26,0,0,6
2017-06-04,15:19:27,0,0,6
2017-06-04,15:19:28,0,0,6
2017-06-04,15:19:29,0,0,6
2017-06-04,15:19:30,0,0,6
2017-06-04,15:19:31,0,0,6
2017-06-04,15:19:32,0,0,6
2017-06-04,15:19:33,0,0,6
2017-06-04,15:19:34,0,0,6
2017-06-04,15:19:35,0,0,6
2017-06-04,15:19:36,0,0,6
2017-06-04,15:19:37,0,0,6
2017-06-04,15:19:38,0,0,6
2017-06-04,15:19:39,0,0,6
2017-06-04,15:19:40,0,0,6
2017-06-04,15:19:41,0,0,6
2017-06-04,15:19:42,0,0,6
2017-06-04,15:19:43,0,0,6
2017-06-04,15:19:44,0,0,6
2017-06-04,15:19:45,0,0,6
2017-06-04,15:19:46,0,0,6
2017-06-04,15:19:47,0,0,6
2017-06-04,15:19:48,0,0,6
2017-06-04,15:19:49,0,0,6
2017-06-04,15:19:50,0,0,6
2017-06-04,15:19:51,0,0,6
2017-06-04,15:19:52,0,0,6
2017-06-04,15:19:53,0,0,6
2017-06-04,15:19:54,0,0,6
2017-06-04,15:19:55,0,0,6
2017-06-04,15:19:56,0,0,6
2017-06-04,15:19:57,0,0,6
2017-06-04,15:19:58,0,0,6
2017-06-04,15:19:59,0,0,6
2017-06-04,15:20:00,0,0,6
2017-06-04,15:20:01,0,0,6
2017-06-04,15:20:02,0,0,6
2017-06-04,15:20:03,0,0,6
2017-06-04,15:20:04,0,0,6
2017-06-04,15:20:05,0,0,6
2017-06-04,15:20:06,0,0,6
2017-06-04,15:20:07,0,0,6
2017-06-04,15:20:08,0,0,6
2017-06-04,15:20:09,0,0,6
2017-06-04,15:20:10,0,0,6
2017-06-04,15:20:11,0,0,6
2017-06-04,15:20:12,0,0,6
2017-06-04,15:20:13,0,0,6
2017-06-04,15:20:14,0,0,6
2017-06-04,15:20:15,0,0,6
2017-06-04,15:20:16,0,0,6
2017-06-04,15:20:17,0,0,6
2017-06-04,15:20:18,0,0,6
2017-06-04,15:20:19,0,0,6
2017-06-04,15:20:20,0,0,6
2017-06-04,15:20:21,0,0,6
2017-06-04,15:20:22,0,0,6
2017-06-04,15:20:23,0,0,6
2017-06-04,15:20:24,0,0,6
2017-06-04,15:20:25,0,0,6
2017-06-04,15:20:26,0,0,6
2017-06-04,15:20:27,0,0,6
2017-06-04,15:20:28,0,0,6
2017-06-04,15:20:29,0,0,6
2017-06-04,15:20:30,0,0,6
2017-06-04,15:20:31,0,0,6
2017-06-04,15:20:32,0,0,6
2017-06-04,15:20:33,0,0,6
2017-06-04,15:20:34,0,0,6
2017-06-04,15:20:35,0,0,6
2017-06-04,15:20:36,0,0,6
2017-06-04,15:20:37,0,0,6
2017-06-04,15:20:38,0,0,6
2017-06-04,15:20:39,0,0,6
2017-06-04,15:20:40,0,0,6
2017-06-04,15:20:41,0,0,6
2017-06-04,15:20:42,0,0,6
2017-06-04,15:20:43,0,0,6
2017-06-04,15:20:44,0,0,6
2017-06-04,15:20:45,0,0,6
2017-06-04,15:20:46,0,0,6
2017-06-04,15:20:47,0,0,6
2017-06-04,15:20:48,0,0,6
2017-06-04,15:20:49,0,0,6
2017-06-04,15:20:50,0,0,6
2017-06-04,15:20:51,0,0,6
2017-06-04,15:20:52,0,0,6
2017-06-04,15:20:53,0,0,6
2017-06-04,15:20:54,0,0,6
2017-06-04,15:20:55,0,0,6
2017-06-04,15:20:56,0,0,6
2017-06-04,15:20:57,0,0,6
2017-06-04,15:20:58,0,0,6
2017-06-04,15:20:59,0,0,6
2017-06-04,15:21:00,0,0,6
2017-06-04,15:21:01,0,0,6
2017-06-04,15:21:02,0,0,6
2017-06-04,15:21:03,0,0,6
2017-06-04,15:21:04,0,0,6
2017-06-04,15:21:05,0,0,6
2017-06-04,15:21:06,0,0,6
2017-06-04,15:21:07,0,0,6
2017-06-04,15:21:08,0,0,6
2017-06-04,15:21:09,0,0,6
2017-06-04,15:21:10,0,0,6
2017-06-04,15:21:11,0,0,6
2017-06-04,15:21:12,0,0,6
2017-06-04,15:21:13,0,0,6
2017-06-04,15:21:14,0,0,6
2017-06-04,15:21:15,0,0,6
2017-06-04,15:21:16,0,0,6
2017-06-04,15:21:17,0,0,6
2017-06-04,15:21:18,0,0,6
2017-06-04,15:21:19,0,0,6
2017-06-04,15:21:20,0,0,6
2017-06-04,15:21:21,0,0,6
2017-06-04,15:21:22,0,0,6
2017-06-04,15:21:23,0,0,6
2017-06-04,15:21:24,0,0,6
2017-06-04,15:21:25,0,0,6
2017-06-04,15:21:26,0,0,6
2017-06-04,15:21:27,0,0,6
2017-06-04,15:21:28,0,0,6
2017-06-04,15:21:29,0,0,6
2017-06-04,15:21:30,0,0,6
2017-06-04,15:21:31,0,0,6
2017-06-04,15:21:32,0,0,6
2017-06-04,15:21:33,0,0,6
2017-06-04,15:21:34,0,0,6
2017-06-04,15:21:35,0,0,6
2017-06-04,15:21:36,0,0,6
2017-06-04,15:21:37,0,0,6
2017-06-04,15:21:38,0,0,6
2017-06-04,15:21:39,0,0,6
2017-06-04,15:21:40,1082,0,6
2017-06-04,15:21:41,1049,0,6
2017-06-04,15:21:42,0,0,6
2017-06-04,15:21:43,0,0,6
2017-06-04,15:21:44,0,0,6
2017-06-04,15:21:45,0,0,6
2017-06-04,15:21:46,0,0,6
2017-06-04,15:21:47,0,0,6
2017-06-04,15:21:48,0,0,6
2017-06-04,15:21:49,0,0,6
2017-06-04,15:21:50,0,0,6
2017-06-04,15:21:51,0,0,6
2017-06-04,15:21:52,0,0,6
2017-06-04,15:21:53,0,0,6
2017-06-04,15:21:54,0,0,6
2017-06-04,15:21:55,0,0,6
2017-06-04,15:21:56,0,0,6
2017-06-04,15:21:57,0,0,6
2017-06-04,15:21:58,0,0,6
2017-06-04,15:21:59,0,0,6
2017-06-04,15:22:00,0,0,6
2017-06-04,15:22:01,0,0,6
2017-06-04,15:22:02,0,0,6
2017-06-04,15:22:03,0,0,6
2017-06-04,15:22:04,0,0,6
2017-06-04,15:22:05,0,0,6
2017-06-04,15:22:06,0,0,6
2017-06-04,15:22:07,0,0,6
2017-06-04,15:22:08,0,0,6
2017-06-04,15:22:09,0,0,6
2017-06-04,15:22:10,0,0,6
2017-06-04,15:22:11,0,0,6
2017-06-04,15:22:12,0,0,6
2017-06-04,15:22:13,0,0,6
2017-06-04,15:22:14,0,0,6
2017-06-04,15:22:15,0,0,6
2017-06-04,15:22:16,0,0,6
2017-06-04,15:22:17,0,0,6
2017-06-04,15:22:18,0,0,6
2017-06-04,15:22:19,0,0,6
2017-06-04,15:22:20,0,0,6
2017-06-04,15:22:21,0,0,6
2017-06-04,15:22:22,0,0,6
2017-06-04,15:22:23,0,0,6
2017-06-04,15:22:24,0,0,6
2017-06-04,15:22:25,0,0,6
2017-06-04,15:22:26,0,0,6
2017-06-04,15:22:27,0,0,6
2017-06-04,15:22:28,0,0,6
2017-06-04,15:22:29,0,0,6
2017-06-04,15:22:30,0,0,6
2017-06-04,15:22:31,0,0,6
2017-06-04,15:22:32,0,0,7
2017-06-04,15:22:33,0,0,7
2017-06-04,15:22:34,0,0,7
2017-06-04,15:22:35,0,0,7
2017-06-04,15:22:36,0,0,7
2017-06-04,15:22:37,0,0,7
2017-06-04,15:22:38,0,0,7
2017-06-04,15:22:39,0,0,7
2017-06-04,15:22:40,0,0,7
2017-06-04,15:22:41,0,0,7
2017-06-04,15:22:42,0,0,7
2017-06-04,15:22:43,3762,1,1
2017-06-04,15:22:44,2064,1,1
2017-06-04,15:22:45,1483,0,1
2017-06-04,15:22:46,1671,0,1
2017-06-04,15:22:47,3156,0,1
2017-06-04,15:22:48,3381,0,1
2017-06-04,15:22:49,2839,0,1
2017-06-04,15:22:50,2657,0,1
2017-06-04,15:22:51,2300,0,1
2017-06-04,15:22:52,3299,0,1
2017-06-04,15:22:53,2584,0,1
2017-06-04,15:22:54,2374,0,1
2017-06-04,15:22:55,1469,0,1
2017-06-04,15:22:56,0,0,1
2017-06-04,15:22:57,1858,0,1
2017-06-04,15:22:58,2200,0,1
2017-06-04,15:22:59,2303,0,1
2017-06-04,15:23:00,1851,0,1
2017-06-04,15:23:01,1874,0,1
2017-06-04,15:23:02,2108,0,1
2017-06-04,15:23:03,1824,0,1
2017-06-04,15:23:04,1616,0,1
2017-06-04,15:23:05,1043,0,1
2017-06-04,15:23:06,1067,0,1
2017-06-04,15:23:07,1063,0,1
2017-06-04,15:23:08,1031,0,1
2017-06-04,15:23:09,1920,0,1
2017-06-04,15:23:10,2915,0,1
2017-06-04,15:23:11,1929,0,1
2017-06-04,15:23:12,1179,0,1
2017-06-04,15:23:13,2412,0,1
2017-06-04,15:23:14,4275,0,1
2017-06-04,15:23:15,3927,1,4
2017-06-04,15:23:16,3105,0,4
2017-06-04,15:23:17,2985,0,4
2017-06-04,15:23:18,3641,0,4
2017-06-04,15:23:19,3242,0,4
2017-06-04,15:23:20,2905,0,4
2017-06-04,15:23:21,2964,0,4
2017-06-04,15:23:22,2603,0,4
2017-06-04,15:23:23,2218,0,4
2017-06-04,15:23:24,1717,0,4
2017-06-04,15:23:25,2466,0,4
2017-06-04,15:23:26,3695,1,1
2017-06-04,15:23:27,3820,0,1
2017-06-04,15:23:28,2976,0,1
2017-06-04,15:23:29,1410,0,1
2017-06-04,15:23:30,1646,0,1
2017-06-04,15:23:31,2400,0,1
2017-06-04,15:23:32,3013,0,1
2017-06-04,15:23:33,4021,0,1
2017-06-04,15:23:34,3902,0,1
2017-06-04,15:23:35,3792,0,1
2017-06-04,15:23:36,4249,0,1
2017-06-04,15:23:37,3135,0,1
2017-06-04,15:23:38,3081,0,1
2017-06-04,15:23:39,4085,0,1
2017-06-04,15:23:40,4231,0,1
2017-06-04,15:23:41,4055,0,1
2017-06-04,15:23:42,4082,0,1
2017-06-04,15:23:43,3713,0,1
2017-06-04,15:23:44,3286,0,1
2017-06-04,15:23:45,2377,0,1
2017-06-04,15:23:46,1176,0,1
2017-06-04,15:23:47,0,0,1
2017-06-04,15:23:48,1104,0,1
2017-06-04,15:23:49,1084,0,1
2017-06-04,15:23:50,1023,0,1
2017-06-04,15:23:51,1209,0,1
2017-06-04,15:23:52,1157,0,1
2017-06-04,15:23:53,1296,0,1
2017-06-04,15:23:54,0,0,1
2017-06-04,15:23:55,0,0,1
2017-06-04,15:23:56,0,0,1
2017-06-04,15:23:57,1147,0,1
2017-06-04,15:23:58,0,0,1
2017-06-04,15:23:59,1105,0,1
2017-06-04,15:24:00,1146,0,1
2017-06-04,15:24:01,0,0,1
2017-06-04,15:24:02,0,0,1
2017-06-04,15:24:03,0,0,1
2017-06-04,15:24:04,0,0,1
2017-06-04,15:24:05,1223,0,1
2017-06-04,15:24:06,1023,0,1
2017-06-04,15:24:07,1310,0,1
2017-06-04,15:24:08,1182,0,1
2017-06-04,15:24:09,1028,0,1
2017-06-04,15:24:10,1064,0,1
2017-06-04,15:24:11,0,0,1
2017-06-04,15:24:12,0,0,1
2017-06-04,15:24:13,0,0,1
2017-06-04,15:24:14,0,0,1
2017-06-04,15:24:15,0,0,1
2017-06-04,15:24:16,0,0,1
2017-06-04,15:24:17,1051,0,1
2017-06-04,15:24:18,1150,0,1
2017-06-04,15:24:19,0,0,1
2017-06-04,15:24:20,0,0,1
2017-06-04,15:24:21,0,0,1
2017-06-04,15:24:22,0,0,1
2017-06-04,15:24:23,0,0,1
2017-06-04,15:24:24,0,0,1
2017-06-04,15:24:25,0,0,1
2017-06-04,15:24:26,0,0,1
2017-06-04,15:24:27,0,0,1
2017-06-04,15:24:28,0,0,1
2017-06-04,15:24:29,0,0,1
2017-06-04,15:24:30,0,0,1
2017-06-04,15:24:31,0,0,1
2017-06-04,15:24:32,0,0,1
2017-06-04,15:24:33,0,0,1
2017-06-04,15:24:34,0,0,1
2017-06-04,15:24:35,0,0,1
2017-06-04,15:24:36,0,0,1
2017-06-04,15:24:37,0,0,1
2017-06-04,15:24:38,0,0,1
2017-06-04,15:24:39,0,0,1
2017-06-04,15:24:40,0,0,1
2017-06-04,15:24:41,0,0,1
2017-06-04,15:24:42,0,0,1
2017-06-04,15:24:43,0,0,1
2017-06-04,15:24:44,0,0,1
2017-06-04,15:24:45,0,0,1
2017-06-04,15:24:46,0,0,1
2017-06-04,15:24:47,0,0,1
2017-06-04,15:24:48,0,0,1
2017-06-04,15:24:49,0,0,1
2017-06-04,15:24:50,0,0,1
2017-06-04,15:24:51,0,0,1
2017-06-04,15:24:52,0,0,1
2017-06-04,15:24:53,0,0,1
2017-06-04,15:24:54,0,0,1
2017-06-04,15:24:55,0,0,1
2017-06-04,15:24:56,0,0,1
2017-06-04,15:24:57,0,0,1
2017-06-04,15:24:58,0,0,1
2017-06-04,15:24:59,0,0,1
2017-06-04,15:25:00,0,0,1
2017-06-04,15:25:01,0,0,1
2017-06-04,15:25:02,0,0,1
2017-06-04,15:25:03,0,0,1
2017-06-04,15:25:04,0,0,1
2017-06-04,15:25:05,0,0,1
2017-06-04,15:25:06,0,0,1
2017-06-04,15:25:07,0,0,1
2017-06-04,15:25:08,1062,0,1
2017-06-04,15:25:09,0,0,1
2017-06-04,15:25:10,0,0,1
2017-06-04,15:25:11,0,0,1
2017-06-04,15:25:12,0,0,1
2017-06-04,15:25:13,1007,0,1
2017-06-04,15:25:14,1831,0,1
2017-06-04,15:25:15,1956,0,1
2017-06-04,15:25:16,2008,0,1
2017-06-04,15:25:17,2131,0,1
2017-06-04,15:25:18,2170,0,1
2017-06-04,15:25:19,2366,0,1
2017-06-04,15:25:20,2630,0,1
2017-06-04,15:25:21,2317,0,1
2017-06-04,15:25:22,1709,0,1
2017-06-04,15:25:23,1389,0,1
2017-06-04,15:25:24,1072,0,1
2017-06-04,15:25:25,1165,0,1
2017-06-04,15:25:26,0,0,1
2017-06-04,15:25:27,0,0,1
2017-06-04,15:25:28,0,0,1
2017-06-04,15:25:29,0,0,1
2017-06-04,15:25:30,1082,0,1
2017-06-04,15:25:31,0,0,1
2017-06-04,15:25:32,0,0,1
2017-06-04,15:25:33,0,0,1
2017-06-04,15:25:34,0,0,1
2017-06-04,15:25:35,0,0,1
2017-06-04,15:25:36,0,0,1
2017-06-04,15:25:37,0,0,1
2017-06-04,15:25:38,1050,0,1
2017-06-04,15:25:39,1086,0,1
2017-06-04,15:25:40,0,0,1
2017-06-04,15:25:41,0,0,1
2017-06-04,15:25:42,0,0,1
2017-06-04,15:25:43,0,0,1
2017-06-04,15:25:44,0,0,1
2017-06-04,15:25:45,0,0,1
2017-06-04,15:25:46,0,0,1
2017-06-04,15:25:47,0,0,1
2017-06-04,15:25:48,0,0,1
2017-06-04,15:25:49,0,0,1
2017-06-04,15:25:50,0,0,1
2017-06-04,15:25:51,0,0,1
2017-06-04,15:25:52,0,0,1
2017-06-04,15:25:53,0,0,1
2017-06-04,15:25:54,0,0,1
2017-06-04,15:25:55,0,0,1
2017-06-04,15:25:56,0,0,1
2017-06-04,15:25:57,0,0,1
2017-06-04,15:25:58,0,0,1
2017-06-04,15:25:59,0,0,1
2017-06-04,15:26:00,0,0,1
2017-06-04,15:26:01,0,0,1
2017-06-04,15:26:02,0,0,1
2017-06-04,15:26:03,0,0,1
2017-06-04,15:26:04,0,0,1
2017-06-04,15:26:05,0,0,1
2017-06-04,15:26:06,0,0,1
2017-06-04,15:26:07,0,0,1
2017-06-04,15:26:08,0,0,1
2017-06-04,15:26:09,0,0,1
2017-06-04,15:26:10,0,0,1
2017-06-04,15:26:11,0,0,1
2017-06-04,15:26:12,0,0,1
2017-06-04,15:26:13,0,0,1
2017-06-04,15:26:14,0,0,1
2017-06-04,15:26:15,0,0,1
2017-06-04,15:26:16,0,0,1
2017-06-04,15:26:17,0,0,1
2017-06-04,15:26:18,0,0,1
2017-06-04,15:26:19,0,0,1
2017-06-04,15:26:20,0,0,1
2017-06-04,15:26:21,0,0,1
2017-06-04,15:26:22,0,0,1
2017-06-04,15:26:23,0,0,1
2017-06-04,15:26:24,0,0,1
2017-06-04,15:26:25,0,0,1
2017-06-04,15:26:26,0,0,1
2017-06-04,15:26:27,0,0,1
2017-06-04,15:26:28,0,0,1
2017-06-04,15:26:29,0,0,1
2017-06-04,15:26:30,0,0,2
2017-06-04,15:26:31,0,0,2
2017-06-04,15:26:32,0,0,2
2017-06-04,15:26:33,0,0,2
2017-06-04,15:26:34,0,0,2
2017-06-04,15:26:35,0,0,2
2017-06-04,15:26:36,0,0,2
2017-06-04,15:26:37,0,0,2
2017-06-04,15:26:38,0,0,2
2017-06-04,15:26:39,0,0,2
2017-06-04,15:26:40,0,0,2
2017-06-04,15:26:41,0,0,2
2017-06-04,15:26:42,0,0,2
2017-06-04,15:26:43,0,0,2
2017-06-04,15:26:44,0,0,2
2017-06-04,15:26:45,0,0,2
2017-06-04,15:26:46,0,0,2
2017-06-04,15:26:47,0,0,2
2017-06-04,15:26:48,0,0,2
2017-06-04,15:26:49,0,0,2
2017-06-04,15:26:50,0,0,2
2017-06-04,15:26:51,0,0,2
2017-06-04,15:26:52,0,0,2
2017-06-04,15:26:53,0,0,2
2017-06-04,15:26:54,0,0,2
2017-06-04,15:26:55,0,0,2
2017-06-04,15:26:56,0,0,2
2017-06-04,15:26:57,0,0,2
2017-06-04,15:26:58,0,0,2
2017-06-04,15:26:59,0,0,2
2017-06-04,15:27:00,0,0,2
2017-06-04,15:27:01,0,0,2
2017-06-04,15:27:02,0,0,2
2017-06-04,15:27:03,0,0,2
2017-06-04,15:27:04,0,0,2
2017-06-04,15:27:05,0,0,2
2017-06-04,15:27:06,0,0,2
2017-06-04,15:27:07,0,0,2
2017-06-04,15:27:08,0,0,2
2017-06-04,15:27:09,0,0,2
2017-06-04,15:27:10,0,0,2
2017-06-04,15:27:11,0,0,2
2017-06-04,15:27:12,0,0,2
2017-06-04,15:27:13,0,0,2
2017-06-04,15:27:14,0,0,2
2017-06-04,15:27:15,0,0,2
2017-06-04,15:27:16,0,0,2
2017-06-04,15:27:17,0,0,2
2017-06-04,15:27:18,0,0,2
2017-06-04,15:27:19,0,0,2
2017-06-04,15:27:20,0,0,2
2017-06-04,15:27:21,0,0,2
2017-06-04,15:27:22,0,0,2
2017-06-04,15:27:23,0,0,2
2017-06-04,15:27:24,0,0,2
2017-06-04,15:27:25,0,0,2
2017-06-04,15:27:26,0,0,2
2017-06-04,15:27:27,0,0,2
2017-06-04,15:27:28,0,0,2
2017-06-04,15:27:29,0,0,2
2017-06-04,15:27:30,0,0,3
2017-06-04,15:27:31,0,0,3
2017-06-04,15:27:32,0,0,3
2017-06-04,15:27:33,0,0,3
2017-06-04,15:27:34,0,0,3
2017-06-04,15:27:35,0,0,3
2017-06-04,15:27:36,0,0,3
2017-06-04,15:27:37,0,0,3
2017-06-04,15:27:38,0,0,3
2017-06-04,15:27:39,0,0,3
2017-06-04,15:27:40,0,0,3
2017-06-04,15:27:41,0,0,3
2017-06-04,15:27:42,0,0,3
2017-06-04,15:27:43,0,0,3
2017-06-04,15:27:44,0,0,3
2017-06-04,15:27:45,0,0,3
2017-06-04,15:27:46,0,0,3
2017-06-04,15:27:47,0,0,3
2017-06-04,15:27:48,0,0,3
2017-06-04,15:27:49,0,0,3
2017-06-04,15:27:50,0,0,3
2017-06-04,15:27:51,0,0,3
2017-06-04,15:27:52,0,0,3
2017-06-04,15:27:53,0,0,3
2017-06-04,15:27:54,0,0,3
2017-06-04,15:27:55,0,0,3
2017-06-04,15:27:56,0,0,3
2017-06-04,15:27:57,0,0,3
2017-06-04,15:27:58,0,0,3
2017-06-04,15:27:59,0,0,3
2017-06-04,15:28:00,0,0,3
2017-06-04,15:28:01,0,0,3
2017-06-04,15:28:02,0,0,3
2017-06-04,15:28:03,0,0,3
2017-06-04,15:28:04,0,0,3
2017-06-04,15:28:05,0,0,3
2017-06-04,15:28:06,0,0,3
2017-06-04,15:28:07,0,0,3
2017-06-04,15:28:08,0,0,3
2017-06-04,15:28:09,0,0,3
2017-06-04,15:28:10,0,0,3
2017-06-04,15:28:11,0,0,3
2017-06-04,15:28:12,0,0,3
2017-06-04,15:28:13,0,0,3
2017-06-04,15:28:14,0,0,3
2017-06-04,15:28:15,0,0,3
2017-06-04,15:28:16,0,0,3
2017-06-04,15:28:17,0,0,3
2017-06-04,15:28:18,0,0,3
2017-06-04,15:28:19,0,0,3
2017-06-04,15:28:20,0,0,3
2017-06-04,15:28:21,0,0,3
2017-06-04,15:28:22,0,0,3
2017-06-04,15:28:23,0,0,3
2017-06-04,15:28:24,0,0,3
2017-06-04,15:28:25,0,0,3
2017-06-04,15:28:26,0,0,3
2017-06-04,15:28:27,0,0,3
2017-06-04,15:28:28,0,0,3
2017-06-04,15:28:29,0,0,3
2017-06-04,15:28:30,0,0,3
2017-06-04,15:28:31,0,0,4
2017-06-04,15:28:32,0,0,4
2017-06-04,15:28:33,0,0,4
2017-06-04,15:28:34,0,0,4
2017-06-04,15:28:35,0,0,4
2017-06-04,15:28:36,0,0,4
2017-06-04,15:28:37,0,0,4
2017-06-04,15:28:38,0,0,4
2017-06-04,15:28:39,0,0,4
2017-06-04,15:28:40,0,0,4
2017-06-04,15:28:41,0,0,4
2017-06-04,15:28:42,0,0,4
2017-06-04,15:28:43,0,0,4
2017-06-04,15:28:44,0,0,4
2017-06-04,15:28:45,0,0,4
2017-06-04,15:28:46,0,0,4
2017-06-04,15:28:47,0,0,4
2017-06-04,15:28:48,0,0,4
2017-06-04,15:28:49,0,0,4
2017-06-04,15:28:50,0,0,4
2017-06-04,15:28:51,0,0,4
2017-06-04,15:28:52,0,0,4
2017-06-04,15:28:53,0,0,4
2017-06-04,15:28:54,0,0,4
2017-06-04,15:28:55,0,0,4
2017-06-04,15:28:56,0,0,4
2017-06-04,15:28:57,0,0,4
2017-06-04,15:28:58,0,0,4
2017-06-04,15:28:59,0,0,4
2017-06-04,15:29:00,0,0,4
2017-06-04,15:29:01,0,0,4
2017-06-04,15:29:02,0,0,4
2017-06-04,15:29:03,0,0,4
2017-06-04,15:29:04,0,0,4
2017-06-04,15:29:05,0,0,4
2017-06-04,15:29:06,0,0,4
2017-06-04,15:29:07,0,0,4
2017-06-04,15:29:08,0,0,4
2017-06-04,15:29:09,0,0,4
2017-06-04,15:29:10,0,0,4
2017-06-04,15:29:11,0,0,4
2017-06-04,15:29:12,0,0,4
2017-06-04,15:29:13,0,0,4
2017-06-04,15:29:14,0,0,4
2017-06-04,15:29:15,0,0,4
2017-06-04,15:29:16,0,0,4
2017-06-04,15:29:17,0,0,4
2017-06-04,15:29:18,0,0,4
2017-06-04,15:29:19,0,0,4
2017-06-04,15:29:20,0,0,4
2017-06-04,15:29:21,0,0,4
2017-06-04,15:29:22,0,0,4
2017-06-04,15:29:23,0,0,4
2017-06-04,15:29:24,0,0,4
2017-06-04,15:29:25,0,0,4
2017-06-04,15:29:26,0,0,4
2017-06-04,15:29:27,0,0,4
2017-06-04,15:29:28,0,0,4
2017-06-04,15:29:29,0,0,4
2017-06-04,15:29:30,0,0,4
2017-06-04,15:29:31,0,0,5
2017-06-04,15:29:32,0,0,5
2017-06-04,15:29:33,0,0,5
2017-06-04,15:29:34,0,0,5
2017-06-04,15:29:35,0,0,5
2017-06-04,15:29:36,0,0,5
2017-06-04,15:29:37,0,0,5
2017-06-04,15:29:38,0,0,5
2017-06-04,15:29:39,0,0,5
2017-06-04,15:29:40,0,0,5
2017-06-04,15:29:41,0,0,5
2017-06-04,15:29:42,0,0,5
2017-06-04,15:29:43,0,0,5
2017-06-04,15:29:44,0,0,5
2017-06-04,15:29:45,0,0,5
2017-06-04,15:29:46,0,0,5
2017-06-04,15:29:47,0,0,5
2017-06-04,15:29:48,0,0,5
2017-06-04,15:29:49,0,0,5
2017-06-04,15:29:50,0,0,5
2017-06-04,15:29:51,0,0,5
2017-06-04,15:29:52,0,0,5
2017-06-04,15:29:53,0,0,5
2017-06-04,15:29:54,0,0,5
2017-06-04,15:29:55,0,0,5
2017-06-04,15:29:56,0,0,5
2017-06-04,15:29:57,0,0,5
2017-06-04,15:29:58,0,0,5
2017-06-04,15:29:59,0,0,5
2017-06-04,15:30:00,0,0,5
2017-06-04,15:30:01,0,0,5
2017-06-04,15:30:02,0,0,5
2017-06-04,15:30:03,0,0,5
2017-06-04,15:30:04,0,0,5
2017-06-04,15:30:05,0,0,5
2017-06-04,15:30:06,0,0,5
2017-06-04,15:30:07,0,0,5
2017-06-04,15:30:08,0,0,5
2017-06-04,15:30:09,0,0,5
2017-06-04,15:30:10,0,0,5
2017-06-04,15:30:11,0,0,5
2017-06-04,15:30:12,0,0,5
2017-06-04,15:30:13,0,0,5
2017-06-04,15:30:14,0,0,5
2017-06-04,15:30:15,0,0,5
2017-06-04,15:30:16,0,0,5
2017-06-04,15:30:17,0,0,5
2017-06-04,15:30:18,0,0,5
2017-06-04,15:30:19,0,0,5
2017-06-04,15:30:20,0,0,5
2017-06-04,15:30:21,0,0,5
2017-06-04,15:30:22,0,0,5
2017-06-04,15:30:23,0,0,5
2017-06-04,15:30:24,0,0,5
2017-06-04,15:30:25,0,0,5
2017-06-04,15:30:26,0,0,5
2017-06-04,15:30:27,0,0,5
2017-06-04,15:30:28,0,0,5
2017-06-04,15:30:29,0,0,5
2017-06-04,15:30:30,0,0,5
2017-06-04,15:30:31,0,0,6
2017-06-04,15:30:32,0,0,6
2017-06-04,15:30:33,0,0,6
2017-06-04,15:30:34,0,0,6
2017-06-04,15:30:35,0,0,6
2017-06-04,15:30:36,0,1,7
2017-06-04,15:30:37,0,0,7
2017-06-04,15:30:38,0,0,7
2017-06-04,15:30:39,0,0,7
2017-06-04,15:30:40,0,0,7
2017-06-04,15:30:41,0,0,7
2017-06-04,15:30:42,0,0,7
2017-06-04,15:30:43,0,0,7
2017-06-04,15:30:44,2016,0,7
2017-06-04,15:30:45,1912,0,7
2017-06-04,15:30:46,0,0,7
2017-06-04,15:30:47,0,0,7
2017-06-04,15:30:48,0,0,7
2017-06-04,15:30:49,2121,0,7
2017-06-04,15:30:50,3375,0,7
2017-06-04,15:30:51,3292,0,7
2017-06-04,15:30:52,3232,0,7
2017-06-04,15:30:53,1958,0,7
2017-06-04,15:30:54,0,0,7
2017-06-04,15:30:55,0,0,7
2017-06-04,15:30:56,0,0,7
2017-06-04,15:30:57,0,0,7
2017-06-04,15:30:58,1089,0,7
2017-06-04,15:30:59,1041,0,7
2017-06-04,15:31:00,0,0,7
2017-06-04,15:31:01,0,0,7
2017-06-04,15:31:02,0,0,7
2017-06-04,15:31:03,0,0,7
2017-06-04,15:31:04,1051,0,7
2017-06-04,15:31:05,0,0,7
2017-06-04,15:31:06,0,0,7
2017-06-04,15:31:07,0,0,7
2017-06-04,15:31:08,0,0,7
2017-06-04,15:31:09,0,0,7
2017-06-04,15:31:10,0,0,7
2017-06-04,15:31:11,0,0,7
2017-06-04,15:31:12,2778,0,7
2017-06-04,15:31:13,2605,0,7
2017-06-04,15:31:14,3067,0,7
2017-06-04,15:31:15,3203,0,7
2017-06-04,15:31:16,1967,0,7
2017-06-04,15:31:17,0,0,7
2017-06-04,15:31:18,0,0,7
2017-06-04,15:31:19,0,0,7
2017-06-04,15:31:20,0,0,7
2017-06-04,15:31:21,0,0,7
2017-06-04,15:31:22,0,0,7
2017-06-04,15:31:23,0,0,7
2017-06-04,15:31:24,0,0,7
2017-06-04,15:31:25,0,0,7
2017-06-04,15:31:26,0,0,7
2017-06-04,15:31:27,0,0,7
2017-06-04,15:31:28,0,0,7
2017-06-04,15:31:29,0,0,7
2017-06-04,15:31:30,0,0,7
2017-06-04,15:31:31,0,0,7
2017-06-04,15:31:32,0,0,7
2017-06-04,15:31:33,0,0,7
2017-06-04,15:31:34,0,0,7
2017-06-04,15:31:35,0,0,7
2017-06-04,15:31:36,0,0,7
2017-06-04,15:31:37,0,0,7
2017-06-04,15:31:38,0,0,7
2017-06-04,15:31:39,0,0,7
2017-06-04,15:31:40,0,0,7
2017-06-04,15:31:41,0,0,7
2017-06-04,15:31:42,0,0,7
2017-06-04,15:31:43,0,0,7
2017-06-04,15:31:44,0,0,7
2017-06-04,15:31:45,0,0,7
2017-06-04,15:31:46,0,0,7
2017-06-04,15:31:47,1121,0,7
2017-06-04,15:31:48,0,0,7
2017-06-04,15:31:49,0,0,7
2017-06-04,15:31:50,0,0,7
2017-06-04,15:31:51,0,0,7
2017-06-04,15:31:52,1303,0,7
2017-06-04,15:31:53,1139,0,7
2017-06-04,15:31:54,1286,0,7
2017-06-04,15:31:55,0,0,7
2017-06-04,15:31:56,1374,0,7
2017-06-04,15:31:57,1456,0,7
2017-06-04,15:31:58,1101,0,7
2017-06-04,15:31:59,0,0,7
2017-06-04,15:32:00,0,0,7
2017-06-04,15:32:01,1046,0,7
2017-06-04,15:32:02,1169,0,7
2017-06-04,15:32:03,1198,0,7
2017-06-04,15:32:04,1016,0,7
2017-06-04,15:32:05,1595,0,7
2017-06-04,15:32:06,1786,0,3
2017-06-04,15:32:07,1217,0,3
2017-06-04,15:32:08,0,0,3
2017-06-04,15:32:09,0,0,3
2017-06-04,15:32:10,0,0,3
2017-06-04,15:32:11,0,0,3
2017-06-04,15:32:12,0,0,3
2017-06-04,15:32:13,1287,0,3
2017-06-04,15:32:14,1844,0,3
2017-06-04,15:32:15,2031,0,3
2017-06-04,15:32:16,1929,0,3
2017-06-04,15:32:17,1838,0,3
2017-06-04,15:32:18,1707,0,3
2017-06-04,15:32:19,1522,0,3
2017-06-04,15:32:20,1484,0,3
2017-06-04,15:32:21,0,0,3
2017-06-04,15:32:22,0,0,3
2017-06-04,15:32:23,0,0,3
2017-06-04,15:32:24,0,0,3
2017-06-04,15:32:25,0,0,3
2017-06-04,15:32:26,0,0,3
2017-06-04,15:32:27,0,0,3
2017-06-04,15:32:28,0,0,3
2017-06-04,15:32:29,0,0,3
2017-06-04,15:32:30,0,0,3
2017-06-04,15:32:31,0,0,3
2017-06-04,15:32:32,0,0,3
2017-06-04,15:32:33,0,0,3
2017-06-04,15:32:34,0,0,3
2017-06-04,15:32:35,0,0,3
2017-06-04,15:32:36,0,0,3
2017-06-04,15:32:37,0,0,3
2017-06-04,15:32:38,0,0,3
2017-06-04,15:32:39,0,0,3
2017-06-04,15:32:40,0,0,3
2017-06-04,15:32:41,0,0,3
2017-06-04,15:32:42,0,0,3
2017-06-04,15:32:43,0,0,3
2017-06-04,15:32:44,0,0,3
2017-06-04,15:32:45,0,0,3
2017-06-04,15:32:46,3049,0,3
2017-06-04,15:32:47,1531,0,3
2017-06-04,15:32:48,1638,0,3
2017-06-04,15:32:49,4922,0,3
2017-06-04,15:32:50,2415,0,3
2017-06-04,15:32:51,2003,0,3
2017-06-04,15:32:52,2019,0,3
2017-06-04,15:32:53,3377,0,3
2017-06-04,15:32:54,5316,0,3
2017-06-04,15:32:55,2183,0,3
2017-06-04,15:32:56,1652,0,3
2017-06-04,15:32:57,1546,0,3
2017-06-04,15:32:58,1860,0,3
2017-06-04,15:32:59,2488,0,3
2017-06-04,15:33:00,3135,0,3
2017-06-04,15:33:01,4622,0,3
2017-06-04,15:33:02,4257,0,3
2017-06-04,15:33:03,1969,0,3
2017-06-04,15:33:04,1518,0,3
2017-06-04,15:33:05,1374,0,3
2017-06-04,15:33:06,0,0,3
2017-06-04,15:33:07,0,0,3
2017-06-04,15:33:08,0,0,3
2017-06-04,15:33:09,0,0,3
2017-06-04,15:33:10,0,0,3
2017-06-04,15:33:11,0,0,3
2017-06-04,15:33:12,1256,0,3
2017-06-04,15:33:13,1763,0,3
2017-06-04,15:33:14,3719,0,3
2017-06-04,15:33:15,5423,0,3
2017-06-04,15:33:16,2258,0,3
2017-06-04,15:33:17,2980,0,3
2017-06-04,15:33:18,3580,0,3
2017-06-04,15:33:19,3167,0,3
2017-06-04,15:33:20,3835,0,3
2017-06-04,15:33:21,3056,0,3
2017-06-04,15:33:22,1733,0,3
2017-06-04,15:33:23,1514,0,3
2017-06-04,15:33:24,1354,0,3
2017-06-04,15:33:25,1331,0,3
2017-06-04,15:33:26,1494,0,3
2017-06-04,15:33:27,2055,0,3
2017-06-04,15:33:28,1538,0,3
2017-06-04,15:33:29,1521,0,3
2017-06-04,15:33:30,1404,0,3
2017-06-04,15:33:31,2956,0,3
2017-06-04,15:33:32,1492,0,3
2017-06-04,15:33:33,1045,0,3
2017-06-04,15:33:34,0,0,3
2017-06-04,15:33:35,1196,0,3
2017-06-04,15:33:36,2812,0,3
2017-06-04,15:33:37,2475,0,3
2017-06-04,15:33:38,1330,0,3
2017-06-04,15:33:39,1482,0,3
2017-06-04,15:33:40,1564,0,3
2017-06-04,15:33:41,1612,0,3
2017-06-04,15:33:42,1472,0,3
2017-06-04,15:33:43,1237,0,3
2017-06-04,15:33:44,1189,0,3
2017-06-04,15:33:45,1192,0,3
2017-06-04,15:33:46,1504,0,3
2017-06-04,15:33:47,2551,0,3
2017-06-04,15:33:48,2727,0,5
2017-06-04,15:33:49,2096,0,5
2017-06-04,15:33:50,0,0,5
2017-06-04,15:33:51,1194,0,5
2017-06-04,15:33:52,1350,0,5
2017-06-04,15:33:53,1342,0,5
2017-06-04,15:33:54,1784,0,5
2017-06-04,15:33:55,1510,0,5
2017-06-04,15:33:56,1169,0,5
2017-06-04,15:33:57,1206,0,5
2017-06-04,15:33:58,1633,0,5
2017-06-04,15:33:59,1711,0,5
2017-06-04,15:34:00,1563,0,5
2017-06-04,15:34:01,2083,0,5
2017-06-04,15:34:02,2156,0,5
2017-06-04,15:34:03,2469,0,5
2017-06-04,15:34:04,4302,0,5
2017-06-04,15:34:05,3923,0,5
2017-06-04,15:34:06,4917,0,5
2017-06-04,15:34:07,4052,0,5
2017-06-04,15:34:08,4178,0,5
2017-06-04,15:34:09,4537,0,5
2017-06-04,15:34:10,2795,0,5
2017-06-04,15:34:11,2092,0,5
2017-06-04,15:34:12,1855,0,5
2017-06-04,15:34:13,2595,0,5
2017-06-04,15:34:14,3264,0,5
2017-06-04,15:34:15,1733,0,5
2017-06-04,15:34:16,1405,0,5
2017-06-04,15:34:17,1825,0,5
2017-06-04,15:34:18,3360,0,5
2017-06-04,15:34:19,4282,0,5
2017-06-04,15:34:20,5183,1,6
2017-06-04,15:34:21,3563,0,6
2017-06-04,15:34:22,2689,0,6
2017-06-04,15:34:23,2923,0,6
2017-06-04,15:34:24,2744,0,6
2017-06-04,15:34:25,2311,0,6
2017-06-04,15:34:26,3151,0,6
2017-06-04,15:34:27,2888,0,6
2017-06-04,15:34:28,2747,0,6
2017-06-04,15:34:29,2335,0,6
2017-06-04,15:34:30,2258,0,6
2017-06-04,15:34:31,2793,0,6
2017-06-04,15:34:32,3468,0,6
2017-06-04,15:34:33,2942,0,6
2017-06-04,15:34:34,3445,0,6
2017-06-04,15:34:35,6526,0,6
2017-06-04,15:34:36,5441,0,6
2017-06-04,15:34:37,6876,0,6
2017-06-04,15:34:38,5807,0,6
2017-06-04,15:34:39,6441,0,6
2017-06-04,15:34:40,6167,0,6
2017-06-04,15:34:41,4516,0,6
2017-06-04,15:34:42,3800,0,6
2017-06-04,15:34:43,3761,0,6
2017-06-04,15:34:44,3597,0,6
2017-06-04,15:34:45,3946,0,6
2017-06-04,15:34:46,3361,0,6
2017-06-04,15:34:47,4427,0,6
2017-06-04,15:34:48,3377,0,6
2017-06-04,15:34:49,3878,0,6
2017-06-04,15:34:50,3771,0,6
2017-06-04,15:34:51,3335,0,6
2017-06-04,15:34:52,3892,0,6
2017-06-04,15:34:53,2713,0,6
2017-06-04,15:34:54,2686,0,6
2017-06-04,15:34:55,2147,0,6
2017-06-04,15:34:56,1199,0,6
2017-06-04,15:34:57,2707,0,6
2017-06-04,15:34:58,2948,0,6
2017-06-04,15:34:59,2701,0,6
2017-06-04,15:35:00,1481,0,6
2017-06-04,15:35:01,1936,0,6
2017-06-04,15:35:02,2482,0,6
2017-06-04,15:35:03,2792,0,6
2017-06-04,15:35:04,1272,0,6
2017-06-04,15:35:05,1214,0,6
2017-06-04,15:35:06,1750,0,6
2017-06-04,15:35:07,1639,0,6
2017-06-04,15:35:08,1708,0,6
2017-06-04,15:35:09,2258,0,6
2017-06-04,15:35:10,1790,0,6
2017-06-04,15:35:11,3236,0,6
2017-06-04,15:35:12,3080,0,6
2017-06-04,15:35:13,2314,0,6
2017-06-04,15:35:14,2297,0,6
2017-06-04,15:35:15,2503,0,6
2017-06-04,15:35:16,3614,0,6
2017-06-04,15:35:17,3121,0,6
2017-06-04,15:35:18,0,0,6
2017-06-04,15:35:19,1358,0,6
2017-06-04,15:35:20,1736,0,6
2017-06-04,15:35:21,2390,0,6
2017-06-04,15:35:22,2361,0,6
2017-06-04,15:35:23,3077,0,6
2017-06-04,15:35:24,4402,0,6
2017-06-04,15:35:25,4569,0,6
2017-06-04,15:35:26,4558,0,6
2017-06-04,15:35:27,4168,0,6
2017-06-04,15:35:28,4111,0,6
2017-06-04,15:35:29,2330,0,6
2017-06-04,15:35:30,2803,0,6
2017-06-04,15:35:31,4101,0,6
2017-06-04,15:35:32,2586,0,6
2017-06-04,15:35:33,1723,0,6
2017-06-04,15:35:34,1115,0,6
2017-06-04,15:35:35,1066,0,6
2017-06-04,15:35:36,0,0,6
2017-06-04,15:35:37,1074,0,6
2017-06-04,15:35:38,0,0,6
2017-06-04,15:35:39,0,0,6
2017-06-04,15:35:40,0,0,6
2017-06-04,15:35:41,0,0,6
2017-06-04,15:35:42,0,0,6
2017-06-04,15:35:43,0,0,6
2017-06-04,15:35:44,1242,0,6
2017-06-04,15:35:45,0,0,7
2017-06-04,15:35:46,0,0,7
2017-06-04,15:35:47,0,0,7
2017-06-04,15:35:48,0,0,7
2017-06-04,15:35:49,1108,0,7
2017-06-04,15:35:50,1409,0,7
2017-06-04,15:35:51,1934,0,7
2017-06-04,15:35:52,1918,0,7
2017-06-04,15:35:53,1458,0,7
2017-06-04,15:35:54,1347,0,7
2017-06-04,15:35:55,2673,0,7
2017-06-04,15:35:56,2758,0,7
2017-06-04,15:35:57,2073,0,7
2017-06-04,15:35:58,2760,0,7
2017-06-04,15:35:59,2810,0,7
2017-06-04,15:36:00,3796,0,7
2017-06-04,15:36:01,4093,0,7
2017-06-04,15:36:02,3790,0,7
2017-06-04,15:36:03,3681,0,7
2017-06-04,15:36:04,3370,0,7
2017-06-04,15:36:05,2964,0,7
2017-06-04,15:36:06,2732,0,7
2017-06-04,15:36:07,2057,0,7
2017-06-04,15:36:08,2551,0,7
2017-06-04,15:36:09,2314,0,7
2017-06-04,15:36:10,2626,0,7
2017-06-04,15:36:11,2020,0,7
2017-06-04,15:36:12,2246,0,7
2017-06-04,15:36:13,2641,0,7
2017-06-04,15:36:14,3042,0,7
2017-06-04,15:36:15,3393,0,7
2017-06-04,15:36:16,2569,0,7
2017-06-04,15:36:17,3340,0,7
2017-06-04,15:36:18,3132,0,7
2017-06-04,15:36:19,3473,0,7
2017-06-04,15:36:20,3064,0,7
2017-06-04,15:36:21,3151,0,7
2017-06-04,15:36:22,3356,0,7
2017-06-04,15:36:23,2772,0,7
2017-06-04,15:36:24,3882,0,7
2017-06-04,15:36:25,6179,0,7
2017-06-04,15:36:26,6021,0,7
2017-06-04,15:36:27,4165,0,7
2017-06-04,15:36:28,2450,0,7
2017-06-04,15:36:29,2402,0,7
2017-06-04,15:36:30,2673,0,7
2017-06-04,15:36:31,2267,0,7
2017-06-04,15:36:32,2230,0,7
2017-06-04,15:36:33,1460,0,7
2017-06-04,15:36:34,0,0,7
2017-06-04,15:36:35,0,0,7
2017-06-04,15:36:36,0,0,7
2017-06-04,15:36:37,0,0,7
2017-06-04,15:36:38,0,0,7
2017-06-04,15:36:39,0,0,7
2017-06-04,15:36:40,0,0,7
2017-06-04,15:36:41,0,0,7
2017-06-04,15:36:42,0,0,7
2017-06-04,15:36:43,1053,0,7
2017-06-04,15:36:44,0,0,7
2017-06-04,15:36:45,2316,0,7
2017-06-04,15:36:46,3541,0,1
2017-06-04,15:36:47,0,0,1
2017-06-04,15:36:48,0,0,1
2017-06-04,15:36:49,0,0,1
2017-06-04,15:36:50,0,0,1
2017-06-04,15:36:51,0,0,1
2017-06-04,15:36:52,0,0,1
2017-06-04,15:36:53,0,0,1
2017-06-04,15:36:54,0,0,1
2017-06-04,15:36:55,0,0,1
2017-06-04,15:36:56,0,0,1
2017-06-04,15:36:57,0,0,1
2017-06-04,15:36:58,0,0,1
2017-06-04,15:36:59,0,0,1
2017-06-04,15:37:00,0,0,1
2017-06-04,15:37:01,0,0,1
2017-06-04,15:37:02,0,0,1
2017-06-04,15:37:03,0,0,1
2017-06-04,15:37:04,1988,0,1
2017-06-04,15:37:05,3500,0,1
2017-06-04,15:37:06,3696,0,1
2017-06-04,15:37:07,2776,0,1
2017-06-04,15:37:08,1018,0,1
2017-06-04,15:37:09,0,0,1
2017-06-04,15:37:10,3942,0,1
2017-06-04,15:37:11,3338,0,1
2017-06-04,15:37:12,2779,0,1
2017-06-04,15:37:13,3266,0,1
2017-06-04,15:37:14,3297,0,1
2017-06-04,15:37:15,2384,0,1
2017-06-04,15:37:16,2277,0,1
2017-06-04,15:37:17,2160,0,1
2017-06-04,15:37:18,2188,0,1
2017-06-04,15:37:19,2203,0,1
2017-06-04,15:37:20,2136,0,1
2017-06-04,15:37:21,0,0,1
2017-06-04,15:37:22,0,0,1
2017-06-04,15:37:23,0,0,1
2017-06-04,15:37:24,0,0,1
2017-06-04,15:37:25,0,0,1
2017-06-04,15:37:26,0,0,1
2017-06-04,15:37:27,0,0,1
2017-06-04,15:37:28,0,0,1
2017-06-04,15:37:29,0,0,1
2017-06-04,15:37:30,0,0,1
2017-06-04,15:37:31,0,0,1
2017-06-04,15:37:32,0,0,1
2017-06-04,15:37:33,0,0,1
2017-06-04,15:37:34,0,0,1
2017-06-04,15:37:35,0,0,1
2017-06-04,15:37:36,0,0,1
2017-06-04,15:37:37,0,0,1
2017-06-04,15:37:38,0,0,1
2017-06-04,15:37:39,0,0,1
2017-06-04,15:37:40,0,0,1
2017-06-04,15:37:41,0,0,1
2017-06-04,15:37:42,0,0,1
2017-06-04,15:37:43,0,0,1
2017-06-04,15:37:44,0,0,1
2017-06-04,15:37:45,0,0,1
2017-06-04,15:37:46,0,0,1
2017-06-04,15:37:47,0,0,1
2017-06-04,15:37:48,0,0,1
2017-06-04,15:37:49,0,0,1
2017-06-04,15:37:50,0,0,1
2017-06-04,15:37:51,0,0,1
2017-06-04,15:37:52,1124,0,1
2017-06-04,15:37:53,1011,0,1
2017-06-04,15:37:54,1341,0,1
2017-06-04,15:37:55,1450,0,1
2017-06-04,15:37:56,0,0,1
2017-06-04,15:37:57,0,0,1
2017-06-04,15:37:58,0,0,1
2017-06-04,15:37:59,0,0,1
2017-06-04,15:38:00,0,0,1
2017-06-04,15:38:01,0,0,1
2017-06-04,15:38:02,0,0,1
2017-06-04,15:38:03,0,0,1
2017-06-04,15:38:04,0,0,1
2017-06-04,15:38:05,0,0,1
2017-06-04,15:38:06,0,0,1
2017-06-04,15:38:07,0,0,1
2017-06-04,15:38:08,0,0,1
2017-06-04,15:38:09,0,0,1
2017-06-04,15:38:10,0,0,1
2017-06-04,15:38:11,1250,0,3
2017-06-04,15:38:12,1012,0,3
2017-06-04,15:38:13,0,0,3
2017-06-04,15:38:14,0,0,3
2017-06-04,15:38:15,0,0,3
2017-06-04,15:38:16,0,0,3
2017-06-04,15:38:17,0,0,3
2017-06-04,15:38:18,0,0,3
2017-06-04,15:38:19,0,0,3
2017-06-04,15:38:20,0,0,3
2017-06-04,15:38:21,0,0,3
2017-06-04,15:38:22,0,0,3
2017-06-04,15:38:23,0,0,3
2017-06-04,15:38:24,0,0,3
2017-06-04,15:38:25,1105,0,3
2017-06-04,15:38:26,1275,0,3
2017-06-04,15:38:27,0,0,3
2017-06-04,15:38:28,0,0,3
2017-06-04,15:38:29,0,0,3
2017-06-04,15:38:30,0,0,3
2017-06-04,15:38:31,2073,0,3
2017-06-04,15:38:32,1840,0,3
2017-06-04,15:38:33,0,0,3
2017-06-04,15:38:34,1215,0,3
2017-06-04,15:38:35,1416,0,3
2017-06-04,15:38:36,1381,0,3
2017-06-04,15:38:37,1285,0,3
2017-06-04,15:38:38,1500,0,3
2017-06-04,15:38:39,1088,0,3
2017-06-04,15:38:40,2136,0,3
2017-06-04,15:38:41,2138,1,8
2017-06-04,15:38:42,1345,0,8
2017-06-04,15:38:43,2740,0,8
2017-06-04,15:38:44,2687,0,8
2017-06-04,15:38:45,2972,0,8
2017-06-04,15:38:46,2916,0,8
2017-06-04,15:38:47,2807,0,8
2017-06-04,15:38:48,2360,0,8
2017-06-04,15:38:49,1985,0,8
2017-06-04,15:38:50,2576,0,8
2017-06-04,15:38:51,2979,0,8
2017-06-04,15:38:52,3020,0,8
2017-06-04,15:38:53,2293,0,8
2017-06-04,15:38:54,2440,0,8
2017-06-04,15:38:55,1922,0,8
2017-06-04,15:38:56,2142,0,8
2017-06-04,15:38:57,2233,0,8
2017-06-04,15:38:58,1863,0,8
2017-06-04,15:38:59,1511,0,8
2017-06-04,15:39:00,1446,0,8
2017-06-04,15:39:01,1459,0,8
2017-06-04,15:39:02,0,0,8
2017-06-04,15:39:03,1233,0,8
2017-06-04,15:39:04,1314,0,8
2017-06-04,15:39:05,1736,0,8
2017-06-04,15:39:06,1702,0,8
2017-06-04,15:39:07,2013,0,8
2017-06-04,15:39:08,1982,0,8
2017-06-04,15:39:09,2212,0,8
2017-06-04,15:39:10,2244,0,8
2017-06-04,15:39:11,2368,0,8
2017-06-04,15:39:12,2684,0,8
2017-06-04,15:39:13,2157,0,8
2017-06-04,15:39:14,2542,0,8
2017-06-04,15:39:15,2295,0,8
2017-06-04,15:39:16,0,0,8
2017-06-04,15:39:17,1373,0,8
2017-06-04,15:39:18,1955,0,8
2017-06-04,15:39:19,2479,0,8
2017-06-04,15:39:20,0,0,8
2017-06-04,15:39:21,0,0,8
2017-06-04,15:39:22,0,0,8
2017-06-04,15:39:23,0,0,8
2017-06-04,15:39:24,0,0,8
2017-06-04,15:39:25,1514,0,8
2017-06-04,15:39:26,1548,0,8
2017-06-04,15:39:27,1890,1,1
2017-06-04,15:39:28,1550,0,1
2017-06-04,15:39:29,0,0,1
2017-06-04,15:39:30,0,0,1
2017-06-04,15:39:31,0,0,1
2017-06-04,15:39:32,0,0,1
2017-06-04,15:39:33,0,0,1
2017-06-04,15:39:34,0,0,1
2017-06-04,15:39:35,0,0,1
2017-06-04,15:39:36,0,0,1
2017-06-04,15:39:37,0,0,1
2017-06-04,15:39:38,0,0,1
2017-06-04,15:39:39,0,0,1
2017-06-04,15:39:40,0,0,1
2017-06-04,15:39:41,0,0,1
2017-06-04,15:39:42,1700,0,1
2017-06-04,15:39:43,1765,1,8
2017-06-04,15:39:44,0,0,8
2017-06-04,15:39:45,2208,0,8
2017-06-04,15:39:46,2119,0,8
2017-06-04,15:39:47,2664,0,8
2017-06-04,15:39:48,2253,0,8
2017-06-04,15:39:49,2502,0,8
2017-06-04,15:39:50,2111,0,8
2017-06-04,15:39:51,2019,0,8
2017-06-04,15:39:52,2449,0,8
2017-06-04,15:39:53,2305,0,8
2017-06-04,15:39:54,2204,0,8
2017-06-04,15:39:55,1575,0,8
2017-06-04,15:39:56,1708,0,8
2017-06-04,15:39:57,1667,0,8
2017-06-04,15:39:58,1600,0,8
2017-06-04,15:39:59,1782,0,8
2017-06-04,15:40:00,2313,0,8
2017-06-04,15:40:01,2489,0,8
2017-06-04,15:40:02,1399,0,8
2017-06-04,15:40:03,2277,0,8
2017-06-04,15:40:04,2017,0,8
2017-06-04,15:40:05,1273,0,8
2017-06-04,15:40:06,2079,0,8
2017-06-04,15:40:07,2164,0,8
2017-06-04,15:40:08,2253,0,8
2017-06-04,15:40:09,2190,0,8
2017-06-04,15:40:10,1955,0,8
2017-06-04,15:40:11,1209,0,8
2017-06-04,15:40:12,1208,0,8
2017-06-04,15:40:13,2664,0,8
2017-06-04,15:40:14,3127,1,8
2017-06-04,15:40:15,1529,0,8
2017-06-04,15:40:16,1104,0,8
2017-06-04,15:40:17,1286,0,8
2017-06-04,15:40:18,1120,0,8
2017-06-04,15:40:19,1493,0,8
2017-06-04,15:40:20,1766,0,8
2017-06-04,15:40:21,1296,0,8
2017-06-04,15:40:22,1494,0,8
2017-06-04,15:40:23,1951,1,1
2017-06-04,15:40:24,2291,0,1
2017-06-04,15:40:25,2034,0,1
2017-06-04,15:40:26,1234,0,1
2017-06-04,15:40:27,0,0,1
2017-06-04,15:40:28,0,0,1
2017-06-04,15:40:29,0,0,1
2017-06-04,15:40:30,0,0,1
2017-06-04,15:40:31,0,0,1
2017-06-04,15:40:32,0,0,1
2017-06-04,15:40:33,1906,0,1
2017-06-04,15:40:34,2920,0,1
2017-06-04,15:40:35,2435,0,1
2017-06-04,15:40:36,1947,0,1
2017-06-04,15:40:37,2425,0,1
2017-06-04,15:40:38,2182,0,1
2017-06-04,15:40:39,2098,0,1
2017-06-04,15:40:40,1572,0,1
2017-06-04,15:40:41,1749,0,1
2017-06-04,15:40:42,2097,0,1
2017-06-04,15:40:43,3370,0,1
2017-06-04,15:40:44,2536,0,1
2017-06-04,15:40:45,2607,0,1
2017-06-04,15:40:46,3373,0,1
2017-06-04,15:40:47,3620,0,1
2017-06-04,15:40:48,3541,0,1
2017-06-04,15:40:49,2029,0,1
2017-06-04,15:40:50,2648,0,1
2017-06-04,15:40:51,3011,0,1
2017-06-04,15:40:52,3127,0,1
2017-06-04,15:40:53,3199,0,1
2017-06-04,15:40:54,3026,0,1
2017-06-04,15:40:55,2408,0,1
2017-06-04,15:40:56,2111,0,1
2017-06-04,15:40:57,1306,0,1
2017-06-04,15:40:58,0,0,1
2017-06-04,15:40:59,1623,1,3
2017-06-04,15:41:00,1342,0,3
2017-06-04,15:41:01,1936,0,3
2017-06-04,15:41:02,3185,0,3
2017-06-04,15:41:03,3335,0,3
2017-06-04,15:41:04,3347,0,3
2017-06-04,15:41:05,3053,0,3
2017-06-04,15:41:06,2979,0,3
2017-06-04,15:41:07,3046,0,3
2017-06-04,15:41:08,3108,0,3
2017-06-04,15:41:09,3790,0,3
2017-06-04,15:41:10,3050,0,3
2017-06-04,15:41:11,3046,0,3
2017-06-04,15:41:12,2638,0,3
2017-06-04,15:41:13,0,0,3
2017-06-04,15:41:14,0,0,3
2017-06-04,15:41:15,1091,0,3
2017-06-04,15:41:16,1029,0,3
2017-06-04,15:41:17,0,0,3
2017-06-04,15:41:18,1472,1,4
2017-06-04,15:41:19,1045,0,4
2017-06-04,15:41:20,1161,0,4
2017-06-04,15:41:21,2435,0,4
2017-06-04,15:41:22,2345,0,4
2017-06-04,15:41:23,0,0,4
2017-06-04,15:41:24,0,0,4
2017-06-04,15:41:25,1064,0,4
2017-06-04,15:41:26,1356,1,5
2017-06-04,15:41:27,0,0,5
2017-06-04,15:41:28,1891,0,5
2017-06-04,15:41:29,1514,0,5
2017-06-04,15:41:30,1916,0,5
2017-06-04,15:41:31,1567,0,5
2017-06-04,15:41:32,0,0,5
2017-06-04,15:41:33,0,0,5
2017-06-04,15:41:34,0,0,5
2017-06-04,15:41:35,0,0,5
2017-06-04,15:41:36,1403,0,5
2017-06-04,15:41:37,2080,0,5
2017-06-04,15:41:38,1297,1,8
2017-06-04,15:41:39,0,0,8
2017-06-04,15:41:40,0,0,8
2017-06-04,15:41:41,1115,0,8
2017-06-04,15:41:42,2679,0,8
2017-06-04,15:41:43,2655,1,6
2017-06-04,15:41:44,0,0,6
2017-06-04,15:41:45,0,0,6
2017-06-04,15:41:46,0,0,6
2017-06-04,15:41:47,0,0,6
2017-06-04,15:41:48,0,0,6
2017-06-04,15:41:49,0,0,6
2017-06-04,15:41:50,1392,0,6
2017-06-04,15:41:51,1758,0,6
2017-06-04,15:41:52,1818,0,6
2017-06-04,15:41:53,1535,0,6
2017-06-04,15:41:54,1882,0,6
2017-06-04,15:41:55,1657,0,6
2017-06-04,15:41:56,1667,0,6
2017-06-04,15:41:57,1927,0,6
2017-06-04,15:41:58,2193,0,6
2017-06-04,15:41:59,2014,0,6
2017-06-04,15:42:00,1750,1,2
2017-06-04,15:42:01,1320,0,2
2017-06-04,15:42:02,1562,0,2
2017-06-04,15:42:03,1993,0,2
2017-06-04,15:42:04,2401,0,2
2017-06-04,15:42:05,1568,0,2
2017-06-04,15:42:06,1384,0,2
2017-06-04,15:42:07,1920,0,2
2017-06-04,15:42:08,2310,0,2
2017-06-04,15:42:09,1881,0,2
2017-06-04,15:42:10,1465,0,2
2017-06-04,15:42:11,1655,0,2
2017-06-04,15:42:12,1575,1,1
2017-06-04,15:42:13,1428,0,1
2017-06-04,15:42:14,1391,0,1
2017-06-04,15:42:15,0,0,1
2017-06-04,15:42:16,0,0,1
2017-06-04,15:42:17,1004,0,1
2017-06-04,15:42:18,0,0,1
2017-06-04,15:42:19,0,0,1
2017-06-04,15:42:20,1429,0,1
2017-06-04,15:42:21,1577,0,1
2017-06-04,15:42:22,1442,0,1
2017-06-04,15:42:23,1435,0,1
2017-06-04,15:42:24,1961,0,1
2017-06-04,15:42:25,1916,0,1
2017-06-04,15:42:26,1404,0,1
2017-06-04,15:42:27,1100,1,7
2017-06-04,15:42:28,1143,0,7
2017-06-04,15:42:29,1188,0,7
2017-06-04,15:42:30,1379,0,7
2017-06-04,15:42:31,2146,0,7
2017-06-04,15:42:32,2319,0,7
2017-06-04,15:42:33,2606,0,7
2017-06-04,15:42:34,2486,0,7
2017-06-04,15:42:35,4042,0,7
2017-06-04,15:42:36,4038,0,7
2017-06-04,15:42:37,3478,0,7
2017-06-04,15:42:38,3488,0,7
2017-06-04,15:42:39,3053,0,7
2017-06-04,15:42:40,2446,0,7
2017-06-04,15:42:41,3206,0,7
2017-06-04,15:42:42,3165,0,7
2017-06-04,15:42:43,2681,0,7
2017-06-04,15:42:44,2964,0,7
2017-06-04,15:42:45,2919,0,7
2017-06-04,15:42:46,2745,0,7
2017-06-04,15:42:47,1780,0,7
2017-06-04,15:42:48,2604,0,7
2017-06-04,15:42:49,2898,0,7
2017-06-04,15:42:50,4185,0,7
2017-06-04,15:42:51,5715,0,7
2017-06-04,15:42:52,7970,0,7
2017-06-04,15:42:53,9240,0,7
2017-06-04,15:42:54,8662,0,7
2017-06-04,15:42:55,7644,0,7
2017-06-04,15:42:56,9492,0,7
2017-06-04,15:42:57,5264,0,7
2017-06-04,15:42:58,3841,0,7
2017-06-04,15:42:59,2389,0,7
2017-06-04,15:43:00,3665,1,1
2017-06-04,15:43:01,4129,0,1
2017-06-04,15:43:02,3884,0,1
2017-06-04,15:43:03,3771,0,1
2017-06-04,15:43:04,5772,0,1
2017-06-04,15:43:05,5485,0,1
2017-06-04,15:43:06,5576,0,1
2017-06-04,15:43:07,6095,0,1
2017-06-04,15:43:08,4941,0,1
2017-06-04,15:43:09,6464,0,1
2017-06-04,15:43:10,6442,0,1
2017-06-04,15:43:11,6053,0,1
2017-06-04,15:43:12,4857,0,1
2017-06-04,15:43:13,4041,0,1
2017-06-04,15:43:14,3794,0,1
2017-06-04,15:43:15,5116,0,1
2017-06-04,15:43:16,5698,0,1
2017-06-04,15:43:17,5367,0,1
2017-06-04,15:43:18,4117,0,1
2017-06-04,15:43:19,4343,0,1
2017-06-04,15:43:20,5807,1,7
2017-06-04,15:43:21,8465,0,7
2017-06-04,15:43:22,3362,0,7
2017-06-04,15:43:23,9505,0,7
2017-06-04,15:43:24,10957,0,7
2017-06-04,15:43:25,8020,1,5
2017-06-04,15:43:26,3281,0,5
2017-06-04,15:43:27,1640,0,5
2017-06-04,15:43:28,2916,0,5
2017-06-04,15:43:29,2674,0,5
2017-06-04,15:43:30,3280,0,5
2017-06-04,15:43:31,5094,0,5
2017-06-04,15:43:32,5747,0,5
2017-06-04,15:43:33,6255,0,5
2017-06-04,15:43:34,5199,0,5
2017-06-04,15:43:35,3746,0,5
2017-06-04,15:43:36,3637,0,5
2017-06-04,15:43:37,3798,0,5
2017-06-04,15:43:38,3832,0,5
2017-06-04,15:43:39,4163,0,5
2017-06-04,15:43:40,3587,1,8
2017-06-04,15:43:41,2767,0,8
2017-06-04,15:43:42,1173,0,8
2017-06-04,15:43:43,1989,0,8
2017-06-04,15:43:44,2455,0,8
2017-06-04,15:43:45,3798,1,2
2017-06-04,15:43:46,4471,0,2
2017-06-04,15:43:47,4143,0,2
2017-06-04,15:43:48,3317,0,2
2017-06-04,15:43:49,3234,0,2
2017-06-04,15:43:50,3985,0,2
2017-06-04,15:43:51,4421,1,3
2017-06-04,15:43:52,3545,0,3
2017-06-04,15:43:53,3751,0,3
2017-06-04,15:43:54,3711,0,3
2017-06-04,15:43:55,3882,1,4
2017-06-04,15:43:56,3855,0,4
2017-06-04,15:43:57,3922,0,4
2017-06-04,15:43:58,2550,0,4
2017-06-04,15:43:59,3435,0,4
2017-06-04,15:44:00,3887,0,4
2017-06-04,15:44:01,5094,1,6
2017-06-04,15:44:02,4187,0,6
2017-06-04,15:44:03,3713,0,6
2017-06-04,15:44:04,3730,0,6
2017-06-04,15:44:05,3783,0,6
2017-06-04,15:44:06,4425,0,6
2017-06-04,15:44:07,4868,1,1
2017-06-04,15:44:08,4172,0,1
2017-06-04,15:44:09,3043,0,1
2017-06-04,15:44:10,3409,0,1
2017-06-04,15:44:11,2418,0,1
2017-06-04,15:44:12,3533,0,1
2017-06-04,15:44:13,3187,0,1
2017-06-04,15:44:14,1573,0,1
2017-06-04,15:44:15,2709,0,1
2017-06-04,15:44:16,3145,0,1
2017-06-04,15:44:17,3562,0,1
2017-06-04,15:44:18,3446,0,1
2017-06-04,15:44:19,3157,0,1
2017-06-04,15:44:20,2965,0,1
2017-06-04,15:44:21,2976,0,1
2017-06-04,15:44:22,2628,0,1
2017-06-04,15:44:23,4429,0,1
2017-06-04,15:44:24,3062,0,1
2017-06-04,15:44:25,2073,0,1
2017-06-04,15:44:26,2111,0,1
2017-06-04,15:44:27,2335,0,1
2017-06-04,15:44:28,2682,0,1
2017-06-04,15:44:29,2748,0,1
2017-06-04,15:44:30,3583,0,1
2017-06-04,15:44:31,4156,0,1
2017-06-04,15:44:32,4430,0,1
2017-06-04,15:44:33,3992,0,1
2017-06-04,15:44:34,3459,0,1
2017-06-04,15:44:35,3610,0,1
2017-06-04,15:44:36,3756,0,1
2017-06-04,15:44:37,3616,0,1
2017-06-04,15:44:38,3938,0,1
2017-06-04,15:44:39,3571,0,1
2017-06-04,15:44:40,3297,0,1
2017-06-04,15:44:41,3400,0,1
2017-06-04,15:44:42,3740,0,1
2017-06-04,15:44:43,3573,0,1
2017-06-04,15:44:44,3509,0,1
2017-06-04,15:44:45,3207,0,1
2017-06-04,15:44:46,1408,0,1
2017-06-04,15:44:47,1688,0,1
2017-06-04,15:44:48,1218,0,1
2017-06-04,15:44:49,1276,0,1
2017-06-04,15:44:50,3390,0,1
2017-06-04,15:44:51,3138,0,1
2017-06-04,15:44:52,1674,0,1
2017-06-04,15:44:53,2798,0,1
2017-06-04,15:44:54,2888,0,1
2017-06-04,15:44:55,2713,0,1
2017-06-04,15:44:56,2346,0,1
2017-06-04,15:44:57,1589,0,1
2017-06-04,15:44:58,1568,0,1
2017-06-04,15:44:59,1662,0,1
2017-06-04,15:45:00,1530,0,1
2017-06-04,15:45:01,1474,0,1
2017-06-04,15:45:02,1666,0,1
2017-06-04,15:45:03,1645,0,1
2017-06-04,15:45:04,1628,0,1
2017-06-04,15:45:05,2040,0,1
2017-06-04,15:45:06,2245,0,1
2017-06-04,15:45:07,1364,0,1
2017-06-04,15:45:08,0,0,1
2017-06-04,15:45:09,0,0,1
2017-06-04,15:45:10,2368,0,1
2017-06-04,15:45:11,2874,0,1
2017-06-04,15:45:12,2576,0,1
2017-06-04,15:45:13,3303,0,1
2017-06-04,15:45:14,3490,0,1
2017-06-04,15:45:15,3061,0,1
2017-06-04,15:45:16,3050,0,1
2017-06-04,15:45:17,3646,0,1
2017-06-04,15:45:18,4488,0,1
2017-06-04,15:45:19,4259,0,1
2017-06-04,15:45:20,4032,0,1
2017-06-04,15:45:21,4236,0,1
2017-06-04,15:45:22,3429,0,1
2017-06-04,15:45:23,3421,0,1
2017-06-04,15:45:24,3805,0,1
2017-06-04,15:45:25,4197,0,1
2017-06-04,15:45:26,4370,0,1
2017-06-04,15:45:27,3507,0,1
2017-06-04,15:45:28,3798,0,1
2017-06-04,15:45:29,3738,0,1
2017-06-04,15:45:30,3780,0,1
2017-06-04,15:45:31,3711,0,1
2017-06-04,15:45:32,2989,0,1
2017-06-04,15:45:33,1305,0,1
2017-06-04,15:45:34,2084,0,1
2017-06-04,15:45:35,3864,0,1
2017-06-04,15:45:36,3374,0,1
2017-06-04,15:45:37,2959,0,1
2017-06-04,15:45:38,3434,0,1
2017-06-04,15:45:39,2802,0,1
2017-06-04,15:45:40,4659,0,1
2017-06-04,15:45:41,4770,0,1
2017-06-04,15:45:42,4392,0,1
2017-06-04,15:45:43,1687,0,1
2017-06-04,15:45:44,0,0,1
2017-06-04,15:45:45,0,0,1
2017-06-04,15:45:46,1061,0,1
2017-06-04,15:45:47,0,0,1
2017-06-04,15:45:48,0,0,1
2017-06-04,15:45:49,1010,0,1
2017-06-04,15:45:50,0,0,1
2017-06-04,15:45:51,0,0,1
2017-06-04,15:45:52,1396,0,1
2017-06-04,15:45:53,1544,0,1
2017-06-04,15:45:54,1524,0,1
2017-06-04,15:45:55,1089,0,1
2017-06-04,15:45:56,1402,0,1
2017-06-04,15:45:57,1737,0,1
2017-06-04,15:45:58,1953,0,1
2017-06-04,15:45:59,1951,0,1
2017-06-04,15:46:00,2456,0,1
2017-06-04,15:46:01,1858,0,1
2017-06-04,15:46:02,2279,0,1
2017-06-04,15:46:03,2299,0,1
2017-06-04,15:46:04,2390,0,1
2017-06-04,15:46:05,2819,0,1
2017-06-04,15:46:06,4160,0,1
2017-06-04,15:46:07,4365,0,1
2017-06-04,15:46:08,2725,0,1
2017-06-04,15:46:09,2962,0,1
2017-06-04,15:46:10,3415,0,1
2017-06-04,15:46:11,2872,0,1
2017-06-04,15:46:12,2516,0,1
2017-06-04,15:46:13,2558,0,1
2017-06-04,15:46:14,2627,0,1
2017-06-04,15:46:15,3906,0,1
2017-06-04,15:46:16,4297,0,1
2017-06-04,15:46:17,2482,0,1
2017-06-04,15:46:18,1948,0,1
2017-06-04,15:46:19,3135,0,1
2017-06-04,15:46:20,4389,0,1
2017-06-04,15:46:21,2026,0,1
2017-06-04,15:46:22,2094,0,1
2017-06-04,15:46:23,2959,0,1
2017-06-04,15:46:24,3027,0,1
2017-06-04,15:46:25,2978,0,1
2017-06-04,15:46:26,2436,0,1
2017-06-04,15:46:27,2081,0,1
2017-06-04,15:46:28,2838,0,1
2017-06-04,15:46:29,2903,0,1
2017-06-04,15:46:30,3170,0,1
2017-06-04,15:46:31,2974,0,1
2017-06-04,15:46:32,1993,0,1
2017-06-04,15:46:33,0,0,1
2017-06-04,15:46:34,2479,0,1
2017-06-04,15:46:35,3455,0,1
2017-06-04,15:46:36,2624,0,1
2017-06-04,15:46:37,2224,0,1
2017-06-04,15:46:38,2673,0,1
2017-06-04,15:46:39,2303,0,1
2017-06-04,15:46:40,1064,0,1
2017-06-04,15:46:41,0,0,1
2017-06-04,15:46:42,1101,0,1
2017-06-04,15:46:43,1088,0,1
2017-06-04,15:46:44,0,0,1
2017-06-04,15:46:45,0,0,1
2017-06-04,15:46:46,0,0,1
2017-06-04,15:46:47,0,0,1
2017-06-04,15:46:48,0,0,1
2017-06-04,15:46:49,0,0,1
2017-06-04,15:46:50,2532,0,1
2017-06-04,15:46:51,3816,0,1
2017-06-04,15:46:52,4120,0,1
2017-06-04,15:46:53,4023,0,1
2017-06-04,15:46:54,4552,0,1
2017-06-04,15:46:55,4234,0,1
2017-06-04,15:46:56,4005,0,1
2017-06-04,15:46:57,3559,0,1
2017-06-04,15:46:58,3771,0,1
2017-06-04,15:46:59,3842,0,1
2017-06-04,15:47:00,4194,0,1
2017-06-04,15:47:01,3845,0,1
2017-06-04,15:47:02,3850,0,1
2017-06-04,15:47:03,4057,0,1
2017-06-04,15:47:04,4027,0,1
2017-06-04,15:47:05,3862,0,1
2017-06-04,15:47:06,3044,0,1
2017-06-04,15:47:07,3025,0,1
2017-06-04,15:47:08,2929,0,1
2017-06-04,15:47:09,3128,0,1
2017-06-04,15:47:10,1376,0,1
2017-06-04,15:47:11,1302,0,1
2017-06-04,15:47:12,1741,0,1
2017-06-04,15:47:13,1572,0,1
2017-06-04,15:47:14,0,0,1
2017-06-04,15:47:15,0,0,1
2017-06-04,15:47:16,0,0,1
2017-06-04,15:47:17,0,0,1
2017-06-04,15:47:18,0,0,1
2017-06-04,15:47:19,0,0,1
2017-06-04,15:47:20,0,0,1
2017-06-04,15:47:21,1550,0,1
2017-06-04,15:47:22,2238,0,1
2017-06-04,15:47:23,2304,0,1
2017-06-04,15:47:24,1974,0,1
2017-06-04,15:47:25,0,0,1
2017-06-04,15:47:26,0,0,1
2017-06-04,15:47:27,0,0,1
2017-06-04,15:47:28,0,0,1
2017-06-04,15:47:29,0,0,1
2017-06-04,15:47:30,1413,0,1
2017-06-04,15:47:31,0,0,1
2017-06-04,15:47:32,0,0,1
2017-06-04,15:47:33,0,0,1
2017-06-04,15:47:34,0,0,1
2017-06-04,15:47:35,0,0,1
2017-06-04,15:47:36,0,0,1
2017-06-04,15:47:37,0,0,1
2017-06-04,15:47:38,1082,0,1
2017-06-04,15:47:39,0,0,1
2017-06-04,15:47:40,0,0,1
2017-06-04,15:47:41,1464,0,1
2017-06-04,15:47:42,1714,0,1
2017-06-04,15:47:43,1635,0,1
2017-06-04,15:47:44,1679,0,1
2017-06-04,15:47:45,0,0,1
2017-06-04,15:47:46,1124,0,1
2017-06-04,15:47:47,0,0,1
2017-06-04,15:47:48,0,0,1
2017-06-04,15:47:49,0,0,1
2017-06-04,15:47:50,0,0,1
2017-06-04,15:47:51,0,0,1
2017-06-04,15:47:52,0,0,1
2017-06-04,15:47:53,0,0,1
2017-06-04,15:47:54,0,0,1
2017-06-04,15:47:55,0,0,1
2017-06-04,15:47:56,0,0,1
2017-06-04,15:47:57,0,0,1
2017-06-04,15:47:58,0,0,1
2017-06-04,15:47:59,0,0,1
2017-06-04,15:48:00,0,0,1
2017-06-04,15:48:01,0,0,1
2017-06-04,15:48:02,0,0,1
2017-06-04,15:48:03,0,0,1
2017-06-04,15:48:04,0,0,1
2017-06-04,15:48:05,0,0,1
2017-06-04,15:48:06,0,0,1
2017-06-04,15:48:07,0,0,1
2017-06-04,15:48:08,0,0,1
2017-06-04,15:48:09,0,0,1
2017-06-04,15:48:10,0,0,1
2017-06-04,15:48:11,0,0,1
2017-06-04,15:48:12,0,0,1
2017-06-04,15:48:13,0,0,1
2017-06-04,15:48:14,0,0,1
2017-06-04,15:48:15,0,0,1
2017-06-04,15:48:16,0,0,1
2017-06-04,15:48:17,0,0,1
2017-06-04,15:48:18,0,0,1
2017-06-04,15:48:19,1545,0,1
2017-06-04,15:48:20,1325,0,1
2017-06-04,15:48:21,0,0,1
2017-06-04,15:48:22,0,0,1
2017-06-04,15:48:23,1430,0,1
2017-06-04,15:48:24,5950,0,1
2017-06-04,15:48:25,9220,0,1
2017-06-04,15:48:26,9092,0,1
2017-06-04,15:48:27,7959,0,1
2017-06-04,15:48:28,5481,0,1
2017-06-04,15:48:29,4833,0,1
2017-06-04,15:48:30,4568,0,1
2017-06-04,15:48:31,4451,0,1
2017-06-04,15:48:32,4072,0,1
2017-06-04,15:48:33,4103,0,1
2017-06-04,15:48:34,1997,0,1
2017-06-04,15:48:35,1442,0,1
2017-06-04,15:48:36,1826,0,1
2017-06-04,15:48:37,1312,0,1
2017-06-04,15:48:38,2722,0,1
2017-06-04,15:48:39,3463,0,1
2017-06-04,15:48:40,3584,0,1
2017-06-04,15:48:41,6475,0,1
2017-06-04,15:48:42,6504,0,1
2017-06-04,15:48:43,6326,0,1
2017-06-04,15:48:44,6129,0,1
2017-06-04,15:48:45,5795,0,1
2017-06-04,15:48:46,6229,0,1
2017-06-04,15:48:47,3227,0,1
2017-06-04,15:48:48,1173,0,1
2017-06-04,15:48:49,1483,0,1
2017-06-04,15:48:50,1506,0,1
2017-06-04,15:48:51,1147,0,1
2017-06-04,15:48:52,1015,0,1
2017-06-04,15:48:53,1053,0,1
2017-06-04,15:48:54,1169,0,1
2017-06-04,15:48:55,0,0,1
2017-06-04,15:48:56,0,0,1
2017-06-04,15:48:57,1226,0,1
2017-06-04,15:48:58,1255,0,1
2017-06-04,15:48:59,1426,0,1
2017-06-04,15:49:00,1778,0,1
2017-06-04,15:49:01,2319,0,1
2017-06-04,15:49:02,2829,0,1
2017-06-04,15:49:03,2259,0,1
2017-06-04,15:49:04,1859,0,1
2017-06-04,15:49:05,1428,0,1
2017-06-04,15:49:06,1371,0,1
2017-06-04,15:49:07,0,0,1
2017-06-04,15:49:08,0,0,1
2017-06-04,15:49:09,0,0,1
2017-06-04,15:49:10,2813,0,1
2017-06-04,15:49:11,4863,0,1
2017-06-04,15:49:12,5095,1,7
2017-06-04,15:49:13,3534,0,7
2017-06-04,15:49:14,0,0,7
2017-06-04,15:49:15,1165,0,7
2017-06-04,15:49:16,3749,0,7
2017-06-04,15:49:17,4543,0,7
2017-06-04,15:49:18,4503,0,7
2017-06-04,15:49:19,4338,0,7
2017-06-04,15:49:20,6108,0,7
2017-06-04,15:49:21,7915,0,7
2017-06-04,15:49:22,6404,0,7
2017-06-04,15:49:23,6892,0,7
2017-06-04,15:49:24,7320,0,7
2017-06-04,15:49:25,4284,0,7
2017-06-04,15:49:26,2527,0,7
2017-06-04,15:49:27,2670,0,7
2017-06-04,15:49:28,1929,0,7
2017-06-04,15:49:29,1966,0,7
2017-06-04,15:49:30,2940,0,7
2017-06-04,15:49:31,2606,0,7
2017-06-04,15:49:32,2475,0,7
2017-06-04,15:49:33,2633,0,7
2017-06-04,15:49:34,2251,0,7
2017-06-04,15:49:35,1556,0,7
2017-06-04,15:49:36,1883,0,7
2017-06-04,15:49:37,2280,0,7
2017-06-04,15:49:38,2818,0,7
2017-06-04,15:49:39,3478,0,7
2017-06-04,15:49:40,2637,0,7
2017-06-04,15:49:41,2398,0,7
2017-06-04,15:49:42,2606,0,7
2017-06-04,15:49:43,3734,0,7
2017-06-04,15:49:44,4031,0,7
2017-06-04,15:49:45,2011,0,7
2017-06-04,15:49:46,1415,0,7
2017-06-04,15:49:47,1233,0,7
2017-06-04,15:49:48,2386,0,7
2017-06-04,15:49:49,2461,0,7
2017-06-04,15:49:50,1763,0,7
2017-06-04,15:49:51,1370,0,7
2017-06-04,15:49:52,1607,0,7
2017-06-04,15:49:53,0,0,7
2017-06-04,15:49:54,0,0,7
2017-06-04,15:49:55,0,0,7
2017-06-04,15:49:56,0,0,7
2017-06-04,15:49:57,1274,0,7
2017-06-04,15:49:58,2352,1,8
2017-06-04,15:49:59,1714,0,8
2017-06-04,15:50:00,1248,0,8
2017-06-04,15:50:01,1956,0,8
2017-06-04,15:50:02,3085,0,8
2017-06-04,15:50:03,1996,0,8
2017-06-04,15:50:04,1376,0,8
2017-06-04,15:50:05,1464,0,8
2017-06-04,15:50:06,1191,0,8
2017-06-04,15:50:07,0,0,8
2017-06-04,15:50:08,0,0,8
2017-06-04,15:50:09,0,0,8
2017-06-04,15:50:10,0,0,8
2017-06-04,15:50:11,0,1,1
2017-06-04,15:50:12,1105,0,1
2017-06-04,15:50:13,0,0,1
2017-06-04,15:50:14,0,0,1
2017-06-04,15:50:15,3345,0,1
2017-06-04,15:50:16,2385,0,1
2017-06-04,15:50:17,1521,0,1
2017-06-04,15:50:18,2097,0,1
2017-06-04,15:50:19,3120,0,1
2017-06-04,15:50:20,3255,0,1
2017-06-04,15:50:21,2389,0,1
2017-06-04,15:50:22,2016,0,1
2017-06-04,15:50:23,2409,0,1
2017-06-04,15:50:24,2673,0,1
2017-06-04,15:50:25,3002,0,1
2017-06-04,15:50:26,1922,0,1
2017-06-04,15:50:27,2062,0,1
2017-06-04,15:50:28,2300,0,1
2017-06-04,15:50:29,2429,0,1
2017-06-04,15:50:30,2924,0,1
2017-06-04,15:50:31,2917,0,1
2017-06-04,15:50:32,2717,0,1
2017-06-04,15:50:33,2634,0,1
2017-06-04,15:50:34,2561,0,1
2017-06-04,15:50:35,1403,0,1
2017-06-04,15:50:36,1627,0,1
2017-06-04,15:50:37,1319,0,1
2017-06-04,15:50:38,1666,0,1
2017-06-04,15:50:39,1687,0,1
2017-06-04,15:50:40,2660,0,1
2017-06-04,15:50:41,2844,0,1
2017-06-04,15:50:42,2302,0,1
2017-06-04,15:50:43,0,0,1
2017-06-04,15:50:44,0,0,1
2017-06-04,15:50:45,0,0,1
2017-06-04,15:50:46,0,0,1
2017-06-04,15:50:47,0,0,1
2017-06-04,15:50:48,0,0,1
2017-06-04,15:50:49,0,0,1
2017-06-04,15:50:50,0,0,1
2017-06-04,15:50:51,1039,0,1
2017-06-04,15:50:52,1512,0,1
2017-06-04,15:50:53,1836,0,1
2017-06-04,15:50:54,2551,0,1
2017-06-04,15:50:55,1655,0,1
2017-06-04,15:50:56,1056,0,1
2017-06-04,15:50:57,0,0,1
2017-06-04,15:50:58,1264,0,1
2017-06-04,15:50:59,1383,0,1
2017-06-04,15:51:00,1317,0,1
2017-06-04,15:51:01,2743,0,1
2017-06-04,15:51:02,2564,0,1
2017-06-04,15:51:03,2265,0,1
2017-06-04,15:51:04,3036,0,1
2017-06-04,15:51:05,3282,0,1
2017-06-04,15:51:06,2965,0,1
2017-06-04,15:51:07,2213,0,1
2017-06-04,15:51:08,0,0,1
2017-06-04,15:51:09,0,0,1
2017-06-04,15:51:10,0,0,1
2017-06-04,15:51:11,0,0,1
2017-06-04,15:51:12,0,0,1
2017-06-04,15:51:13,2252,0,1
2017-06-04,15:51:14,1540,0,1
2017-06-04,15:51:15,1990,0,1
2017-06-04,15:51:16,2591,0,1
2017-06-04,15:51:17,1609,0,1
2017-06-04,15:51:18,1443,0,1
2017-06-04,15:51:19,1479,0,1
2017-06-04,15:51:20,2850,0,1
2017-06-04,15:51:21,2206,0,1
2017-06-04,15:51:22,2167,0,1
2017-06-04,15:51:23,0,0,1
2017-06-04,15:51:24,1521,0,1
2017-06-04,15:51:25,2679,0,1
2017-06-04,15:51:26,3728,0,1
2017-06-04,15:51:27,2057,0,1
2017-06-04,15:51:28,1151,0,1
2017-06-04,15:51:29,0,0,1
2017-06-04,15:51:30,0,0,1
2017-06-04,15:51:31,2165,0,1
2017-06-04,15:51:32,3673,0,1
2017-06-04,15:51:33,1970,0,1
2017-06-04,15:51:34,1630,0,1
2017-06-04,15:51:35,0,0,1
2017-06-04,15:51:36,1761,0,1
2017-06-04,15:51:37,2600,0,1
2017-06-04,15:51:38,1215,0,1
2017-06-04,15:51:39,0,0,1
2017-06-04,15:51:40,0,0,1
2017-06-04,15:51:41,4036,0,1
2017-06-04,15:51:42,5826,0,1
2017-06-04,15:51:43,6364,0,1
2017-06-04,15:51:44,5690,0,1
2017-06-04,15:51:45,5474,0,1
2017-06-04,15:51:46,2420,0,1
2017-06-04,15:51:47,3500,0,1
2017-06-04,15:51:48,3329,0,1
2017-06-04,15:51:49,4442,0,1
2017-06-04,15:51:50,3745,0,1
2017-06-04,15:51:51,5015,0,1
2017-06-04,15:51:52,5549,0,1
2017-06-04,15:51:53,3816,0,1
2017-06-04,15:51:54,3543,0,1
2017-06-04,15:51:55,3671,0,1
2017-06-04,15:51:56,4303,0,1
2017-06-04,15:51:57,4823,0,1
2017-06-04,15:51:58,1915,0,1
2017-06-04,15:51:59,1750,0,1
2017-06-04,15:52:00,2010,0,1
2017-06-04,15:52:01,1528,0,1
2017-06-04,15:52:02,2650,0,1
2017-06-04,15:52:03,1814,0,1
2017-06-04,15:52:04,3041,0,1
2017-06-04,15:52:05,3487,0,1
2017-06-04,15:52:06,2940,0,1
2017-06-04,15:52:07,3853,0,1
2017-06-04,15:52:08,3584,0,1
2017-06-04,15:52:09,2687,0,1
2017-06-04,15:52:10,3022,0,1
2017-06-04,15:52:11,1452,0,1
2017-06-04,15:52:12,1419,0,1
2017-06-04,15:52:13,1318,0,1
2017-06-04,15:52:14,2471,0,1
2017-06-04,15:52:15,2699,0,1
2017-06-04,15:52:16,2220,0,1
2017-06-04,15:52:17,2771,0,1
2017-06-04,15:52:18,3526,0,1
2017-06-04,15:52:19,4925,0,1
2017-06-04,15:52:20,4344,0,1
2017-06-04,15:52:21,3169,0,1
2017-06-04,15:52:22,1660,0,1
2017-06-04,15:52:23,1163,0,1
2017-06-04,15:52:24,1601,0,1
2017-06-04,15:52:25,1653,0,1
2017-06-04,15:52:26,1686,0,1
2017-06-04,15:52:27,3374,0,1
2017-06-04,15:52:28,5894,0,1
2017-06-04,15:52:29,4913,0,1
2017-06-04,15:52:30,4088,0,1
2017-06-04,15:52:31,2004,0,1
2017-06-04,15:52:32,1512,0,1
2017-06-04,15:52:33,2215,0,1
2017-06-04,15:52:34,1221,0,1
2017-06-04,15:52:35,1103,0,1
2017-06-04,15:52:36,1778,0,1
2017-06-04,15:52:37,2284,0,1
2017-06-04,15:52:38,2098,0,1
2017-06-04,15:52:39,2185,0,1
2017-06-04,15:52:40,3528,0,1
2017-06-04,15:52:41,0,0,1
2017-06-04,15:52:42,0,0,1
2017-06-04,15:52:43,1190,0,1
2017-06-04,15:52:44,1222,0,1
2017-06-04,15:52:45,1590,0,1
2017-06-04,15:52:46,0,0,1
2017-06-04,15:52:47,0,0,1
2017-06-04,15:52:48,0,0,1
2017-06-04,15:52:49,1274,0,1
2017-06-04,15:52:50,0,0,1
2017-06-04,15:52:51,0,0,1
2017-06-04,15:52:52,0,0,1
2017-06-04,15:52:53,0,0,1
2017-06-04,15:52:54,0,0,1
2017-06-04,15:52:55,0,0,1
2017-06-04,15:52:56,0,0,1
2017-06-04,15:52:57,0,0,1
2017-06-04,15:52:58,1531,0,1
2017-06-04,15:52:59,2300,0,1
2017-06-04,15:53:00,0,0,1
2017-06-04,15:53:01,0,0,1
2017-06-04,15:53:02,1183,0,1
2017-06-04,15:53:03,1334,0,1
2017-06-04,15:53:04,1879,0,1
2017-06-04,15:53:05,1569,0,1
2017-06-04,15:53:06,2619,0,1
2017-06-04,15:53:07,1380,0,1
2017-06-04,15:53:08,1430,0,1
2017-06-04,15:53:09,1559,0,1
2017-06-04,15:53:10,1207,0,1
2017-06-04,15:53:11,1155,0,1
2017-06-04,15:53:12,2480,0,1
2017-06-04,15:53:13,2847,0,1
2017-06-04,15:53:14,4020,0,1
2017-06-04,15:53:15,3860,0,1
2017-06-04,15:53:16,3467,0,1
2017-06-04,15:53:17,1982,0,1
2017-06-04,15:53:18,1774,0,1
2017-06-04,15:53:19,1811,0,1
2017-06-04,15:53:20,1973,0,1
2017-06-04,15:53:21,0,0,1
2017-06-04,15:53:22,2061,0,1
2017-06-04,15:53:23,1405,0,1
2017-06-04,15:53:24,1717,0,1
2017-06-04,15:53:25,0,0,1
2017-06-04,15:53:26,1857,0,1
2017-06-04,15:53:27,1338,0,1
2017-06-04,15:53:28,1763,0,1
2017-06-04,15:53:29,1099,0,1
2017-06-04,15:53:30,1440,0,1
2017-06-04,15:53:31,1784,0,1
2017-06-04,15:53:32,2768,0,1
2017-06-04,15:53:33,1872,0,1
2017-06-04,15:53:34,1386,0,1
2017-06-04,15:53:35,1847,0,1
2017-06-04,15:53:36,2053,0,1
2017-06-04,15:53:37,2282,0,1
2017-06-04,15:53:38,2854,0,1
2017-06-04,15:53:39,2503,0,1
2017-06-04,15:53:40,2485,0,1
2017-06-04,15:53:41,2952,0,1
2017-06-04,15:53:42,2959,0,1
2017-06-04,15:53:43,1496,0,1
2017-06-04,15:53:44,2702,0,1
2017-06-04,15:53:45,2623,0,1
2017-06-04,15:53:46,2899,0,1
2017-06-04,15:53:47,2862,0,1
2017-06-04,15:53:48,2587,0,1
2017-06-04,15:53:49,2002,0,1
2017-06-04,15:53:50,2086,0,1
2017-06-04,15:53:51,1158,0,1
2017-06-04,15:53:52,1168,0,1
2017-06-04,15:53:53,1535,0,1
2017-06-04,15:53:54,2546,0,1
2017-06-04,15:53:55,2620,0,1
2017-06-04,15:53:56,2015,0,1
2017-06-04,15:53:57,3168,0,1
2017-06-04,15:53:58,2240,0,1
2017-06-04,15:53:59,3648,0,1
2017-06-04,15:54:00,6352,0,1
2017-06-04,15:54:01,6438,0,1
2017-06-04,15:54:02,6227,0,1
2017-06-04,15:54:03,6321,0,1
2017-06-04,15:54:04,6054,0,1
2017-06-04,15:54:05,6611,0,1
2017-06-04,15:54:06,5504,0,1
2017-06-04,15:54:07,5615,0,1
2017-06-04,15:54:08,5542,0,1
2017-06-04,15:54:09,4761,0,1
2017-06-04,15:54:10,5660,0,1
2017-06-04,15:54:11,4031,0,1
2017-06-04,15:54:12,3983,0,1
2017-06-04,15:54:13,3382,0,1
2017-06-04,15:54:14,3602,0,1
2017-06-04,15:54:15,4925,0,1
2017-06-04,15:54:16,3532,0,1
2017-06-04,15:54:17,1904,0,1
2017-06-04,15:54:18,1703,0,1
2017-06-04,15:54:19,1421,0,1
2017-06-04,15:54:20,1498,0,1
2017-06-04,15:54:21,1055,0,1
2017-06-04,15:54:22,1430,0,1
2017-06-04,15:54:23,1743,0,1
2017-06-04,15:54:24,1190,0,1
2017-06-04,15:54:25,1782,0,1
2017-06-04,15:54:26,1487,0,1
2017-06-04,15:54:27,1531,0,1
2017-06-04,15:54:28,2309,0,1
2017-06-04,15:54:29,2526,0,1
2017-06-04,15:54:30,1631,0,1
2017-06-04,15:54:31,1462,0,1
2017-06-04,15:54:32,1296,0,1
2017-06-04,15:54:33,1306,0,1
2017-06-04,15:54:34,2571,0,1
2017-06-04,15:54:35,2340,0,1
2017-06-04,15:54:36,0,0,1
2017-06-04,15:54:37,0,0,1
2017-06-04,15:54:38,2072,0,1
2017-06-04,15:54:39,1565,0,1
2017-06-04,15:54:40,3003,0,1
2017-06-04,15:54:41,3571,0,1
2017-06-04,15:54:42,4369,0,1
2017-06-04,15:54:43,4421,0,1
2017-06-04,15:54:44,2607,0,1
2017-06-04,15:54:45,1799,0,1
2017-06-04,15:54:46,1951,0,1
2017-06-04,15:54:47,1771,0,1
2017-06-04,15:54:48,2716,0,1
2017-06-04,15:54:49,2919,0,1
2017-06-04,15:54:50,2653,0,1
2017-06-04,15:54:51,3519,0,1
2017-06-04,15:54:52,3583,0,1
2017-06-04,15:54:53,3568,0,1
2017-06-04,15:54:54,1790,0,1
2017-06-04,15:54:55,2281,0,1
2017-06-04,15:54:56,4593,0,1
2017-06-04,15:54:57,5802,0,1
2017-06-04,15:54:58,6478,0,1
2017-06-04,15:54:59,7941,0,1
2017-06-04,15:55:00,8089,0,1
2017-06-04,15:55:01,7137,0,1
2017-06-04,15:55:02,7840,0,1
2017-06-04,15:55:03,8332,0,1
2017-06-04,15:55:04,8192,0,1
2017-06-04,15:55:05,8348,0,1
2017-06-04,15:55:06,6691,0,1
2017-06-04,15:55:07,6604,0,1
2017-06-04,15:55:08,5910,0,1
2017-06-04,15:55:09,6577,0,1
2017-06-04,15:55:10,6185,0,1
2017-06-04,15:55:11,5221,0,1
2017-06-04,15:55:12,5544,0,1
2017-06-04,15:55:13,4827,0,1
2017-06-04,15:55:14,2953,0,1
2017-06-04,15:55:15,2854,0,1
2017-06-04,15:55:16,1723,0,1
2017-06-04,15:55:17,1487,0,1
2017-06-04,15:55:18,1598,0,1
2017-06-04,15:55:19,1877,0,1
2017-06-04,15:55:20,1390,0,1
2017-06-04,15:55:21,1427,0,1
2017-06-04,15:55:22,2336,0,1
2017-06-04,15:55:23,4661,0,1
2017-06-04,15:55:24,4516,0,1
2017-06-04,15:55:25,5153,0,1
2017-06-04,15:55:26,5695,0,1
2017-06-04,15:55:27,6084,0,1
2017-06-04,15:55:28,5620,0,1
2017-06-04,15:55:29,5661,0,1
2017-06-04,15:55:30,6284,0,1
2017-06-04,15:55:31,6081,0,1
2017-06-04,15:55:32,7098,0,1
2017-06-04,15:55:33,6170,0,1
2017-06-04,15:55:34,6516,0,1
2017-06-04,15:55:35,4763,0,1
2017-06-04,15:55:36,4207,0,1
2017-06-04,15:55:37,5278,0,1
2017-06-04,15:55:38,4769,0,1
2017-06-04,15:55:39,4367,0,1
2017-06-04,15:55:40,3500,0,1
2017-06-04,15:55:41,3146,0,1
2017-06-04,15:55:42,2721,0,1
2017-06-04,15:55:43,4918,0,1
2017-06-04,15:55:44,2281,0,1
2017-06-04,15:55:45,2333,0,1
2017-06-04,15:55:46,3021,0,1
2017-06-04,15:55:47,2836,0,1
2017-06-04,15:55:48,2607,0,1
2017-06-04,15:55:49,2335,0,1
2017-06-04,15:55:50,1112,0,1
2017-06-04,15:55:51,0,0,1
2017-06-04,15:55:52,1058,0,1
2017-06-04,15:55:53,2054,0,1
2017-06-04,15:55:54,1957,0,1
2017-06-04,15:55:55,0,0,1
2017-06-04,15:55:56,0,0,1
2017-06-04,15:55:57,0,0,1
2017-06-04,15:55:58,0,0,1
2017-06-04,15:55:59,3421,0,1
2017-06-04,15:56:00,4076,0,1
2017-06-04,15:56:01,3838,0,1
2017-06-04,15:56:02,3214,0,1
2017-06-04,15:56:03,1312,0,1
2017-06-04,15:56:04,3657,0,1
2017-06-04,15:56:05,3935,0,1
2017-06-04,15:56:06,3880,0,1
2017-06-04,15:56:07,2984,0,1
2017-06-04,15:56:08,2775,0,1
2017-06-04,15:56:09,4263,0,1
2017-06-04,15:56:10,4161,0,1
2017-06-04,15:56:11,2693,0,1
2017-06-04,15:56:12,1305,0,1
2017-06-04,15:56:13,1553,0,1
2017-06-04,15:56:14,1151,0,1
2017-06-04,15:56:15,0,0,1
2017-06-04,15:56:16,1239,0,1
2017-06-04,15:56:17,1837,0,1
2017-06-04,15:56:18,3275,0,1
2017-06-04,15:56:19,3360,0,1
2017-06-04,15:56:20,2940,0,1
2017-06-04,15:56:21,2580,0,1
2017-06-04,15:56:22,2461,0,1
2017-06-04,15:56:23,2186,0,1
2017-06-04,15:56:24,1800,0,1
2017-06-04,15:56:25,1616,0,1
2017-06-04,15:56:26,1488,0,1
2017-06-04,15:56:27,1690,0,1
2017-06-04,15:56:28,4515,0,1
2017-06-04,15:56:29,3438,0,1
2017-06-04,15:56:30,1279,0,1
2017-06-04,15:56:31,2093,0,1
2017-06-04,15:56:32,2790,0,1
2017-06-04,15:56:33,2056,0,1
2017-06-04,15:56:34,0,0,1
2017-06-04,15:56:35,1259,0,1
2017-06-04,15:56:36,1541,0,1
2017-06-04,15:56:37,1916,0,1
2017-06-04,15:56:38,1508,0,1
2017-06-04,15:56:39,1717,0,1
2017-06-04,15:56:40,2833,0,1
2017-06-04,15:56:41,3355,0,1
2017-06-04,15:56:42,3437,0,1
2017-06-04,15:56:43,2797,0,1
2017-06-04,15:56:44,2727,0,1
2017-06-04,15:56:45,2752,0,1
2017-06-04,15:56:46,1738,0,1
2017-06-04,15:56:47,1437,0,1
2017-06-04,15:56:48,1800,0,1
2017-06-04,15:56:49,1724,0,1
2017-06-04,15:56:50,4769,0,1
2017-06-04,15:56:51,4436,0,1
2017-06-04,15:56:52,2066,0,1
2017-06-04,15:56:53,2444,0,1
2017-06-04,15:56:54,2164,0,1
2017-06-04,15:56:55,2644,0,1
2017-06-04,15:56:56,2579,0,1
2017-06-04,15:56:57,1640,0,1
2017-06-04,15:56:58,1027,0,1
2017-06-04,15:56:59,1283,0,1
2017-06-04,15:57:00,1334,0,1
2017-06-04,15:57:01,1146,0,1
2017-06-04,15:57:02,3145,0,1
2017-06-04,15:57:03,3226,0,1
2017-06-04,15:57:04,0,0,1
2017-06-04,15:57:05,1198,0,1
2017-06-04,15:57:06,0,0,1
2017-06-04,15:57:07,1277,0,1
2017-06-04,15:57:08,2862,0,5
2017-06-04,15:57:09,1453,0,5
2017-06-04,15:57:10,2103,0,5
2017-06-04,15:57:11,1175,0,5
2017-06-04,15:57:12,0,0,5
2017-06-04,15:57:13,3240,0,5
2017-06-04,15:57:14,3941,0,5
2017-06-04,15:57:15,4768,0,5
2017-06-04,15:57:16,4573,0,5
2017-06-04,15:57:17,3598,0,5
2017-06-04,15:57:18,3639,0,5
2017-06-04,15:57:19,3851,0,5
2017-06-04,15:57:20,5896,0,5
2017-06-04,15:57:21,4497,0,5
2017-06-04,15:57:22,4629,0,5
2017-06-04,15:57:23,4062,0,5
2017-06-04,15:57:24,3842,0,5
2017-06-04,15:57:25,3256,0,5
2017-06-04,15:57:26,2708,0,5
2017-06-04,15:57:27,3648,0,5
2017-06-04,15:57:28,4875,0,5
2017-06-04,15:57:29,5662,0,5
2017-06-04,15:57:30,4353,0,5
2017-06-04,15:57:31,4197,0,5
2017-06-04,15:57:32,3162,0,5
2017-06-04,15:57:33,3434,0,5
2017-06-04,15:57:34,5671,0,5
2017-06-04,15:57:35,2633,0,5
2017-06-04,15:57:36,4522,0,5
2017-06-04,15:57:37,4844,0,5
2017-06-04,15:57:38,4029,0,5
2017-06-04,15:57:39,4150,0,5
2017-06-04,15:57:40,3439,0,5
2017-06-04,15:57:41,3846,0,5
2017-06-04,15:57:42,4119,0,5
2017-06-04,15:57:43,4392,0,5
2017-06-04,15:57:44,3308,0,5
2017-06-04,15:57:45,3968,0,5
2017-06-04,15:57:46,4527,0,5
2017-06-04,15:57:47,4088,1,6
2017-06-04,15:57:48,1662,0,6
2017-06-04,15:57:49,2677,0,6
2017-06-04,15:57:50,2928,0,6
2017-06-04,15:57:51,2827,1,1
2017-06-04,15:57:52,1288,0,1
2017-06-04,15:57:53,3569,0,1
2017-06-04,15:57:54,4629,0,1
2017-06-04,15:57:55,5805,0,1
2017-06-04,15:57:56,5617,0,1
2017-06-04,15:57:57,2298,0,1
2017-06-04,15:57:58,3101,0,1
2017-06-04,15:57:59,4306,0,1
2017-06-04,15:58:00,2845,0,1
2017-06-04,15:58:01,3869,0,1
2017-06-04,15:58:02,5280,0,1
2017-06-04,15:58:03,4623,0,1
2017-06-04,15:58:04,5653,0,1
2017-06-04,15:58:05,6700,0,1
2017-06-04,15:58:06,6851,0,1
2017-06-04,15:58:07,6257,0,1
2017-06-04,15:58:08,4614,0,1
2017-06-04,15:58:09,2968,0,1
2017-06-04,15:58:10,2964,0,1
2017-06-04,15:58:11,5636,0,1
2017-06-04,15:58:12,6580,0,1
2017-06-04,15:58:13,4887,0,1
2017-06-04,15:58:14,5001,0,1
2017-06-04,15:58:15,5434,0,1
2017-06-04,15:58:16,3628,0,1
2017-06-04,15:58:17,4258,0,1
2017-06-04,15:58:18,5065,0,1
2017-06-04,15:58:19,8075,0,1
2017-06-04,15:58:20,7202,0,1
2017-06-04,15:58:21,5561,0,1
2017-06-04,15:58:22,4417,0,1
2017-06-04,15:58:23,3093,0,1
2017-06-04,15:58:24,3172,0,1
2017-06-04,15:58:25,2710,0,1
2017-06-04,15:58:26,2277,0,1
2017-06-04,15:58:27,1463,0,1
2017-06-04,15:58:28,0,0,1
2017-06-04,15:58:29,1339,0,1
2017-06-04,15:58:30,1383,0,1
2017-06-04,15:58:31,1361,0,1
2017-06-04,15:58:32,1543,0,1
2017-06-04,15:58:33,1228,0,1
2017-06-04,15:58:34,2507,0,1
2017-06-04,15:58:35,1471,0,1
2017-06-04,15:58:36,1517,0,1
2017-06-04,15:58:37,1957,0,1
2017-06-04,15:58:38,2753,0,1
2017-06-04,15:58:39,1979,0,1
2017-06-04,15:58:40,2025,0,1
2017-06-04,15:58:41,1851,0,1
2017-06-04,15:58:42,2152,0,1
2017-06-04,15:58:43,1432,0,1
2017-06-04,15:58:44,2510,0,1
2017-06-04,15:58:45,2998,0,1
2017-06-04,15:58:46,1238,0,1
2017-06-04,15:58:47,3025,0,1
2017-06-04,15:58:48,6242,0,1
2017-06-04,15:58:49,3572,0,1
2017-06-04,15:58:50,2226,0,1
2017-06-04,15:58:51,0,0,1
2017-06-04,15:58:52,1805,0,1
2017-06-04,15:58:53,1261,0,1
2017-06-04,15:58:54,3759,0,1
2017-06-04,15:58:55,5024,0,1
2017-06-04,15:58:56,5163,0,1
2017-06-04,15:58:57,5217,0,1
2017-06-04,15:58:58,3030,0,1
2017-06-04,15:58:59,5320,0,1
2017-06-04,15:59:00,6306,0,1
2017-06-04,15:59:01,7263,0,1
2017-06-04,15:59:02,7747,0,1
2017-06-04,15:59:03,8305,0,1
2017-06-04,15:59:04,8090,0,1
2017-06-04,15:59:05,9337,0,1
2017-06-04,15:59:06,9332,0,1
2017-06-04,15:59:07,4926,0,1
2017-06-04,15:59:08,3471,0,1
2017-06-04,15:59:09,5347,0,1
2017-06-04,15:59:10,6215,0,1
2017-06-04,15:59:11,5913,0,1
2017-06-04,15:59:12,4470,0,1
2017-06-04,15:59:13,5065,0,1
2017-06-04,15:59:14,4777,0,1
2017-06-04,15:59:15,3120,0,1
2017-06-04,15:59:16,1673,0,1
2017-06-04,15:59:17,2035,0,1
2017-06-04,15:59:18,1904,0,1
2017-06-04,15:59:19,2217,0,1
2017-06-04,15:59:20,2551,0,1
2017-06-04,15:59:21,1899,0,1
2017-06-04,15:59:22,1602,0,1
2017-06-04,15:59:23,2017,0,1
2017-06-04,15:59:24,2671,0,1
2017-06-04,15:59:25,4164,0,1
2017-06-04,15:59:26,4344,0,1
2017-06-04,15:59:27,4728,0,1
2017-06-04,15:59:28,4424,0,1
2017-06-04,15:59:29,3412,0,1
2017-06-04,15:59:30,2988,0,1
2017-06-04,15:59:31,3036,0,1
2017-06-04,15:59:32,4257,0,1
2017-06-04,15:59:33,6257,0,1
2017-06-04,15:59:34,6468,0,1
2017-06-04,15:59:35,7903,0,1
2017-06-04,15:59:36,8500,0,1
2017-06-04,15:59:37,8524,0,1
2017-06-04,15:59:38,9383,0,1
2017-06-04,15:59:39,8377,0,1
2017-06-04,15:59:40,8305,0,1
2017-06-04,15:59:41,6845,0,1
2017-06-04,15:59:42,6134,0,1
2017-06-04,15:59:43,7117,0,1
2017-06-04,15:59:44,9045,0,1
2017-06-04,15:59:45,7964,0,1
2017-06-04,15:59:46,5275,0,3
2017-06-04,15:59:47,3560,0,3
2017-06-04,15:59:48,3696,0,3
2017-06-04,15:59:49,4126,0,3
2017-06-04,15:59:50,4903,0,3
2017-06-04,15:59:51,6290,0,3
2017-06-04,15:59:52,6833,0,3
2017-06-04,15:59:53,7024,0,3
2017-06-04,15:59:54,7757,0,3
2017-06-04,15:59:55,6041,0,3
2017-06-04,15:59:56,5996,0,3
2017-06-04,15:59:57,3367,0,3
2017-06-04,15:59:58,1689,0,3
2017-06-04,15:59:59,3721,0,3
2017-06-04,16:00:00,5600,0,3
2017-06-04,16:00:01,6647,0,3
2017-06-04,16:00:02,5054,0,3
2017-06-04,16:00:03,2732,0,3
2017-06-04,16:00:04,4193,0,3
2017-06-04,16:00:05,5342,0,3
2017-06-04,16:00:06,5627,0,3
2017-06-04,16:00:07,5376,0,3
2017-06-04,16:00:08,5007,0,3
2017-06-04,16:00:09,3248,0,3
2017-06-04,16:00:10,3156,0,3
2017-06-04,16:00:11,3944,0,3
2017-06-04,16:00:12,4894,0,3
2017-06-04,16:00:13,4105,0,3
2017-06-04,16:00:14,4177,0,3
2017-06-04,16:00:15,5048,0,3
2017-06-04,16:00:16,4428,0,3
2017-06-04,16:00:17,2888,0,3
2017-06-04,16:00:18,4812,0,3
2017-06-04,16:00:19,4819,0,3
2017-06-04,16:00:20,3793,0,3
2017-06-04,16:00:21,2700,0,3
2017-06-04,16:00:22,1529,0,3
2017-06-04,16:00:23,1882,0,3
2017-06-04,16:00:24,2671,0,3
2017-06-04,16:00:25,3273,0,3
2017-06-04,16:00:26,4095,0,3
2017-06-04,16:00:27,3842,0,3
2017-06-04,16:00:28,4259,0,3
2017-06-04,16:00:29,3044,0,3
2017-06-04,16:00:30,1839,0,3
2017-06-04,16:00:31,1152,0,3
2017-06-04,16:00:32,2629,0,3
2017-06-04,16:00:33,2839,0,3
2017-06-04,16:00:34,3450,0,3
2017-06-04,16:00:35,2563,0,3
2017-06-04,16:00:36,2256,0,3
2017-06-04,16:00:37,2670,0,3
2017-06-04,16:00:38,2180,0,3
2017-06-04,16:00:39,3529,0,3
2017-06-04,16:00:40,5932,1,1
2017-06-04,16:00:41,3708,0,1
2017-06-04,16:00:42,2305,0,1
2017-06-04,16:00:43,1519,0,1
2017-06-04,16:00:44,3085,0,1
2017-06-04,16:00:45,1598,0,1
2017-06-04,16:00:46,2087,0,1
2017-06-04,16:00:47,2071,0,1
2017-06-04,16:00:48,2170,0,1
2017-06-04,16:00:49,1814,1,7
2017-06-04,16:00:50,0,0,7
2017-06-04,16:00:51,0,0,7
2017-06-04,16:00:52,1124,0,7
2017-06-04,16:00:53,1190,0,7
2017-06-04,16:00:54,0,0,7
2017-06-04,16:00:55,2576,0,7
2017-06-04,16:00:56,2658,0,7
2017-06-04,16:00:57,1411,0,7
2017-06-04,16:00:58,0,0,7
2017-06-04,16:00:59,0,0,7
2017-06-04,16:01:00,0,1,2
2017-06-04,16:01:01,0,0,2
2017-06-04,16:01:02,0,0,2
2017-06-04,16:01:03,2214,0,2
2017-06-04,16:01:04,2037,0,2
2017-06-04,16:01:05,1172,0,2
2017-06-04,16:01:06,1530,0,2
2017-06-04,16:01:07,1341,0,2
2017-06-04,16:01:08,0,0,2
2017-06-04,16:01:09,1048,0,2
2017-06-04,16:01:10,1202,0,2
2017-06-04,16:01:11,1080,0,2
2017-06-04,16:01:12,1293,0,2
2017-06-04,16:01:13,2153,0,2
2017-06-04,16:01:14,1021,0,2
2017-06-04,16:01:15,1226,0,2
2017-06-04,16:01:16,1957,0,2
2017-06-04,16:01:17,3341,0,2
2017-06-04,16:01:18,3434,0,2
2017-06-04,16:01:19,1620,0,2
2017-06-04,16:01:20,1902,0,2
2017-06-04,16:01:21,1706,0,2
2017-06-04,16:01:22,1897,0,2
2017-06-04,16:01:23,1705,0,2
2017-06-04,16:01:24,2402,0,2
2017-06-04,16:01:25,1484,0,2
2017-06-04,16:01:26,1624,0,2
2017-06-04,16:01:27,2490,0,2
2017-06-04,16:01:28,2369,0,2
2017-06-04,16:01:29,1932,0,2
2017-06-04,16:01:30,1973,0,2
2017-06-04,16:01:31,1829,0,2
2017-06-04,16:01:32,1649,0,2
2017-06-04,16:01:33,1796,0,2
2017-06-04,16:01:34,1787,0,2
2017-06-04,16:01:35,1447,0,2
2017-06-04,16:01:36,0,0,2
2017-06-04,16:01:37,0,0,2
2017-06-04,16:01:38,1500,0,2
2017-06-04,16:01:39,1714,0,2
2017-06-04,16:01:40,1146,0,2
2017-06-04,16:01:41,1542,0,2
2017-06-04,16:01:42,0,0,2
2017-06-04,16:01:43,1389,0,2
2017-06-04,16:01:44,0,0,2
2017-06-04,16:01:45,0,0,2
2017-06-04,16:01:46,0,0,2
2017-06-04,16:01:47,1698,0,2
2017-06-04,16:01:48,2066,0,2
2017-06-04,16:01:49,2471,0,2
2017-06-04,16:01:50,2895,0,2
2017-06-04,16:01:51,2320,0,2
2017-06-04,16:01:52,2115,0,2
2017-06-04,16:01:53,2320,0,2
2017-06-04,16:01:54,2170,0,2
2017-06-04,16:01:55,2379,0,2
2017-06-04,16:01:56,2440,0,2
2017-06-04,16:01:57,0,0,2
2017-06-04,16:01:58,0,0,2
2017-06-04,16:01:59,1303,0,2
2017-06-04,16:02:00,0,0,2
2017-06-04,16:02:01,0,0,2
2017-06-04,16:02:02,0,0,2
2017-06-04,16:02:03,1118,0,2
2017-06-04,16:02:04,1191,0,2
2017-06-04,16:02:05,1667,0,2
2017-06-04,16:02:06,2160,0,2
2017-06-04,16:02:07,1362,0,2
2017-06-04,16:02:08,0,0,2
2017-06-04,16:02:09,0,0,2
2017-06-04,16:02:10,0,0,2
2017-06-04,16:02:11,0,0,2
2017-06-04,16:02:12,0,0,2
2017-06-04,16:02:13,0,0,2
2017-06-04,16:02:14,0,0,2
2017-06-04,16:02:15,0,0,2
2017-06-04,16:02:16,0,0,2
2017-06-04,16:02:17,0,0,2
2017-06-04,16:02:18,0,0,2
2017-06-04,16:02:19,0,0,2
2017-06-04,16:02:20,0,0,2
2017-06-04,16:02:21,0,0,2
2017-06-04,16:02:22,0,0,2
2017-06-04,16:02:23,0,0,2
2017-06-04,16:02:24,0,0,2
2017-06-04,16:02:25,0,0,2
2017-06-04,16:02:26,0,0,2
2017-06-04,16:02:27,1388,0,2
2017-06-04,16:02:28,1110,0,2
2017-06-04,16:02:29,0,0,2
2017-06-04,16:02:30,0,0,2
2017-06-04,16:02:31,2919,0,2
2017-06-04,16:02:32,3037,0,2
2017-06-04,16:02:33,3695,0,2
2017-06-04,16:02:34,2001,0,2
2017-06-04,16:02:35,1779,0,2
2017-06-04,16:02:36,3367,0,2
2017-06-04,16:02:37,3440,0,2
2017-06-04,16:02:38,3111,0,2
2017-06-04,16:02:39,3078,0,2
2017-06-04,16:02:40,3131,0,2
2017-06-04,16:02:41,2965,0,2
2017-06-04,16:02:42,3252,0,2
2017-06-04,16:02:43,3123,0,2
2017-06-04,16:02:44,3303,0,2
2017-06-04,16:02:45,3127,0,2
2017-06-04,16:02:46,3103,0,2
2017-06-04,16:02:47,2484,0,2
2017-06-04,16:02:48,0,0,2
2017-06-04,16:02:49,0,0,2
2017-06-04,16:02:50,0,0,2
2017-06-04,16:02:51,0,0,2
2017-06-04,16:02:52,1113,0,2
2017-06-04,16:02:53,1145,0,2
2017-06-04,16:02:54,1257,0,2
2017-06-04,16:02:55,2113,0,2
2017-06-04,16:02:56,2443,0,8
2017-06-04,16:02:57,2313,0,8
2017-06-04,16:02:58,2588,0,8
2017-06-04,16:02:59,2382,0,8
2017-06-04,16:03:00,1729,0,8
2017-06-04,16:03:01,1005,0,8
2017-06-04,16:03:02,0,0,8
2017-06-04,16:03:03,1123,0,8
2017-06-04,16:03:04,1051,0,8
2017-06-04,16:03:05,0,0,8
2017-06-04,16:03:06,0,0,8
2017-06-04,16:03:07,1313,0,8
2017-06-04,16:03:08,1833,0,8
2017-06-04,16:03:09,2011,1,4
2017-06-04,16:03:10,1929,0,4
2017-06-04,16:03:11,1647,0,4
2017-06-04,16:03:12,1173,0,4
2017-06-04,16:03:13,1036,0,4
2017-06-04,16:03:14,0,0,4
2017-06-04,16:03:15,0,0,4
2017-06-04,16:03:16,0,0,4
2017-06-04,16:03:17,1060,0,4
2017-06-04,16:03:18,0,0,4
2017-06-04,16:03:19,0,0,4
2017-06-04,16:03:20,0,0,4
2017-06-04,16:03:21,0,0,4
2017-06-04,16:03:22,0,0,4
2017-06-04,16:03:23,0,0,4
2017-06-04,16:03:24,1009,0,4
2017-06-04,16:03:25,1674,1,5
2017-06-04,16:03:26,1311,0,5
2017-06-04,16:03:27,1138,0,5
2017-06-04,16:03:28,1137,0,5
2017-06-04,16:03:29,1111,0,5
2017-06-04,16:03:30,0,0,5
2017-06-04,16:03:31,0,0,5
2017-06-04,16:03:32,1938,0,5
2017-06-04,16:03:33,3545,0,5
2017-06-04,16:03:34,1522,0,5
2017-06-04,16:03:35,1071,0,5
2017-06-04,16:03:36,0,0,5
2017-06-04,16:03:37,0,0,5
2017-06-04,16:03:38,1533,0,5
2017-06-04,16:03:39,2574,0,5
2017-06-04,16:03:40,3597,0,5
2017-06-04,16:03:41,2245,0,5
2017-06-04,16:03:42,1842,0,5
2017-06-04,16:03:43,4326,0,5
2017-06-04,16:03:44,4505,0,5
2017-06-04,16:03:45,5132,1,2
2017-06-04,16:03:46,3371,0,2
2017-06-04,16:03:47,1505,0,2
2017-06-04,16:03:48,1586,0,2
2017-06-04,16:03:49,1987,0,2
2017-06-04,16:03:50,1174,0,2
2017-06-04,16:03:51,1172,0,2
2017-06-04,16:03:52,2426,0,2
2017-06-04,16:03:53,2504,0,2
2017-06-04,16:03:54,2014,1,3
2017-06-04,16:03:55,1103,0,3
2017-06-04,16:03:56,0,0,3
2017-06-04,16:03:57,1344,0,3
2017-06-04,16:03:58,2155,0,3
2017-06-04,16:03:59,2446,0,3
2017-06-04,16:04:00,2722,0,3
2017-06-04,16:04:01,2543,0,3
2017-06-04,16:04:02,1652,0,3
2017-06-04,16:04:03,1910,1,3
2017-06-04,16:04:04,1864,0,3
2017-06-04,16:04:05,1475,0,3
2017-06-04,16:04:06,0,0,3
2017-06-04,16:04:07,0,0,3
2017-06-04,16:04:08,0,0,3
2017-06-04,16:04:09,1451,0,3
2017-06-04,16:04:10,2037,1,3
2017-06-04,16:04:11,3095,0,3
2017-06-04,16:04:12,3940,0,3
2017-06-04,16:04:13,2207,0,3
2017-06-04,16:04:14,1475,0,3
2017-06-04,16:04:15,1237,0,3
2017-06-04,16:04:16,0,0,3
2017-06-04,16:04:17,0,0,3
2017-06-04,16:04:18,1162,0,3
2017-06-04,16:04:19,1015,0,3
2017-06-04,16:04:20,0,0,3
2017-06-04,16:04:21,0,0,3
2017-06-04,16:04:22,0,0,3
2017-06-04,16:04:23,0,0,3
2017-06-04,16:04:24,0,0,3
2017-06-04,16:04:25,0,0,3
2017-06-04,16:04:26,0,0,3
2017-06-04,16:04:27,0,0,3
2017-06-04,16:04:28,0,0,3
2017-06-04,16:04:29,0,0,3
2017-06-04,16:04:30,0,0,3
2017-06-04,16:04:31,0,0,3
2017-06-04,16:04:32,0,0,3
2017-06-04,16:04:33,0,0,3
2017-06-04,16:04:34,0,0,3
2017-06-04,16:04:35,0,0,3
2017-06-04,16:04:36,0,0,3
2017-06-04,16:04:37,0,0,3
2017-06-04,16:04:38,0,0,3
2017-06-04,16:04:39,0,0,3
2017-06-04,16:04:40,0,0,3
2017-06-04,16:04:41,0,0,3
2017-06-04,16:04:42,0,0,3
2017-06-04,16:04:43,0,0,3
2017-06-04,16:04:44,0,0,3
2017-06-04,16:04:45,0,0,3
2017-06-04,16:04:46,0,0,3
2017-06-04,16:04:47,0,0,3
2017-06-04,16:04:48,0,0,3
2017-06-04,16:04:49,0,0,3
2017-06-04,16:04:50,0,0,3
2017-06-04,16:04:51,0,0,3
2017-06-04,16:04:52,0,0,3
2017-06-04,16:04:53,0,0,3
2017-06-04,16:04:54,0,0,3
2017-06-04,16:04:55,0,0,3
2017-06-04,16:04:56,0,0,3
2017-06-04,16:04:57,0,0,3
2017-06-04,16:04:58,0,0,3
2017-06-04,16:04:59,0,0,3
2017-06-04,16:05:00,0,0,3
2017-06-04,16:05:01,0,0,3
2017-06-04,16:05:02,0,0,3
2017-06-04,16:05:03,0,0,3
2017-06-04,16:05:04,0,0,3
2017-06-04,16:05:05,0,0,3
2017-06-04,16:05:06,0,0,3
2017-06-04,16:05:07,0,0,3
2017-06-04,16:05:08,0,0,3
2017-06-04,16:05:09,0,0,3
2017-06-04,16:05:10,0,0,3
2017-06-04,16:05:11,0,0,3
2017-06-04,16:05:12,0,0,3
2017-06-04,16:05:13,0,0,3
2017-06-04,16:05:14,0,0,3
2017-06-04,16:05:15,0,0,3
2017-06-04,16:05:16,0,0,3
2017-06-04,16:05:17,0,0,3
2017-06-04,16:05:18,0,0,3
2017-06-04,16:05:19,0,0,3
2017-06-04,16:05:20,0,0,3
2017-06-04,16:05:21,0,0,3
2017-06-04,16:05:22,0,0,3
2017-06-04,16:05:23,0,0,3
2017-06-04,16:05:24,0,0,3
2017-06-04,16:05:25,0,0,3
2017-06-04,16:05:26,0,0,3
2017-06-04,16:05:27,0,0,3
2017-06-04,16:05:28,0,0,3
2017-06-04,16:05:29,0,0,3
2017-06-04,16:05:30,0,0,3
2017-06-04,16:05:31,0,0,3
2017-06-04,16:05:32,0,0,3
2017-06-04,16:05:33,0,0,3
2017-06-04,16:05:34,0,0,3
2017-06-04,16:05:35,0,0,3
2017-06-04,16:05:36,0,0,3
2017-06-04,16:05:37,0,0,3
2017-06-04,16:05:38,0,0,3
2017-06-04,16:05:39,0,0,3
2017-06-04,16:05:40,0,0,3
2017-06-04,16:05:41,0,0,3
2017-06-04,16:05:42,0,0,3
2017-06-04,16:05:43,0,0,3
2017-06-04,16:05:44,0,0,3
2017-06-04,16:05:45,0,0,3
2017-06-04,16:05:46,0,0,3
2017-06-04,16:05:47,0,0,3
2017-06-04,16:05:48,0,0,3
2017-06-04,16:05:49,0,0,3
2017-06-04,16:05:50,0,0,3
2017-06-04,16:05:51,0,0,3
2017-06-04,16:05:52,0,0,3
2017-06-04,16:05:53,0,0,3
2017-06-04,16:05:54,0,0,3
2017-06-04,16:05:55,0,0,3
2017-06-04,16:05:56,0,0,3
2017-06-04,16:05:57,0,0,3
2017-06-04,16:05:58,0,0,3
2017-06-04,16:05:59,0,0,3
2017-06-04,16:06:00,0,0,3
2017-06-04,16:06:01,0,0,3
2017-06-04,16:06:02,0,0,3
2017-06-04,16:06:03,0,0,3
2017-06-04,16:06:04,0,0,3
2017-06-04,16:06:05,0,0,3
2017-06-04,16:06:06,0,0,3
2017-06-04,16:06:07,0,0,3
2017-06-04,16:06:08,0,0,3
2017-06-04,16:06:09,0,0,3
2017-06-04,16:06:10,0,0,3
2017-06-04,16:06:11,0,0,3
2017-06-04,16:06:12,0,0,3
2017-06-04,16:06:13,0,0,3
2017-06-04,16:06:14,0,0,3
2017-06-04,16:06:15,0,0,3
2017-06-04,16:06:16,0,0,3
2017-06-04,16:06:17,0,0,3
2017-06-04,16:06:18,0,0,3
2017-06-04,16:06:19,0,0,3
2017-06-04,16:06:20,0,0,3
2017-06-04,16:06:21,0,0,3
2017-06-04,16:06:22,0,0,3
2017-06-04,16:06:23,0,0,3
2017-06-04,16:06:24,0,0,3
2017-06-04,16:06:25,0,0,3
2017-06-04,16:06:26,0,0,3
2017-06-04,16:06:27,0,0,3
2017-06-04,16:06:28,0,0,3
2017-06-04,16:06:29,0,0,3
2017-06-04,16:06:30,0,0,3
2017-06-04,16:06:31,0,0,3
2017-06-04,16:06:32,0,0,3
2017-06-04,16:06:33,0,0,3
2017-06-04,16:06:34,0,0,3
2017-06-04,16:06:35,0,0,3
2017-06-04,16:06:36,0,0,3
2017-06-04,16:06:37,0,0,3
2017-06-04,16:06:38,0,0,3
2017-06-04,16:06:39,0,0,3
2017-06-04,16:06:40,0,0,3
2017-06-04,16:06:41,0,0,3
2017-06-04,16:06:42,0,0,3
2017-06-04,16:06:43,0,0,3
2017-06-04,16:06:44,0,0,3
2017-06-04,16:06:45,0,0,3
2017-06-04,16:06:46,0,0,3
2017-06-04,16:06:47,0,0,3
2017-06-04,16:06:48,0,0,3
2017-06-04,16:06:49,0,0,3
2017-06-04,16:06:50,0,0,3
2017-06-04,16:06:51,0,0,3
2017-06-04,16:06:52,0,0,3
2017-06-04,16:06:53,0,0,3
2017-06-04,16:06:54,0,0,3
2017-06-04,16:06:55,0,0,3
2017-06-04,16:06:56,0,0,3
2017-06-04,16:06:57,0,0,3
2017-06-04,16:06:58,0,0,3
2017-06-04,16:06:59,0,0,3
2017-06-04,16:07:00,0,0,3
2017-06-04,16:07:01,0,0,3
2017-06-04,16:07:02,0,0,3
2017-06-04,16:07:03,0,0,3
2017-06-04,16:07:04,0,0,3
2017-06-04,16:07:05,0,0,3
2017-06-04,16:07:06,0,0,3
2017-06-04,16:07:07,0,0,3
2017-06-04,16:07:08,0,0,3
2017-06-04,16:07:09,0,0,3
2017-06-04,16:07:10,0,0,3
2017-06-04,16:07:11,0,0,3
2017-06-04,16:07:12,0,0,3
2017-06-04,16:07:13,0,0,3
2017-06-04,16:07:14,0,0,3
2017-06-04,16:07:15,0,0,3
2017-06-04,16:07:16,0,0,3
2017-06-04,16:07:17,0,0,3
2017-06-04,16:07:18,0,0,4
2017-06-04,16:07:19,0,0,4
2017-06-04,16:07:20,0,0,4
2017-06-04,16:07:21,0,0,4
2017-06-04,16:07:22,0,0,4
2017-06-04,16:07:23,0,0,4
2017-06-04,16:07:24,0,0,4
2017-06-04,16:07:25,0,0,4
2017-06-04,16:07:26,0,0,4
2017-06-04,16:07:27,0,0,4
2017-06-04,16:07:28,0,0,4
2017-06-04,16:07:29,0,0,4
2017-06-04,16:07:30,0,0,4
2017-06-04,16:07:31,0,0,4
2017-06-04,16:07:32,0,0,4
2017-06-04,16:07:33,0,0,4
2017-06-04,16:07:34,0,0,4
2017-06-04,16:07:35,0,0,4
2017-06-04,16:07:36,0,0,4
2017-06-04,16:07:37,0,0,4
2017-06-04,16:07:38,0,0,4
2017-06-04,16:07:39,0,0,4
2017-06-04,16:07:40,0,0,4
2017-06-04,16:07:41,0,0,4
2017-06-04,16:07:42,0,0,4
2017-06-04,16:07:43,0,0,4
2017-06-04,16:07:44,0,0,4
2017-06-04,16:07:45,0,0,4
2017-06-04,16:07:46,0,0,4
2017-06-04,16:07:47,0,0,4
2017-06-04,16:07:48,0,0,4
2017-06-04,16:07:49,0,0,4
2017-06-04,16:07:50,0,0,4
2017-06-04,16:07:51,0,0,4
2017-06-04,16:07:52,0,0,4
2017-06-04,16:07:53,0,0,4
2017-06-04,16:07:54,0,0,4
2017-06-04,16:07:55,0,0,4
2017-06-04,16:07:56,0,0,4
2017-06-04,16:07:57,0,0,4
2017-06-04,16:07:58,0,0,4
2017-06-04,16:07:59,0,0,4
2017-06-04,16:08:00,0,0,4
2017-06-04,16:08:01,0,0,4
2017-06-04,16:08:02,0,0,4
2017-06-04,16:08:03,0,0,4
2017-06-04,16:08:04,0,0,4
2017-06-04,16:08:05,0,0,4
2017-06-04,16:08:06,0,0,4
2017-06-04,16:08:07,0,0,4
2017-06-04,16:08:08,0,0,4
2017-06-04,16:08:09,0,0,4
2017-06-04,16:08:10,0,0,4
2017-06-04,16:08:11,0,0,4
2017-06-04,16:08:12,0,0,4
2017-06-04,16:08:13,0,0,4
2017-06-04,16:08:14,0,0,4
2017-06-04,16:08:15,0,0,4
2017-06-04,16:08:16,0,0,4
2017-06-04,16:08:17,0,0,4
2017-06-04,16:08:18,0,0,5
2017-06-04,16:08:19,0,0,5
2017-06-04,16:08:20,0,0,5
2017-06-04,16:08:21,0,0,5
2017-06-04,16:08:22,0,0,5
2017-06-04,16:08:23,0,0,5
2017-06-04,16:08:24,0,0,5
2017-06-04,16:08:25,0,0,5
2017-06-04,16:08:26,0,0,5
2017-06-04,16:08:27,0,0,5
2017-06-04,16:08:28,0,0,5
2017-06-04,16:08:29,0,0,5
2017-06-04,16:08:30,0,0,5
2017-06-04,16:08:31,0,0,5
2017-06-04,16:08:32,0,0,5
2017-06-04,16:08:33,0,0,5
2017-06-04,16:08:34,0,0,5
2017-06-04,16:08:35,0,0,5
2017-06-04,16:08:36,0,0,5
2017-06-04,16:08:37,0,0,5
2017-06-04,16:08:38,0,0,5
2017-06-04,16:08:39,0,0,5
2017-06-04,16:08:40,0,0,5
2017-06-04,16:08:41,0,0,5
2017-06-04,16:08:42,0,0,5
2017-06-04,16:08:43,0,0,5
2017-06-04,16:08:44,0,0,5
2017-06-04,16:08:45,0,0,5
2017-06-04,16:08:46,0,0,5
2017-06-04,16:08:47,0,0,5
2017-06-04,16:08:48,0,0,5
2017-06-04,16:08:49,0,0,5
2017-06-04,16:08:50,0,0,5
2017-06-04,16:08:51,0,0,5
2017-06-04,16:08:52,0,0,5
2017-06-04,16:08:53,0,0,5
2017-06-04,16:08:54,0,0,5
2017-06-04,16:08:55,0,0,5
2017-06-04,16:08:56,0,0,5
2017-06-04,16:08:57,0,0,5
2017-06-04,16:08:58,0,0,5
2017-06-04,16:08:59,0,0,5
2017-06-04,16:09:00,0,0,5
2017-06-04,16:09:01,0,0,5
2017-06-04,16:09:02,0,0,5
2017-06-04,16:09:03,0,0,5
2017-06-04,16:09:04,0,0,5
2017-06-04,16:09:05,0,0,5
2017-06-04,16:09:06,0,0,5
2017-06-04,16:09:07,0,0,5
2017-06-04,16:09:08,0,0,5
2017-06-04,16:09:09,0,0,5
2017-06-04,16:09:10,0,0,5
2017-06-04,16:09:11,0,0,5
2017-06-04,16:09:12,0,0,5
2017-06-04,16:09:13,0,0,5
2017-06-04,16:09:14,0,0,5
2017-06-04,16:09:15,0,0,5
2017-06-04,16:09:16,0,0,5
2017-06-04,16:09:17,0,0,5
2017-06-04,16:09:18,0,0,6
2017-06-04,16:09:19,0,0,6
2017-06-04,16:09:20,0,0,6
2017-06-04,16:09:21,0,0,6
2017-06-04,16:09:22,0,0,6
2017-06-04,16:09:23,0,0,6
2017-06-04,16:09:24,0,0,6
2017-06-04,16:09:25,0,0,6
2017-06-04,16:09:26,0,0,6
2017-06-04,16:09:27,0,0,6
2017-06-04,16:09:28,0,0,6
2017-06-04,16:09:29,0,0,6
2017-06-04,16:09:30,0,0,6
2017-06-04,16:09:31,0,0,6
2017-06-04,16:09:32,0,0,6
2017-06-04,16:09:33,0,0,6
2017-06-04,16:09:34,0,0,6
2017-06-04,16:09:35,0,0,6
2017-06-04,16:09:36,0,0,6
2017-06-04,16:09:37,0,0,6
2017-06-04,16:09:38,0,0,6
2017-06-04,16:09:39,0,0,6
2017-06-04,16:09:40,0,0,6
2017-06-04,16:09:41,0,0,6
2017-06-04,16:09:42,0,0,6
2017-06-04,16:09:43,0,0,6
2017-06-04,16:09:44,0,0,6
2017-06-04,16:09:45,0,0,6
2017-06-04,16:09:46,0,0,6
2017-06-04,16:09:47,0,0,6
2017-06-04,16:09:48,0,0,6
2017-06-04,16:09:49,0,0,6
2017-06-04,16:09:50,0,0,6
2017-06-04,16:09:51,0,0,6
2017-06-04,16:09:52,0,0,6
2017-06-04,16:09:53,0,0,6
2017-06-04,16:09:54,0,0,6
2017-06-04,16:09:55,0,0,6
2017-06-04,16:09:56,0,0,6
2017-06-04,16:09:57,0,0,6
2017-06-04,16:09:58,0,0,6
2017-06-04,16:09:59,0,0,6
2017-06-04,16:10:00,0,0,6
2017-06-04,16:10:01,0,0,6
2017-06-04,16:10:02,0,0,6
2017-06-04,16:10:03,0,0,6
2017-06-04,16:10:04,0,0,6
2017-06-04,16:10:05,0,0,6
2017-06-04,16:10:06,0,0,6
2017-06-04,16:10:07,0,0,6
2017-06-04,16:10:08,0,0,6
2017-06-04,16:10:09,0,0,6
2017-06-04,16:10:10,0,0,6
2017-06-04,16:10:11,0,0,6
2017-06-04,16:10:12,0,0,6
2017-06-04,16:10:13,0,0,6
2017-06-04,16:10:14,0,0,6
2017-06-04,16:10:15,0,0,6
2017-06-04,16:10:16,0,0,6
2017-06-04,16:10:17,0,0,6
2017-06-04,16:10:18,0,0,7
2017-06-04,16:10:19,0,0,7
2017-06-04,16:10:20,0,0,7
2017-06-04,16:10:21,0,0,7
2017-06-04,16:10:22,0,0,7
2017-06-04,16:10:23,0,0,7
2017-06-04,16:10:24,0,0,7
2017-06-04,16:10:25,0,0,7
2017-06-04,16:10:26,0,0,7
2017-06-04,16:10:27,0,0,7
2017-06-04,16:10:28,0,0,7
2017-06-04,16:10:29,0,0,7
2017-06-04,16:10:30,0,0,7
2017-06-04,16:10:31,0,0,7
2017-06-04,16:10:32,0,0,7
2017-06-04,16:10:33,0,0,7
2017-06-04,16:10:34,0,0,7
2017-06-04,16:10:35,0,0,7
2017-06-04,16:10:36,0,0,7
2017-06-04,16:10:37,0,0,7
2017-06-04,16:10:38,0,0,7
2017-06-04,16:10:39,0,0,7
2017-06-04,16:10:40,0,0,7
2017-06-04,16:10:41,0,0,7
2017-06-04,16:10:42,0,0,7
2017-06-04,16:10:43,0,0,7
2017-06-04,16:10:44,0,0,7
2017-06-04,16:10:45,0,0,7
2017-06-04,16:10:46,0,0,7
2017-06-04,16:10:47,0,0,7
2017-06-04,16:10:48,0,0,7
2017-06-04,16:10:49,0,0,7
2017-06-04,16:10:50,0,0,7
2017-06-04,16:10:51,0,0,7
2017-06-04,16:10:52,0,0,7
2017-06-04,16:10:53,0,0,7
2017-06-04,16:10:54,0,0,7
2017-06-04,16:10:55,0,0,7
2017-06-04,16:10:56,0,0,7
2017-06-04,16:10:57,0,0,7
2017-06-04,16:10:58,0,0,7
2017-06-04,16:10:59,0,0,7
2017-06-04,16:11:00,0,0,7
2017-06-04,16:11:01,0,0,7
2017-06-04,16:11:02,0,0,7
2017-06-04,16:11:03,0,0,7
2017-06-04,16:11:04,0,0,7
2017-06-04,16:11:05,0,0,7
2017-06-04,16:11:06,0,0,7
2017-06-04,16:11:07,0,0,7
2017-06-04,16:11:08,0,0,7
2017-06-04,16:11:09,0,0,7
2017-06-04,16:11:10,0,0,7
2017-06-04,16:11:11,0,0,7
2017-06-04,16:11:12,0,0,7
2017-06-04,16:11:13,0,0,7
2017-06-04,16:11:14,0,0,7
2017-06-04,16:11:15,0,0,7
2017-06-04,16:11:16,0,0,7
2017-06-04,16:11:17,0,0,7
2017-06-04,16:11:18,0,0,1
2017-06-04,16:11:19,0,0,1
2017-06-04,16:11:20,0,0,1
2017-06-04,16:11:21,0,0,1
2017-06-04,16:11:22,0,0,1
2017-06-04,16:11:23,0,0,1
2017-06-04,16:11:24,0,0,1
2017-06-04,16:11:25,0,0,1
2017-06-04,16:11:26,0,0,1
2017-06-04,16:11:27,0,0,1
2017-06-04,16:11:28,0,0,1
2017-06-04,16:11:29,0,0,1
2017-06-04,16:11:30,0,0,1
2017-06-04,16:11:31,0,0,1
2017-06-04,16:11:32,0,0,1
2017-06-04,16:11:33,0,0,1
2017-06-04,16:11:34,0,0,1
2017-06-04,16:11:35,0,0,1
2017-06-04,16:11:36,0,0,1
2017-06-04,16:11:37,0,0,1
2017-06-04,16:11:38,0,0,1
2017-06-04,16:11:39,0,0,1
2017-06-04,16:11:40,0,0,1
2017-06-04,16:11:41,0,0,1
2017-06-04,16:11:42,0,0,1
2017-06-04,16:11:43,0,0,1
2017-06-04,16:11:44,0,0,1
2017-06-04,16:11:45,0,0,1
2017-06-04,16:11:46,0,0,1
2017-06-04,16:11:47,0,0,1
2017-06-04,16:11:48,0,0,1
2017-06-04,16:11:49,0,0,1
2017-06-04,16:11:50,0,0,1
2017-06-04,16:11:51,0,0,1
2017-06-04,16:11:52,0,0,1
2017-06-04,16:11:53,0,0,1
2017-06-04,16:11:54,0,0,1
2017-06-04,16:11:55,0,0,1
2017-06-04,16:11:56,0,0,1
2017-06-04,16:11:57,0,0,1
2017-06-04,16:11:58,0,0,1
2017-06-04,16:11:59,0,0,1
2017-06-04,16:12:00,0,0,1
2017-06-04,16:12:01,0,0,1
2017-06-04,16:12:02,0,0,1
2017-06-04,16:12:03,0,0,1
2017-06-04,16:12:04,0,0,1
2017-06-04,16:12:05,0,0,1
2017-06-04,16:12:06,0,0,1
2017-06-04,16:12:07,0,0,1
2017-06-04,16:12:08,0,0,1
2017-06-04,16:12:09,0,0,1
2017-06-04,16:12:10,0,0,1
2017-06-04,16:12:11,0,0,1
2017-06-04,16:12:12,0,0,1
2017-06-04,16:12:13,0,0,1
2017-06-04,16:12:14,0,0,1
2017-06-04,16:12:15,0,0,1
2017-06-04,16:12:16,0,0,1
2017-06-04,16:12:17,0,0,1
2017-06-04,16:12:18,0,0,2
2017-06-04,16:12:19,0,0,2
2017-06-04,16:12:20,0,0,2
2017-06-04,16:12:21,0,0,2
2017-06-04,16:12:22,0,0,2
2017-06-04,16:12:23,0,0,2
2017-06-04,16:12:24,0,0,2
2017-06-04,16:12:25,0,0,2
2017-06-04,16:12:26,0,0,2
2017-06-04,16:12:27,0,0,2
2017-06-04,16:12:28,0,0,2
2017-06-04,16:12:29,0,0,2
2017-06-04,16:12:30,0,0,2
2017-06-04,16:12:31,0,0,2
2017-06-04,16:12:32,0,0,2
2017-06-04,16:12:33,0,0,2
2017-06-04,16:12:34,0,0,2
2017-06-04,16:12:35,0,0,2
2017-06-04,16:12:36,0,0,2
2017-06-04,16:12:37,0,0,2
2017-06-04,16:12:38,0,0,2
2017-06-04,16:12:39,0,0,2
2017-06-04,16:12:40,0,0,2
2017-06-04,16:12:41,0,0,2
2017-06-04,16:12:42,0,0,2
2017-06-04,16:12:43,0,0,2
2017-06-04,16:12:44,0,0,2
2017-06-04,16:12:45,0,0,2
2017-06-04,16:12:46,0,0,2
2017-06-04,16:12:47,0,0,2
2017-06-04,16:12:48,0,0,2
2017-06-04,16:12:49,0,0,2
2017-06-04,16:12:50,0,0,2
2017-06-04,16:12:51,0,0,2
2017-06-04,16:12:52,0,0,2
2017-06-04,16:12:53,0,0,2
2017-06-04,16:12:54,0,0,2
2017-06-04,16:12:55,0,0,2
2017-06-04,16:12:56,0,0,2
2017-06-04,16:12:57,0,0,2
2017-06-04,16:12:58,0,0,2
2017-06-04,16:12:59,0,0,2
2017-06-04,16:13:00,0,0,2
2017-06-04,16:13:01,0,0,2
2017-06-04,16:13:02,0,0,2
2017-06-04,16:13:03,0,0,2
2017-06-04,16:13:04,0,0,2
2017-06-04,16:13:05,0,0,2
2017-06-04,16:13:06,0,0,2
2017-06-04,16:13:07,1198,0,2
2017-06-04,16:13:08,1265,1,3
2017-06-04,16:13:09,1092,0,3
2017-06-04,16:13:10,0,0,3
2017-06-04,16:13:11,0,0,3
2017-06-04,16:13:12,0,0,3
2017-06-04,16:13:13,0,0,3
2017-06-04,16:13:14,0,0,3
2017-06-04,16:13:15,1695,0,3
2017-06-04,16:13:16,2693,0,3
2017-06-04,16:13:17,1796,0,3
2017-06-04,16:13:18,0,0,3
2017-06-04,16:13:19,0,0,3
2017-06-04,16:13:20,0,0,3
2017-06-04,16:13:21,0,0,3
2017-06-04,16:13:22,1028,0,3
2017-06-04,16:13:23,1262,0,3
2017-06-04,16:13:24,1763,0,3
2017-06-04,16:13:25,1713,0,3
2017-06-04,16:13:26,1850,0,3
2017-06-04,16:13:27,2323,1,5
2017-06-04,16:13:28,0,0,5
2017-06-04,16:13:29,0,0,5
2017-06-04,16:13:30,0,0,5
2017-06-04,16:13:31,0,0,5
2017-06-04,16:13:32,0,0,5
2017-06-04,16:13:33,1842,0,5
2017-06-04,16:13:34,2876,0,5
2017-06-04,16:13:35,2457,0,5
2017-06-04,16:13:36,2059,0,5
2017-06-04,16:13:37,2883,0,5
2017-06-04,16:13:38,3208,0,5
2017-06-04,16:13:39,3109,0,5
2017-06-04,16:13:40,3489,0,5
2017-06-04,16:13:41,2975,0,5
2017-06-04,16:13:42,2772,0,5
2017-06-04,16:13:43,2935,0,5
2017-06-04,16:13:44,3040,0,5
2017-06-04,16:13:45,3132,0,5
2017-06-04,16:13:46,3532,0,5
2017-06-04,16:13:47,3612,0,5
2017-06-04,16:13:48,3608,0,5
2017-06-04,16:13:49,2726,0,5
2017-06-04,16:13:50,1292,0,5
2017-06-04,16:13:51,1056,0,5
2017-06-04,16:13:52,1135,1,5
2017-06-04,16:13:53,0,0,5
2017-06-04,16:13:54,0,0,5
2017-06-04,16:13:55,0,0,5
2017-06-04,16:13:56,0,0,5
2017-06-04,16:13:57,0,0,5
2017-06-04,16:13:58,2838,0,5
2017-06-04,16:13:59,3154,0,5
2017-06-04,16:14:00,2986,0,5
2017-06-04,16:14:01,2938,0,5
2017-06-04,16:14:02,3350,0,5
2017-06-04,16:14:03,3704,0,5
2017-06-04,16:14:04,3240,0,5
2017-06-04,16:14:05,2855,0,5
2017-06-04,16:14:06,2676,0,5
2017-06-04,16:14:07,2090,0,5
2017-06-04,16:14:08,1889,0,5
2017-06-04,16:14:09,1903,0,5
2017-06-04,16:14:10,2055,0,5
2017-06-04,16:14:11,2128,0,5
2017-06-04,16:14:12,2377,0,5
2017-06-04,16:14:13,3096,0,5
2017-06-04,16:14:14,3010,0,5
2017-06-04,16:14:15,2957,0,5
2017-06-04,16:14:16,3102,0,5
2017-06-04,16:14:17,2799,0,5
2017-06-04,16:14:18,1947,0,5
2017-06-04,16:14:19,1905,0,5
2017-06-04,16:14:20,2361,0,5
2017-06-04,16:14:21,2570,0,5
2017-06-04,16:14:22,3023,0,5
2017-06-04,16:14:23,3238,0,5
2017-06-04,16:14:24,3193,0,5
2017-06-04,16:14:25,3276,0,5
2017-06-04,16:14:26,3466,0,5
2017-06-04,16:14:27,3764,0,5
2017-06-04,16:14:28,3632,0,5
2017-06-04,16:14:29,3511,0,5
2017-06-04,16:14:30,3494,0,5
2017-06-04,16:14:31,3692,0,5
2017-06-04,16:14:32,1628,0,5
2017-06-04,16:14:33,1016,0,5
2017-06-04,16:14:34,1157,0,5
2017-06-04,16:14:35,1594,0,5
2017-06-04,16:14:36,2268,0,5
2017-06-04,16:14:37,2072,0,5
2017-06-04,16:14:38,2773,0,5
2017-06-04,16:14:39,3004,0,5
2017-06-04,16:14:40,1856,0,5
2017-06-04,16:14:41,0,0,5
2017-06-04,16:14:42,1299,0,5
2017-06-04,16:14:43,1378,0,5
2017-06-04,16:14:44,2940,0,5
2017-06-04,16:14:45,1460,0,5
2017-06-04,16:14:46,2757,1,7
2017-06-04,16:14:47,1133,0,7
2017-06-04,16:14:48,3258,0,7
2017-06-04,16:14:49,4316,0,7
2017-06-04,16:14:50,4372,0,7
2017-06-04,16:14:51,3063,0,7
2017-06-04,16:14:52,3291,0,7
2017-06-04,16:14:53,2592,0,7
2017-06-04,16:14:54,2723,0,7
2017-06-04,16:14:55,3206,0,7
2017-06-04,16:14:56,4335,0,7
2017-06-04,16:14:57,4219,0,7
2017-06-04,16:14:58,4201,0,7
2017-06-04,16:14:59,3065,0,7
2017-06-04,16:15:00,0,0,7
2017-06-04,16:15:01,0,0,7
2017-06-04,16:15:02,2312,0,7
2017-06-04,16:15:03,4642,0,7
2017-06-04,16:15:04,4777,0,7
2017-06-04,16:15:05,4141,0,7
2017-06-04,16:15:06,2117,0,7
2017-06-04,16:15:07,3538,0,7
2017-06-04,16:15:08,4713,0,7
2017-06-04,16:15:09,1883,0,7
2017-06-04,16:15:10,0,0,7
2017-06-04,16:15:11,1116,1,5
2017-06-04,16:15:12,0,0,5
2017-06-04,16:15:13,0,0,5
2017-06-04,16:15:14,0,0,5
2017-06-04,16:15:15,0,0,5
2017-06-04,16:15:16,0,0,5
2017-06-04,16:15:17,0,0,5
2017-06-04,16:15:18,2618,0,5
2017-06-04,16:15:19,3612,0,5
2017-06-04,16:15:20,3605,0,5
2017-06-04,16:15:21,3547,0,5
2017-06-04,16:15:22,2551,0,5
2017-06-04,16:15:23,0,0,5
2017-06-04,16:15:24,1682,0,5
2017-06-04,16:15:25,1645,0,5
2017-06-04,16:15:26,2216,0,5
2017-06-04,16:15:27,2342,0,5
2017-06-04,16:15:28,2978,0,5
2017-06-04,16:15:29,2053,0,5
2017-06-04,16:15:30,2512,0,5
2017-06-04,16:15:31,1837,0,5
2017-06-04,16:15:32,1142,0,5
2017-06-04,16:15:33,2786,0,5
2017-06-04,16:15:34,2518,0,5
2017-06-04,16:15:35,2674,0,5
2017-06-04,16:15:36,2640,0,5
2017-06-04,16:15:37,2306,0,5
2017-06-04,16:15:38,2233,0,5
2017-06-04,16:15:39,2761,0,5
2017-06-04,16:15:40,2490,0,5
2017-06-04,16:15:41,2339,0,5
2017-06-04,16:15:42,2480,0,5
2017-06-04,16:15:43,2178,0,5
2017-06-04,16:15:44,1523,0,5
2017-06-04,16:15:45,1890,0,5
2017-06-04,16:15:46,1697,0,5
2017-06-04,16:15:47,0,0,5
2017-06-04,16:15:48,0,0,5
2017-06-04,16:15:49,0,0,5
2017-06-04,16:15:50,0,0,5
2017-06-04,16:15:51,0,0,5
2017-06-04,16:15:52,0,0,5
2017-06-04,16:15:53,0,0,5
2017-06-04,16:15:54,0,0,5
2017-06-04,16:15:55,0,0,5
2017-06-04,16:15:56,0,0,5
2017-06-04,16:15:57,0,0,5
2017-06-04,16:15:58,0,0,5
2017-06-04,16:15:59,0,0,5
2017-06-04,16:16:00,0,0,5
2017-06-04,16:16:01,0,0,5
2017-06-04,16:16:02,0,0,5
2017-06-04,16:16:03,0,0,5
2017-06-04,16:16:04,0,0,5
2017-06-04,16:16:05,2785,0,5
2017-06-04,16:16:06,2685,1,5
2017-06-04,16:16:07,1499,0,5
2017-06-04,16:16:08,1372,0,5
2017-06-04,16:16:09,1202,0,5
2017-06-04,16:16:10,3827,0,5
2017-06-04,16:16:11,4102,0,5
2017-06-04,16:16:12,3707,0,5
2017-06-04,16:16:13,4404,0,5
2017-06-04,16:16:14,4246,0,5
2017-06-04,16:16:15,4086,0,5
2017-06-04,16:16:16,4238,0,5
2017-06-04,16:16:17,1254,0,5
2017-06-04,16:16:18,0,0,5
2017-06-04,16:16:19,2050,0,5
2017-06-04,16:16:20,3573,0,5
2017-06-04,16:16:21,3803,0,5
2017-06-04,16:16:22,2973,0,5
2017-06-04,16:16:23,0,0,5
2017-06-04,16:16:24,1024,0,5
2017-06-04,16:16:25,1163,0,5
2017-06-04,16:16:26,1129,0,5
2017-06-04,16:16:27,1356,0,5
2017-06-04,16:16:28,1538,0,5
2017-06-04,16:16:29,2318,0,5
2017-06-04,16:16:30,2901,0,5
2017-06-04,16:16:31,1039,0,5
2017-06-04,16:16:32,0,0,5
2017-06-04,16:16:33,0,0,5
2017-06-04,16:16:34,0,0,5
2017-06-04,16:16:35,1583,0,5
2017-06-04,16:16:36,2576,1,1
2017-06-04,16:16:37,2898,0,1
2017-06-04,16:16:38,0,0,1
2017-06-04,16:16:39,2899,0,1
2017-06-04,16:16:40,2721,0,1
2017-06-04,16:16:41,1381,0,1
2017-06-04,16:16:42,2673,0,1
2017-06-04,16:16:43,3660,0,1
2017-06-04,16:16:44,3981,0,1
2017-06-04,16:16:45,3982,0,1
2017-06-04,16:16:46,3880,0,1
2017-06-04,16:16:47,3831,0,1
2017-06-04,16:16:48,2875,0,1
2017-06-04,16:16:49,2549,0,1
2017-06-04,16:16:50,2750,0,1
2017-06-04,16:16:51,2673,0,1
2017-06-04,16:16:52,2229,0,1
2017-06-04,16:16:53,2497,0,1
2017-06-04,16:16:54,2785,0,1
2017-06-04,16:16:55,2663,0,1
2017-06-04,16:16:56,2195,0,1
2017-06-04,16:16:57,1607,0,1
2017-06-04,16:16:58,1341,0,1
2017-06-04,16:16:59,1622,0,1
2017-06-04,16:17:00,2569,1,7
2017-06-04,16:17:01,0,0,7
2017-06-04,16:17:02,1190,0,7
2017-06-04,16:17:03,1138,0,7
2017-06-04,16:17:04,0,0,7
2017-06-04,16:17:05,0,0,7
2017-06-04,16:17:06,0,0,7
2017-06-04,16:17:07,1051,0,7
2017-06-04,16:17:08,3201,0,7
2017-06-04,16:17:09,3969,0,7
2017-06-04,16:17:10,4008,0,7
2017-06-04,16:17:11,4008,0,7
2017-06-04,16:17:12,3043,0,7
2017-06-04,16:17:13,2521,0,7
2017-06-04,16:17:14,3102,0,7
2017-06-04,16:17:15,2928,0,7
2017-06-04,16:17:16,3021,0,7
2017-06-04,16:17:17,3309,0,7
2017-06-04,16:17:18,3735,0,7
2017-06-04,16:17:19,3054,0,7
2017-06-04,16:17:20,3666,0,7
2017-06-04,16:17:21,2943,0,7
2017-06-04,16:17:22,1197,0,7
2017-06-04,16:17:23,2280,0,7
2017-06-04,16:17:24,2738,0,7
2017-06-04,16:17:25,3103,0,7
2017-06-04,16:17:26,3317,0,7
2017-06-04,16:17:27,3235,0,7
2017-06-04,16:17:28,2691,0,7
2017-06-04,16:17:29,3685,0,7
2017-06-04,16:17:30,3439,0,7
2017-06-04,16:17:31,3680,0,7
2017-06-04,16:17:32,3910,0,7
2017-06-04,16:17:33,3696,0,7
2017-06-04,16:17:34,1221,0,7
2017-06-04,16:17:35,1276,0,7
2017-06-04,16:17:36,1315,0,7
2017-06-04,16:17:37,1124,0,7
2017-06-04,16:17:38,1512,0,7
2017-06-04,16:17:39,2158,0,7
2017-06-04,16:17:40,1406,0,7
2017-06-04,16:17:41,1284,0,7
2017-06-04,16:17:42,0,0,7
2017-06-04,16:17:43,0,0,7
2017-06-04,16:17:44,0,0,7
2017-06-04,16:17:45,0,0,7
2017-06-04,16:17:46,0,0,7
2017-06-04,16:17:47,0,0,7
2017-06-04,16:17:48,0,0,7
2017-06-04,16:17:49,0,0,7
2017-06-04,16:17:50,0,0,7
2017-06-04,16:17:51,1215,0,7
2017-06-04,16:17:52,1439,0,7
2017-06-04,16:17:53,1547,0,7
2017-06-04,16:17:54,1453,0,7
2017-06-04,16:17:55,1069,0,7
2017-06-04,16:17:56,1697,0,7
2017-06-04,16:17:57,1481,0,7
2017-06-04,16:17:58,1173,0,7
2017-06-04,16:17:59,3404,0,7
2017-06-04,16:18:00,7804,0,7
2017-06-04,16:18:01,9040,0,7
2017-06-04,16:18:02,9507,0,7
2017-06-04,16:18:03,7441,0,7
2017-06-04,16:18:04,6708,0,7
2017-06-04,16:18:05,8680,0,7
2017-06-04,16:18:06,9083,0,7
2017-06-04,16:18:07,8564,0,7
2017-06-04,16:18:08,6095,0,7
2017-06-04,16:18:09,4667,0,7
2017-06-04,16:18:10,4524,0,7
2017-06-04,16:18:11,4045,0,7
2017-06-04,16:18:12,3994,0,7
2017-06-04,16:18:13,3922,0,7
2017-06-04,16:18:14,5985,0,7
2017-06-04,16:18:15,6718,0,7
2017-06-04,16:18:16,8611,0,7
2017-06-04,16:18:17,7013,0,7
2017-06-04,16:18:18,4398,0,7
2017-06-04,16:18:19,4440,0,7
2017-06-04,16:18:20,4753,0,7
2017-06-04,16:18:21,3718,0,7
2017-06-04,16:18:22,4606,0,7
2017-06-04,16:18:23,6393,0,7
2017-06-04,16:18:24,5729,0,7
2017-06-04,16:18:25,1554,0,7
2017-06-04,16:18:26,2217,0,7
2017-06-04,16:18:27,7654,0,7
2017-06-04,16:18:28,4093,0,7
2017-06-04,16:18:29,1411,0,7
2017-06-04,16:18:30,1339,0,7
2017-06-04,16:18:31,1279,0,7
2017-06-04,16:18:32,1392,0,7
2017-06-04,16:18:33,1202,0,7
2017-06-04,16:18:34,1196,0,7
2017-06-04,16:18:35,2015,0,7
2017-06-04,16:18:36,1701,0,7
2017-06-04,16:18:37,1084,0,7
2017-06-04,16:18:38,1241,0,7
2017-06-04,16:18:39,2420,0,7
2017-06-04,16:18:40,2060,0,8
2017-06-04,16:18:41,1483,0,8
2017-06-04,16:18:42,1523,0,8
2017-06-04,16:18:43,1859,0,8
2017-06-04,16:18:44,2151,0,8
2017-06-04,16:18:45,4168,0,8
2017-06-04,16:18:46,4777,0,8
2017-06-04,16:18:47,4922,0,8
2017-06-04,16:18:48,2641,0,8
2017-06-04,16:18:49,2043,0,8
2017-06-04,16:18:50,2224,0,8
2017-06-04,16:18:51,1346,0,8
2017-06-04,16:18:52,1231,0,8
2017-06-04,16:18:53,1731,0,8
2017-06-04,16:18:54,2755,0,8
2017-06-04,16:18:55,2827,0,8
2017-06-04,16:18:56,2903,0,8
2017-06-04,16:18:57,2468,0,8
2017-06-04,16:18:58,2222,0,8
2017-06-04,16:18:59,2523,0,8
2017-06-04,16:19:00,3151,0,8
2017-06-04,16:19:01,4350,0,8
2017-06-04,16:19:02,4217,0,8
2017-06-04,16:19:03,4476,0,8
2017-06-04,16:19:04,4496,0,8
2017-06-04,16:19:05,3917,0,8
2017-06-04,16:19:06,2746,0,8
2017-06-04,16:19:07,2582,0,8
2017-06-04,16:19:08,2220,0,8
2017-06-04,16:19:09,2397,0,8
2017-06-04,16:19:10,3920,0,8
2017-06-04,16:19:11,4108,0,8
2017-06-04,16:19:12,5353,0,8
2017-06-04,16:19:13,5318,0,8
2017-06-04,16:19:14,3076,0,8
2017-06-04,16:19:15,2663,0,8
2017-06-04,16:19:16,3231,0,8
2017-06-04,16:19:17,3053,0,8
2017-06-04,16:19:18,2353,0,8
2017-06-04,16:19:19,2681,0,8
2017-06-04,16:19:20,3344,0,8
2017-06-04,16:19:21,3073,0,8
2017-06-04,16:19:22,2448,0,8
2017-06-04,16:19:23,2990,0,8
2017-06-04,16:19:24,1456,0,8
2017-06-04,16:19:25,1391,0,8
2017-06-04,16:19:26,1809,0,8
2017-06-04,16:19:27,2011,0,8
2017-06-04,16:19:28,1464,0,8
2017-06-04,16:19:29,1238,0,8
2017-06-04,16:19:30,1492,0,8
2017-06-04,16:19:31,1610,0,8
2017-06-04,16:19:32,0,0,8
2017-06-04,16:19:33,0,1,6
2017-06-04,16:19:34,1029,0,6
2017-06-04,16:19:35,1126,0,6
2017-06-04,16:19:36,1311,0,6
2017-06-04,16:19:37,1515,0,6
2017-06-04,16:19:38,1341,0,6
2017-06-04,16:19:39,1014,0,6
2017-06-04,16:19:40,1316,0,6
2017-06-04,16:19:41,0,0,6
2017-06-04,16:19:42,0,0,6
2017-06-04,16:19:43,0,0,6
2017-06-04,16:19:44,0,0,6
2017-06-04,16:19:45,0,0,6
2017-06-04,16:19:46,0,0,6
2017-06-04,16:19:47,0,0,6
2017-06-04,16:19:48,0,0,6
2017-06-04,16:19:49,0,0,6
2017-06-04,16:19:50,0,0,6
2017-06-04,16:19:51,0,0,6
2017-06-04,16:19:52,0,0,6
2017-06-04,16:19:53,0,0,6
2017-06-04,16:19:54,0,0,6
2017-06-04,16:19:55,0,0,6
2017-06-04,16:19:56,0,0,6
2017-06-04,16:19:57,0,0,6
2017-06-04,16:19:58,0,0,6
2017-06-04,16:19:59,0,0,6
2017-06-04,16:20:00,0,0,6
2017-06-04,16:20:01,0,0,6
2017-06-04,16:20:02,0,0,6
2017-06-04,16:20:03,0,0,6
2017-06-04,16:20:04,0,0,6
2017-06-04,16:20:05,0,0,6
2017-06-04,16:20:06,0,0,6
2017-06-04,16:20:07,0,0,6
2017-06-04,16:20:08,0,0,6
2017-06-04,16:20:09,2615,0,6
2017-06-04,16:20:10,2495,0,6
2017-06-04,16:20:11,2633,0,6
2017-06-04,16:20:12,2497,0,6
2017-06-04,16:20:13,2398,0,6
2017-06-04,16:20:14,2462,0,6
2017-06-04,16:20:15,2413,0,6
2017-06-04,16:20:16,2369,0,6
2017-06-04,16:20:17,2331,0,6
2017-06-04,16:20:18,2181,0,6
2017-06-04,16:20:19,1899,0,6
2017-06-04,16:20:20,1865,0,6
2017-06-04,16:20:21,1389,0,6
2017-06-04,16:20:22,1581,0,6
2017-06-04,16:20:23,1389,0,6
2017-06-04,16:20:24,1515,0,6
2017-06-04,16:20:25,1090,0,6
2017-06-04,16:20:26,1537,0,6
2017-06-04,16:20:27,2038,0,6
2017-06-04,16:20:28,2027,0,6
2017-06-04,16:20:29,1545,0,6
2017-06-04,16:20:30,0,0,6
2017-06-04,16:20:31,0,0,6
2017-06-04,16:20:32,0,0,6
2017-06-04,16:20:33,0,0,6
2017-06-04,16:20:34,0,0,6
2017-06-04,16:20:35,0,0,6
2017-06-04,16:20:36,0,0,6
2017-06-04,16:20:37,0,0,6
2017-06-04,16:20:38,1265,0,6
2017-06-04,16:20:39,1758,0,6
2017-06-04,16:20:40,0,0,6
2017-06-04,16:20:41,0,0,6
2017-06-04,16:20:42,0,0,6
2017-06-04,16:20:43,0,0,6
2017-06-04,16:20:44,0,0,6
2017-06-04,16:20:45,0,0,6
2017-06-04,16:20:46,0,0,6
2017-06-04,16:20:47,0,0,6
2017-06-04,16:20:48,0,0,6
2017-06-04,16:20:49,1118,0,6
2017-06-04,16:20:50,1393,0,6
2017-06-04,16:20:51,0,0,6
2017-06-04,16:20:52,0,0,6
2017-06-04,16:20:53,0,0,6
2017-06-04,16:20:54,0,0,6
2017-06-04,16:20:55,0,0,6
2017-06-04,16:20:56,0,0,6
2017-06-04,16:20:57,0,0,6
2017-06-04,16:20:58,0,0,6
2017-06-04,16:20:59,0,0,6
2017-06-04,16:21:00,0,0,6
2017-06-04,16:21:01,2140,0,6
2017-06-04,16:21:02,2837,0,6
2017-06-04,16:21:03,3287,0,6
2017-06-04,16:21:04,4735,0,6
2017-06-04,16:21:05,4800,0,6
2017-06-04,16:21:06,4272,0,6
2017-06-04,16:21:07,4224,0,6
2017-06-04,16:21:08,4739,0,6
2017-06-04,16:21:09,3295,0,6
2017-06-04,16:21:10,2662,0,6
2017-06-04,16:21:11,2205,0,6
2017-06-04,16:21:12,2911,0,6
2017-06-04,16:21:13,0,0,6
2017-06-04,16:21:14,0,0,6
2017-06-04,16:21:15,0,0,6
2017-06-04,16:21:16,0,0,6
2017-06-04,16:21:17,0,0,6
2017-06-04,16:21:18,0,0,6
2017-06-04,16:21:19,0,0,6
2017-06-04,16:21:20,0,0,6
2017-06-04,16:21:21,0,0,6
2017-06-04,16:21:22,0,0,6
2017-06-04,16:21:23,0,0,6
2017-06-04,16:21:24,0,0,6
2017-06-04,16:21:25,0,0,6
2017-06-04,16:21:26,0,0,6
2017-06-04,16:21:27,0,0,6
2017-06-04,16:21:28,0,0,6
2017-06-04,16:21:29,0,0,6
2017-06-04,16:21:30,0,0,6
2017-06-04,16:21:31,0,0,6
2017-06-04,16:21:32,0,0,6
2017-06-04,16:21:33,0,0,6
2017-06-04,16:21:34,0,0,6
2017-06-04,16:21:35,0,0,6
2017-06-04,16:21:36,0,0,6
2017-06-04,16:21:37,0,0,6
2017-06-04,16:21:38,0,0,6
2017-06-04,16:21:39,0,0,6
2017-06-04,16:21:40,0,0,6
2017-06-04,16:21:41,0,0,6
2017-06-04,16:21:42,0,0,6
2017-06-04,16:21:43,0,0,6
2017-06-04,16:21:44,0,0,6
2017-06-04,16:21:45,0,0,6
2017-06-04,16:21:46,0,0,6
2017-06-04,16:21:47,0,0,6
2017-06-04,16:21:48,0,0,6
2017-06-04,16:21:49,0,0,6
2017-06-04,16:21:50,0,0,6
2017-06-04,16:21:51,0,0,6
2017-06-04,16:21:52,0,0,6
2017-06-04,16:21:53,0,0,6
2017-06-04,16:21:54,0,0,6
2017-06-04,16:21:55,0,0,6
2017-06-04,16:21:56,0,0,6
2017-06-04,16:21:57,0,0,6
2017-06-04,16:21:58,0,0,6
2017-06-04,16:21:59,0,0,6
2017-06-04,16:22:00,0,0,6
2017-06-04,16:22:01,0,0,6
2017-06-04,16:22:02,0,0,6
2017-06-04,16:22:03,0,0,6
2017-06-04,16:22:04,0,0,6
2017-06-04,16:22:05,0,0,6
2017-06-04,16:22:06,0,0,6
2017-06-04,16:22:07,0,0,6
2017-06-04,16:22:08,0,0,6
2017-06-04,16:22:09,0,0,6
2017-06-04,16:22:10,0,0,6
2017-06-04,16:22:11,0,0,6
2017-06-04,16:22:12,0,0,6
2017-06-04,16:22:13,0,0,6
2017-06-04,16:22:14,0,0,6
2017-06-04,16:22:15,0,0,6
2017-06-04,16:22:16,0,0,6
2017-06-04,16:22:17,0,0,6
2017-06-04,16:22:18,0,0,6
2017-06-04,16:22:19,0,0,6
2017-06-04,16:22:20,0,0,6
2017-06-04,16:22:21,0,0,6
2017-06-04,16:22:22,0,0,6
2017-06-04,16:22:23,0,0,6
2017-06-04,16:22:24,0,0,6
2017-06-04,16:22:25,0,0,6
2017-06-04,16:22:26,0,0,6
2017-06-04,16:22:27,0,0,6
2017-06-04,16:22:28,0,0,6
2017-06-04,16:22:29,0,0,6
2017-06-04,16:22:30,0,0,6
2017-06-04,16:22:31,0,0,6
2017-06-04,16:22:32,0,0,6
2017-06-04,16:22:33,0,0,6
2017-06-04,16:22:34,0,0,6
2017-06-04,16:22:35,0,0,6
2017-06-04,16:22:36,0,0,6
2017-06-04,16:22:37,0,0,6
2017-06-04,16:22:38,0,0,6
2017-06-04,16:22:39,0,0,6
2017-06-04,16:22:40,0,0,6
2017-06-04,16:22:41,0,0,6
2017-06-04,16:22:42,0,0,6
2017-06-04,16:22:43,0,0,6
2017-06-04,16:22:44,0,0,6
2017-06-04,16:22:45,0,0,6
2017-06-04,16:22:46,0,0,6
2017-06-04,16:22:47,0,0,6
2017-06-04,16:22:48,0,0,6
2017-06-04,16:22:49,0,0,6
2017-06-04,16:22:50,0,0,6
2017-06-04,16:22:51,0,0,6
2017-06-04,16:22:52,0,0,6
2017-06-04,16:22:53,0,0,6
2017-06-04,16:22:54,0,0,6
2017-06-04,16:22:55,0,0,6
2017-06-04,16:22:56,0,0,6
2017-06-04,16:22:57,0,0,6
2017-06-04,16:22:58,1467,0,6
2017-06-04,16:22:59,1157,0,6
2017-06-04,16:23:00,1245,0,6
2017-06-04,16:23:01,1062,0,6
2017-06-04,16:23:02,0,0,6
2017-06-04,16:23:03,0,0,6
2017-06-04,16:23:04,0,0,6
2017-06-04,16:23:05,0,0,6
2017-06-04,16:23:06,0,0,6
2017-06-04,16:23:07,0,0,6
2017-06-04,16:23:08,0,0,6
2017-06-04,16:23:09,0,0,6
2017-06-04,16:23:10,0,0,6
2017-06-04,16:23:11,1296,0,6
2017-06-04,16:23:12,2750,0,6
2017-06-04,16:23:13,3317,0,6
2017-06-04,16:23:14,3286,0,6
2017-06-04,16:23:15,1968,0,6
2017-06-04,16:23:16,0,0,6
2017-06-04,16:23:17,2230,0,6
2017-06-04,16:23:18,3194,0,6
2017-06-04,16:23:19,4772,0,6
2017-06-04,16:23:20,4072,0,6
2017-06-04,16:23:21,3525,0,6
2017-06-04,16:23:22,4181,0,6
2017-06-04,16:23:23,6619,0,6
2017-06-04,16:23:24,6709,0,6
2017-06-04,16:23:25,6919,0,6
2017-06-04,16:23:26,7037,0,6
2017-06-04,16:23:27,6936,0,6
2017-06-04,16:23:28,6580,0,6
2017-06-04,16:23:29,6717,0,6
2017-06-04,16:23:30,4972,0,6
2017-06-04,16:23:31,1888,0,6
2017-06-04,16:23:32,0,0,6
2017-06-04,16:23:33,0,0,6
2017-06-04,16:23:34,0,0,6
2017-06-04,16:23:35,0,0,6
2017-06-04,16:23:36,2121,0,6
2017-06-04,16:23:37,3746,0,6
2017-06-04,16:23:38,6270,0,6
2017-06-04,16:23:39,8145,0,6
2017-06-04,16:23:40,7547,0,6
2017-06-04,16:23:41,7716,0,6
2017-06-04,16:23:42,7648,0,6
2017-06-04,16:23:43,7787,0,6
2017-06-04,16:23:44,7643,0,6
2017-06-04,16:23:45,8248,0,6
2017-06-04,16:23:46,6028,0,6
2017-06-04,16:23:47,4484,0,6
2017-06-04,16:23:48,4280,0,6
2017-06-04,16:23:49,2044,0,6
2017-06-04,16:23:50,1612,0,6
2017-06-04,16:23:51,0,0,6
2017-06-04,16:23:52,0,0,6
2017-06-04,16:23:53,1015,0,6
2017-06-04,16:23:54,1001,0,6
2017-06-04,16:23:55,0,0,6
2017-06-04,16:23:56,1084,0,6
2017-06-04,16:23:57,1135,0,6
2017-06-04,16:23:58,0,0,6
2017-06-04,16:23:59,0,0,6
2017-06-04,16:24:00,0,0,6
2017-06-04,16:24:01,1070,0,6
2017-06-04,16:24:02,1025,0,6
2017-06-04,16:24:03,1031,0,6
2017-06-04,16:24:04,1036,0,6
2017-06-04,16:24:05,1255,0,6
2017-06-04,16:24:06,1130,0,6
2017-06-04,16:24:07,0,0,6
2017-06-04,16:24:08,0,0,6
2017-06-04,16:24:09,1027,0,6
2017-06-04,16:24:10,1064,0,6
2017-06-04,16:24:11,1092,0,6
2017-06-04,16:24:12,1052,0,6
2017-06-04,16:24:13,1024,0,6
2017-06-04,16:24:14,1048,0,6
2017-06-04,16:24:15,1057,0,6
2017-06-04,16:24:16,1111,0,6
2017-06-04,16:24:17,1010,0,6
2017-06-04,16:24:18,0,0,6
2017-06-04,16:24:19,1191,0,6
2017-06-04,16:24:20,1134,0,6
2017-06-04,16:24:21,1689,0,6
2017-06-04,16:24:22,2993,0,6
2017-06-04,16:24:23,3116,0,6
2017-06-04,16:24:24,3167,0,6
2017-06-04,16:24:25,3179,0,6
2017-06-04,16:24:26,2532,0,6
2017-06-04,16:24:27,0,0,6
2017-06-04,16:24:28,0,0,6
2017-06-04,16:24:29,1494,0,6
2017-06-04,16:24:30,3282,0,6
2017-06-04,16:24:31,4349,0,4
2017-06-04,16:24:32,3128,0,4
2017-06-04,16:24:33,0,0,4
2017-06-04,16:24:34,0,0,4
2017-06-04,16:24:35,0,0,4
2017-06-04,16:24:36,0,0,4
2017-06-04,16:24:37,0,0,4
2017-06-04,16:24:38,0,0,4
2017-06-04,16:24:39,0,0,4
2017-06-04,16:24:40,0,0,4
2017-06-04,16:24:41,0,0,4
2017-06-04,16:24:42,1004,0,4
2017-06-04,16:24:43,0,0,4
2017-06-04,16:24:44,0,0,4
2017-06-04,16:24:45,1185,0,4
2017-06-04,16:24:46,3332,0,4
2017-06-04,16:24:47,6436,0,4
2017-06-04,16:24:48,7252,0,4
2017-06-04,16:24:49,4369,0,4
2017-06-04,16:24:50,1252,0,4
2017-06-04,16:24:51,1358,0,4
2017-06-04,16:24:52,1284,0,4
2017-06-04,16:24:53,1360,0,4
2017-06-04,16:24:54,1246,0,4
2017-06-04,16:24:55,1246,0,4
2017-06-04,16:24:56,1247,0,4
2017-06-04,16:24:57,0,0,4
2017-06-04,16:24:58,0,0,4
2017-06-04,16:24:59,0,0,4
2017-06-04,16:25:00,0,0,4
2017-06-04,16:25:01,0,0,4
2017-06-04,16:25:02,0,0,4
2017-06-04,16:25:03,0,0,4
2017-06-04,16:25:04,0,0,4
2017-06-04,16:25:05,0,0,4
2017-06-04,16:25:06,0,0,4
2017-06-04,16:25:07,0,0,4
2017-06-04,16:25:08,0,0,4
2017-06-04,16:25:09,3140,1,6
2017-06-04,16:25:10,2265,0,6
2017-06-04,16:25:11,0,0,6
2017-06-04,16:25:12,0,0,6
2017-06-04,16:25:13,0,0,6
2017-06-04,16:25:14,0,0,6
2017-06-04,16:25:15,0,0,6
2017-06-04,16:25:16,0,0,6
2017-06-04,16:25:17,0,0,6
2017-06-04,16:25:18,1020,0,6
2017-06-04,16:25:19,1011,0,6
2017-06-04,16:25:20,1023,0,6
2017-06-04,16:25:21,1060,0,6
2017-06-04,16:25:22,1061,0,6
2017-06-04,16:25:23,1133,0,6
2017-06-04,16:25:24,1027,0,6
2017-06-04,16:25:25,1073,0,6
2017-06-04,16:25:26,1108,0,6
2017-06-04,16:25:27,1049,0,6
2017-06-04,16:25:28,1106,0,6
2017-06-04,16:25:29,1113,0,6
2017-06-04,16:25:30,1103,0,6
2017-06-04,16:25:31,1096,0,6
2017-06-04,16:25:32,1268,0,6
2017-06-04,16:25:33,1066,0,6
2017-06-04,16:25:34,1090,0,6
2017-06-04,16:25:35,0,0,6
2017-06-04,16:25:36,0,0,6
2017-06-04,16:25:37,0,0,6
2017-06-04,16:25:38,0,0,6
2017-06-04,16:25:39,0,0,6
2017-06-04,16:25:40,0,0,6
2017-06-04,16:25:41,0,0,6
2017-06-04,16:25:42,0,0,6
2017-06-04,16:25:43,0,0,6
2017-06-04,16:25:44,1086,0,6
2017-06-04,16:25:45,0,0,6
2017-06-04,16:25:46,0,0,6
2017-06-04,16:25:47,1611,0,6
2017-06-04,16:25:48,2373,0,6
2017-06-04,16:25:49,2547,1,5
2017-06-04,16:25:50,0,0,5
2017-06-04,16:25:51,0,0,5
2017-06-04,16:25:52,0,0,5
2017-06-04,16:25:53,0,0,5
2017-06-04,16:25:54,0,0,5
2017-06-04,16:25:55,0,0,5
2017-06-04,16:25:56,0,0,5
2017-06-04,16:25:57,0,0,5
2017-06-04,16:25:58,0,0,5
2017-06-04,16:25:59,0,0,5
2017-06-04,16:26:00,0,0,5
2017-06-04,16:26:01,1003,0,5
2017-06-04,16:26:02,1170,0,5
2017-06-04,16:26:03,1121,0,5
2017-06-04,16:26:04,1305,0,5
2017-06-04,16:26:05,1268,0,5
2017-06-04,16:26:06,1399,0,5
2017-06-04,16:26:07,1367,0,5
2017-06-04,16:26:08,1247,0,5
2017-06-04,16:26:09,0,0,5
2017-06-04,16:26:10,1602,0,5
2017-06-04,16:26:11,0,0,5
2017-06-04,16:26:12,1124,0,5
2017-06-04,16:26:13,1267,0,5
2017-06-04,16:26:14,1012,0,5
2017-06-04,16:26:15,1901,0,5
2017-06-04,16:26:16,1103,0,5
2017-06-04,16:26:17,1109,0,5
2017-06-04,16:26:18,1251,0,5
2017-06-04,16:26:19,1719,0,5
2017-06-04,16:26:20,1357,0,5
2017-06-04,16:26:21,1079,0,5
2017-06-04,16:26:22,1460,0,5
2017-06-04,16:26:23,1041,0,5
2017-06-04,16:26:24,1347,0,5
2017-06-04,16:26:25,1240,0,5
2017-06-04,16:26:26,1061,0,5
2017-06-04,16:26:27,1388,0,5
2017-06-04,16:26:28,1226,0,5
2017-06-04,16:26:29,1195,0,5
2017-06-04,16:26:30,1146,0,5
2017-06-04,16:26:31,1313,0,5
2017-06-04,16:26:32,1155,0,5
2017-06-04,16:26:33,1023,0,5
2017-06-04,16:26:34,2025,0,5
2017-06-04,16:26:35,2246,0,5
2017-06-04,16:26:36,1288,0,5
2017-06-04,16:26:37,2573,0,5
2017-06-04,16:26:38,2418,0,5
2017-06-04,16:26:39,3199,0,5
2017-06-04,16:26:40,3028,0,5
2017-06-04,16:26:41,2952,0,5
2017-06-04,16:26:42,2780,0,5
2017-06-04,16:26:43,3375,0,5
2017-06-04,16:26:44,3259,0,5
2017-06-04,16:26:45,3250,0,5
2017-06-04,16:26:46,3193,0,5
2017-06-04,16:26:47,2494,0,5
2017-06-04,16:26:48,1908,0,5
2017-06-04,16:26:49,1666,0,5
2017-06-04,16:26:50,1449,0,5
2017-06-04,16:26:51,1584,0,5
2017-06-04,16:26:52,1305,0,5
2017-06-04,16:26:53,1641,0,5
2017-06-04,16:26:54,1153,0,5
2017-06-04,16:26:55,0,0,5
2017-06-04,16:26:56,3466,0,5
2017-06-04,16:26:57,3564,0,5
2017-06-04,16:26:58,4166,0,5
2017-06-04,16:26:59,6709,0,5
2017-06-04,16:27:00,5707,0,5
2017-06-04,16:27:01,6093,0,5
2017-06-04,16:27:02,6122,0,5
2017-06-04,16:27:03,6502,0,5
2017-06-04,16:27:04,7532,0,5
2017-06-04,16:27:05,8236,0,5
2017-06-04,16:27:06,7562,0,5
2017-06-04,16:27:07,6383,0,5
2017-06-04,16:27:08,6462,0,5
2017-06-04,16:27:09,5489,0,5
2017-06-04,16:27:10,4204,0,5
2017-06-04,16:27:11,2104,0,5
2017-06-04,16:27:12,1614,0,3
2017-06-04,16:27:13,0,0,3
2017-06-04,16:27:14,0,0,3
2017-06-04,16:27:15,1603,0,3
2017-06-04,16:27:16,1872,0,3
2017-06-04,16:27:17,1871,0,3
2017-06-04,16:27:18,1240,0,3
2017-06-04,16:27:19,3019,0,3
2017-06-04,16:27:20,2716,0,3
2017-06-04,16:27:21,2708,0,3
2017-06-04,16:27:22,2643,1,4
2017-06-04,16:27:23,1986,0,4
2017-06-04,16:27:24,1057,0,4
2017-06-04,16:27:25,2043,0,4
2017-06-04,16:27:26,4021,1,5
2017-06-04,16:27:27,0,0,5
2017-06-04,16:27:28,1228,0,5
2017-06-04,16:27:29,1560,0,5
2017-06-04,16:27:30,1970,0,5
2017-06-04,16:27:31,1725,0,5
2017-06-04,16:27:32,1470,0,5
2017-06-04,16:27:33,1471,0,5
2017-06-04,16:27:34,1251,0,5
2017-06-04,16:27:35,1108,0,5
2017-06-04,16:27:36,2289,0,5
2017-06-04,16:27:37,2625,0,5
2017-06-04,16:27:38,4430,0,5
2017-06-04,16:27:39,5574,0,5
2017-06-04,16:27:40,2886,0,5
2017-06-04,16:27:41,2207,0,5
2017-06-04,16:27:42,1888,0,5
2017-06-04,16:27:43,1790,0,5
2017-06-04,16:27:44,1444,1,1
2017-06-04,16:27:45,0,0,1
2017-06-04,16:27:46,1366,0,1
2017-06-04,16:27:47,1721,0,1
2017-06-04,16:27:48,1265,0,1
2017-06-04,16:27:49,2379,0,1
2017-06-04,16:27:50,1864,0,1
2017-06-04,16:27:51,2829,1,5
2017-06-04,16:27:52,0,0,5
2017-06-04,16:27:53,0,0,5
2017-06-04,16:27:54,0,0,5
2017-06-04,16:27:55,1683,0,5
2017-06-04,16:27:56,1545,0,5
2017-06-04,16:27:57,0,0,5
2017-06-04,16:27:58,1630,0,5
2017-06-04,16:27:59,3325,0,5
2017-06-04,16:28:00,4638,0,5
2017-06-04,16:28:01,4475,0,5
2017-06-04,16:28:02,3990,0,5
2017-06-04,16:28:03,4562,0,5
2017-06-04,16:28:04,4425,0,5
2017-06-04,16:28:05,4216,0,5
2017-06-04,16:28:06,4369,0,5
2017-06-04,16:28:07,5261,0,5
2017-06-04,16:28:08,5548,0,5
2017-06-04,16:28:09,4687,0,5
2017-06-04,16:28:10,5123,0,5
2017-06-04,16:28:11,5643,0,5
2017-06-04,16:28:12,4689,0,5
2017-06-04,16:28:13,5048,0,5
2017-06-04,16:28:14,4760,0,5
2017-06-04,16:28:15,4911,0,5
2017-06-04,16:28:16,7613,0,5
2017-06-04,16:28:17,9200,0,5
2017-06-04,16:28:18,9228,0,5
2017-06-04,16:28:19,8703,0,5
2017-06-04,16:28:20,7938,0,5
2017-06-04,16:28:21,8500,0,5
2017-06-04,16:28:22,7855,0,5
2017-06-04,16:28:23,5304,0,5
2017-06-04,16:28:24,3929,0,5
2017-06-04,16:28:25,4185,0,5
2017-06-04,16:28:26,1693,0,5
2017-06-04,16:28:27,0,0,5
2017-06-04,16:28:28,0,0,5
2017-06-04,16:28:29,0,0,5
2017-06-04,16:28:30,2345,0,5
2017-06-04,16:28:31,1651,0,5
2017-06-04,16:28:32,1228,0,5
2017-06-04,16:28:33,0,0,5
2017-06-04,16:28:34,3875,0,5
2017-06-04,16:28:35,3921,0,5
2017-06-04,16:28:36,4032,0,5
2017-06-04,16:28:37,9203,0,5
2017-06-04,16:28:38,8799,0,5
2017-06-04,16:28:39,8485,0,5
2017-06-04,16:28:40,3641,0,5
2017-06-04,16:28:41,2014,0,5
2017-06-04,16:28:42,1925,0,5
2017-06-04,16:28:43,1830,0,5
2017-06-04,16:28:44,1923,0,5
2017-06-04,16:28:45,2782,0,5
2017-06-04,16:28:46,3606,0,5
2017-06-04,16:28:47,2634,1,5
2017-06-04,16:28:48,1253,0,5
2017-06-04,16:28:49,1407,0,5
2017-06-04,16:28:50,1358,0,5
2017-06-04,16:28:51,1771,0,5
2017-06-04,16:28:52,4703,0,5
2017-06-04,16:28:53,5232,0,5
2017-06-04,16:28:54,5362,0,5
2017-06-04,16:28:55,5107,0,5
2017-06-04,16:28:56,5252,0,5
2017-06-04,16:28:57,4159,0,5
2017-06-04,16:28:58,3497,0,5
2017-06-04,16:28:59,5594,0,5
2017-06-04,16:29:00,5816,0,5
2017-06-04,16:29:01,5005,0,5
2017-06-04,16:29:02,2760,0,5
2017-06-04,16:29:03,4588,0,5
2017-06-04,16:29:04,5565,0,5
2017-06-04,16:29:05,5187,0,5
2017-06-04,16:29:06,3530,0,5
2017-06-04,16:29:07,2831,0,5
2017-06-04,16:29:08,3552,0,5
2017-06-04,16:29:09,3244,0,5
2017-06-04,16:29:10,3853,0,5
2017-06-04,16:29:11,4932,0,5
2017-06-04,16:29:12,1917,0,5
2017-06-04,16:29:13,3504,0,5
2017-06-04,16:29:14,2743,0,5
2017-06-04,16:29:15,1733,0,5
2017-06-04,16:29:16,2043,0,5
2017-06-04,16:29:17,2415,0,5
2017-06-04,16:29:18,4015,0,5
2017-06-04,16:29:19,2568,1,1
2017-06-04,16:29:20,1885,0,1
2017-06-04,16:29:21,1155,0,1
2017-06-04,16:29:22,1633,0,1
2017-06-04,16:29:23,1773,0,1
2017-06-04,16:29:24,1009,0,1
2017-06-04,16:29:25,1066,0,1
2017-06-04,16:29:26,1916,0,1
2017-06-04,16:29:27,1910,0,1
2017-06-04,16:29:28,1291,0,1
2017-06-04,16:29:29,1894,0,1
2017-06-04,16:29:30,1503,0,1
2017-06-04,16:29:31,1401,0,1
2017-06-04,16:29:32,2637,0,1
2017-06-04,16:29:33,2154,0,1
2017-06-04,16:29:34,1863,0,1
2017-06-04,16:29:35,2241,0,1
2017-06-04,16:29:36,2173,0,1
2017-06-04,16:29:37,2995,1,5
2017-06-04,16:29:38,2583,0,5
2017-06-04,16:29:39,1631,0,5
2017-06-04,16:29:40,1159,0,5
2017-06-04,16:29:41,2639,0,5
2017-06-04,16:29:42,3883,0,5
2017-06-04,16:29:43,3499,0,5
2017-06-04,16:29:44,3088,0,5
2017-06-04,16:29:45,4492,0,5
2017-06-04,16:29:46,2320,0,5
2017-06-04,16:29:47,2394,0,5
2017-06-04,16:29:48,3358,0,5
2017-06-04,16:29:49,3777,0,5
2017-06-04,16:29:50,3079,0,5
2017-06-04,16:29:51,3104,0,5
2017-06-04,16:29:52,3037,0,5
2017-06-04,16:29:53,4434,0,5
2017-06-04,16:29:54,4803,0,5
2017-06-04,16:29:55,4556,0,5
2017-06-04,16:29:56,4435,0,5
2017-06-04,16:29:57,4482,0,5
2017-06-04,16:29:58,4352,0,5
2017-06-04,16:29:59,4168,0,5
2017-06-04,16:30:00,3910,0,5
2017-06-04,16:30:01,3828,0,5
2017-06-04,16:30:02,4706,0,5
2017-06-04,16:30:03,5652,0,5
2017-06-04,16:30:04,5046,0,5
2017-06-04,16:30:05,4816,0,5
2017-06-04,16:30:06,5107,0,5
2017-06-04,16:30:07,4701,0,5
2017-06-04,16:30:08,5708,0,5
2017-06-04,16:30:09,6158,0,5
2017-06-04,16:30:10,5739,0,5
2017-06-04,16:30:11,5328,0,5
2017-06-04,16:30:12,4479,0,5
2017-06-04,16:30:13,4184,0,5
2017-06-04,16:30:14,5187,0,5
2017-06-04,16:30:15,4789,0,5
2017-06-04,16:30:16,2094,0,5
2017-06-04,16:30:17,2998,0,5
2017-06-04,16:30:18,3270,0,5
2017-06-04,16:30:19,2534,0,5
2017-06-04,16:30:20,2007,0,5
2017-06-04,16:30:21,1663,0,5
2017-06-04,16:30:22,2073,0,5
2017-06-04,16:30:23,3832,0,5
2017-06-04,16:30:24,3122,0,5
2017-06-04,16:30:25,2814,0,5
2017-06-04,16:30:26,2647,0,5
2017-06-04,16:30:27,3844,0,5
2017-06-04,16:30:28,2838,0,5
2017-06-04,16:30:29,2937,0,5
2017-06-04,16:30:30,3043,0,5
2017-06-04,16:30:31,2273,0,5
2017-06-04,16:30:32,2034,0,5
2017-06-04,16:30:33,4652,0,5
2017-06-04,16:30:34,4020,0,5
2017-06-04,16:30:35,3237,0,5
2017-06-04,16:30:36,3330,0,5
2017-06-04,16:30:37,3236,0,1
2017-06-04,16:30:38,1174,0,1
2017-06-04,16:30:39,1537,0,1
2017-06-04,16:30:40,0,0,1
2017-06-04,16:30:41,1971,0,1
2017-06-04,16:30:42,1866,0,1
2017-06-04,16:30:43,2275,0,1
2017-06-04,16:30:44,2710,0,1
2017-06-04,16:30:45,3340,0,1
2017-06-04,16:30:46,3375,0,1
2017-06-04,16:30:47,3422,0,1
2017-06-04,16:30:48,3133,0,1
2017-06-04,16:30:49,3958,0,1
2017-06-04,16:30:50,3821,0,1
2017-06-04,16:30:51,3401,0,1
2017-06-04,16:30:52,4059,0,1
2017-06-04,16:30:53,2216,0,1
2017-06-04,16:30:54,1596,0,1
2017-06-04,16:30:55,1641,0,1
2017-06-04,16:30:56,1355,0,1
2017-06-04,16:30:57,1113,0,1
2017-06-04,16:30:58,1058,0,1
2017-06-04,16:30:59,1612,0,1
2017-06-04,16:31:00,2561,0,1
2017-06-04,16:31:01,2003,0,1
2017-06-04,16:31:02,1837,0,1
2017-06-04,16:31:03,2943,0,1
2017-06-04,16:31:04,3004,0,1
2017-06-04,16:31:05,2175,0,1
2017-06-04,16:31:06,1186,0,1
2017-06-04,16:31:07,2228,0,1
2017-06-04,16:31:08,1454,0,1
2017-06-04,16:31:09,0,0,1
2017-06-04,16:31:10,1205,0,1
2017-06-04,16:31:11,1103,0,1
2017-06-04,16:31:12,1398,0,1
2017-06-04,16:31:13,0,0,1
2017-06-04,16:31:14,0,0,1
2017-06-04,16:31:15,1337,0,1
2017-06-04,16:31:16,2105,1,5
2017-06-04,16:31:17,0,0,5
2017-06-04,16:31:18,0,0,5
2017-06-04,16:31:19,1379,0,5
2017-06-04,16:31:20,1454,0,5
2017-06-04,16:31:21,1683,0,5
2017-06-04,16:31:22,1994,0,5
2017-06-04,16:31:23,1473,0,5
2017-06-04,16:31:24,0,0,5
2017-06-04,16:31:25,0,0,5
2017-06-04,16:31:26,0,0,5
2017-06-04,16:31:27,0,0,5
2017-06-04,16:31:28,1266,0,5
2017-06-04,16:31:29,1564,0,5
2017-06-04,16:31:30,1293,0,5
2017-06-04,16:31:31,1407,0,5
2017-06-04,16:31:32,1890,0,5
2017-06-04,16:31:33,1895,0,5
2017-06-04,16:31:34,1512,0,5
2017-06-04,16:31:35,0,0,5
2017-06-04,16:31:36,0,0,5
2017-06-04,16:31:37,2460,0,5
2017-06-04,16:31:38,4996,0,5
2017-06-04,16:31:39,5309,0,5
2017-06-04,16:31:40,4693,0,5
2017-06-04,16:31:41,4761,0,5
2017-06-04,16:31:42,5384,0,5
2017-06-04,16:31:43,5444,0,5
2017-06-04,16:31:44,5486,0,5
2017-06-04,16:31:45,5397,0,5
2017-06-04,16:31:46,5123,0,5
2017-06-04,16:31:47,5188,0,5
2017-06-04,16:31:48,4989,0,5
2017-06-04,16:31:49,4283,0,5
2017-06-04,16:31:50,5829,0,5
2017-06-04,16:31:51,5137,0,5
2017-06-04,16:31:52,3718,0,5
2017-06-04,16:31:53,4077,1,3
2017-06-04,16:31:54,2743,0,3
2017-06-04,16:31:55,2791,0,3
2017-06-04,16:31:56,1743,0,3
2017-06-04,16:31:57,0,0,3
2017-06-04,16:31:58,1245,0,3
2017-06-04,16:31:59,2277,0,3
2017-06-04,16:32:00,5126,0,3
2017-06-04,16:32:01,5206,0,3
2017-06-04,16:32:02,5244,0,3
2017-06-04,16:32:03,3726,0,3
2017-06-04,16:32:04,3386,0,3
2017-06-04,16:32:05,1535,0,3
2017-06-04,16:32:06,2013,0,3
2017-06-04,16:32:07,2666,1,5
2017-06-04,16:32:08,0,0,5
2017-06-04,16:32:09,1129,0,5
2017-06-04,16:32:10,1170,0,5
2017-06-04,16:32:11,3198,0,5
2017-06-04,16:32:12,2244,0,5
2017-06-04,16:32:13,2785,0,5
2017-06-04,16:32:14,2873,0,5
2017-06-04,16:32:15,2802,0,5
2017-06-04,16:32:16,4097,0,5
2017-06-04,16:32:17,4395,0,5
2017-06-04,16:32:18,4575,0,5
2017-06-04,16:32:19,3163,0,5
2017-06-04,16:32:20,2841,0,5
2017-06-04,16:32:21,2991,0,5
2017-06-04,16:32:22,2453,0,5
2017-06-04,16:32:23,3116,0,5
2017-06-04,16:32:24,4303,0,5
2017-06-04,16:32:25,3764,0,5
2017-06-04,16:32:26,4948,0,5
2017-06-04,16:32:27,4256,0,5
2017-06-04,16:32:28,3137,0,5
2017-06-04,16:32:29,1373,0,5
2017-06-04,16:32:30,3398,0,5
2017-06-04,16:32:31,1373,0,5
2017-06-04,16:32:32,2156,0,5
2017-06-04,16:32:33,1979,0,5
2017-06-04,16:32:34,1055,0,5
2017-06-04,16:32:35,0,0,5
2017-06-04,16:32:36,1457,1,4
2017-06-04,16:32:37,0,0,4
2017-06-04,16:32:38,1130,0,4
2017-06-04,16:32:39,1242,0,4
2017-06-04,16:32:40,2005,0,4
2017-06-04,16:32:41,0,0,4
2017-06-04,16:32:42,2447,0,4
2017-06-04,16:32:43,2749,0,4
2017-06-04,16:32:44,2671,0,4
2017-06-04,16:32:45,2122,0,4
2017-06-04,16:32:46,2977,0,4
2017-06-04,16:32:47,3959,0,4
2017-06-04,16:32:48,3698,0,4
2017-06-04,16:32:49,3592,0,4
2017-06-04,16:32:50,2881,0,4
2017-06-04,16:32:51,1212,0,4
2017-06-04,16:32:52,3537,0,4
2017-06-04,16:32:53,3519,0,4
2017-06-04,16:32:54,2084,0,4
2017-06-04,16:32:55,1061,0,4
2017-06-04,16:32:56,0,0,4
2017-06-04,16:32:57,0,1,6
2017-06-04,16:32:58,0,0,6
2017-06-04,16:32:59,1210,0,6
2017-06-04,16:33:00,0,0,6
2017-06-04,16:33:01,0,0,6
2017-06-04,16:33:02,1554,0,6
2017-06-04,16:33:03,1394,0,6
2017-06-04,16:33:04,0,0,6
2017-06-04,16:33:05,1703,0,6
2017-06-04,16:33:06,2578,0,6
2017-06-04,16:33:07,2279,0,6
2017-06-04,16:33:08,3859,0,6
2017-06-04,16:33:09,0,0,6
2017-06-04,16:33:10,0,0,6
2017-06-04,16:33:11,0,0,6
2017-06-04,16:33:12,0,0,6
2017-06-04,16:33:13,0,0,6
2017-06-04,16:33:14,0,0,6
2017-06-04,16:33:15,0,0,6
2017-06-04,16:33:16,1164,0,6
2017-06-04,16:33:17,4486,0,6
2017-06-04,16:33:18,5190,1,8
2017-06-04,16:33:19,5423,0,8
2017-06-04,16:33:20,4290,0,8
2017-06-04,16:33:21,3636,0,8
2017-06-04,16:33:22,3476,0,8
2017-06-04,16:33:23,0,0,8
2017-06-04,16:33:24,0,0,8
2017-06-04,16:33:25,2458,0,8
2017-06-04,16:33:26,3777,0,8
2017-06-04,16:33:27,4325,0,8
2017-06-04,16:33:28,4659,0,8
2017-06-04,16:33:29,4427,0,8
2017-06-04,16:33:30,2932,0,8
2017-06-04,16:33:31,3646,0,8
2017-06-04,16:33:32,2128,0,8
2017-06-04,16:33:33,1136,0,8
2017-06-04,16:33:34,1302,0,8
2017-06-04,16:33:35,1386,0,8
2017-06-04,16:33:36,0,0,8
2017-06-04,16:33:37,0,0,8
2017-06-04,16:33:38,1806,0,8
2017-06-04,16:33:39,3662,0,8
2017-06-04,16:33:40,3827,0,8
2017-06-04,16:33:41,3888,0,8
2017-06-04,16:33:42,3657,0,8
2017-06-04,16:33:43,4006,0,8
2017-06-04,16:33:44,3074,0,8
2017-06-04,16:33:45,2887,0,8
2017-06-04,16:33:46,3303,0,8
2017-06-04,16:33:47,3781,0,8
2017-06-04,16:33:48,3883,0,8
2017-06-04,16:33:49,3674,0,8
2017-06-04,16:33:50,2362,0,8
2017-06-04,16:33:51,2975,0,8
2017-06-04,16:33:52,3084,0,8
2017-06-04,16:33:53,2178,0,8
2017-06-04,16:33:54,2672,0,8
2017-06-04,16:33:55,0,0,8
2017-06-04,16:33:56,1515,0,8
2017-06-04,16:33:57,4544,0,8
2017-06-04,16:33:58,5334,0,8
2017-06-04,16:33:59,5637,0,8
2017-06-04,16:34:00,5627,0,8
2017-06-04,16:34:01,5668,0,8
2017-06-04,16:34:02,5907,0,8
2017-06-04,16:34:03,5860,0,8
2017-06-04,16:34:04,5702,0,8
2017-06-04,16:34:05,4421,0,8
2017-06-04,16:34:06,4463,0,8
2017-06-04,16:34:07,3562,0,8
2017-06-04,16:34:08,4081,0,8
2017-06-04,16:34:09,4270,0,8
2017-06-04,16:34:10,4531,0,8
2017-06-04,16:34:11,4577,0,8
2017-06-04,16:34:12,4647,0,8
2017-06-04,16:34:13,5050,0,8
2017-06-04,16:34:14,4166,0,8
2017-06-04,16:34:15,5653,0,8
2017-06-04,16:34:16,3392,0,8
2017-06-04,16:34:17,3841,0,8
2017-06-04,16:34:18,5462,0,5
2017-06-04,16:34:19,2185,0,5
2017-06-04,16:34:20,1639,0,5
2017-06-04,16:34:21,3404,0,5
2017-06-04,16:34:22,7023,0,5
2017-06-04,16:34:23,7535,0,5
2017-06-04,16:34:24,7684,0,5
2017-06-04,16:34:25,7626,0,5
2017-06-04,16:34:26,4758,0,5
2017-06-04,16:34:27,4642,0,5
2017-06-04,16:34:28,5910,0,5
2017-06-04,16:34:29,4638,0,5
2017-06-04,16:34:30,5595,0,5
2017-06-04,16:34:31,5152,0,5
2017-06-04,16:34:32,6541,0,5
2017-06-04,16:34:33,5585,0,5
2017-06-04,16:34:34,2419,0,5
2017-06-04,16:34:35,2654,0,5
2017-06-04,16:34:36,4609,0,5
2017-06-04,16:34:37,5686,0,5
2017-06-04,16:34:38,6056,0,5
2017-06-04,16:34:39,4495,0,5
2017-06-04,16:34:40,4298,0,5
2017-06-04,16:34:41,4128,0,5
2017-06-04,16:34:42,3152,0,5
2017-06-04,16:34:43,1728,0,5
2017-06-04,16:34:44,1303,0,5
2017-06-04,16:34:45,0,0,5
2017-06-04,16:34:46,0,0,5
2017-06-04,16:34:47,0,0,5
2017-06-04,16:34:48,1900,0,5
2017-06-04,16:34:49,2981,1,3
2017-06-04,16:34:50,1827,0,3
2017-06-04,16:34:51,0,0,3
2017-06-04,16:34:52,0,0,3
2017-06-04,16:34:53,0,0,3
2017-06-04,16:34:54,3837,0,3
2017-06-04,16:34:55,7478,0,3
2017-06-04,16:34:56,7503,0,3
2017-06-04,16:34:57,6375,0,3
2017-06-04,16:34:58,5917,0,3
2017-06-04,16:34:59,7822,0,3
2017-06-04,16:35:00,5142,0,3
2017-06-04,16:35:01,4270,0,3
2017-06-04,16:35:02,4853,0,3
2017-06-04,16:35:03,4571,0,3
2017-06-04,16:35:04,4231,0,3
2017-06-04,16:35:05,4540,0,3
2017-06-04,16:35:06,4481,0,3
2017-06-04,16:35:07,4606,0,3
2017-06-04,16:35:08,4286,0,3
2017-06-04,16:35:09,3710,0,3
2017-06-04,16:35:10,3445,0,3
2017-06-04,16:35:11,3738,0,3
2017-06-04,16:35:12,4283,0,3
2017-06-04,16:35:13,3446,0,3
2017-06-04,16:35:14,2403,0,3
2017-06-04,16:35:15,2765,0,3
2017-06-04,16:35:16,5825,0,3
2017-06-04,16:35:17,4677,0,3
2017-06-04,16:35:18,5023,0,3
2017-06-04,16:35:19,2705,0,3
2017-06-04,16:35:20,2420,0,3
2017-06-04,16:35:21,3626,0,3
2017-06-04,16:35:22,4635,0,3
2017-06-04,16:35:23,3261,0,3
2017-06-04,16:35:24,4162,0,3
2017-06-04,16:35:25,6522,0,3
2017-06-04,16:35:26,3766,0,3
2017-06-04,16:35:27,4392,0,3
2017-06-04,16:35:28,6638,0,3
2017-06-04,16:35:29,7501,0,3
2017-06-04,16:35:30,7091,0,3
2017-06-04,16:35:31,5198,0,3
2017-06-04,16:35:32,4082,0,3
2017-06-04,16:35:33,2717,0,3
2017-06-04,16:35:34,3089,0,3
2017-06-04,16:35:35,1751,1,1
2017-06-04,16:35:36,1065,0,1
2017-06-04,16:35:37,1257,0,1
2017-06-04,16:35:38,4566,0,1
2017-06-04,16:35:39,5528,0,1
2017-06-04,16:35:40,5437,0,1
2017-06-04,16:35:41,5142,0,1
2017-06-04,16:35:42,5457,0,1
2017-06-04,16:35:43,5066,0,1
2017-06-04,16:35:44,2469,0,1
2017-06-04,16:35:45,3082,0,1
2017-06-04,16:35:46,2457,0,1
2017-06-04,16:35:47,2052,0,1
2017-06-04,16:35:48,3065,0,1
2017-06-04,16:35:49,2170,0,1
2017-06-04,16:35:50,2191,0,1
2017-06-04,16:35:51,4944,0,1
2017-06-04,16:35:52,5160,0,1
2017-06-04,16:35:53,5315,0,1
2017-06-04,16:35:54,2812,1,4
2017-06-04,16:35:55,2775,0,4
2017-06-04,16:35:56,2108,0,4
2017-06-04,16:35:57,3492,0,4
2017-06-04,16:35:58,3905,0,4
2017-06-04,16:35:59,3845,1,1
2017-06-04,16:36:00,4066,0,1
2017-06-04,16:36:01,4097,0,1
2017-06-04,16:36:02,3839,1,3
2017-06-04,16:36:03,3335,0,3
2017-06-04,16:36:04,3311,0,3
2017-06-04,16:36:05,1471,0,3
2017-06-04,16:36:06,3011,0,3
2017-06-04,16:36:07,5282,0,3
2017-06-04,16:36:08,7136,0,3
2017-06-04,16:36:09,6640,0,3
2017-06-04,16:36:10,6112,0,3
2017-06-04,16:36:11,7121,0,3
2017-06-04,16:36:12,6051,0,3
2017-06-04,16:36:13,5682,0,3
2017-06-04,16:36:14,5804,0,3
2017-06-04,16:36:15,5030,0,3
2017-06-04,16:36:16,4569,0,3
2017-06-04,16:36:17,2165,0,3
2017-06-04,16:36:18,1681,0,3
2017-06-04,16:36:19,2207,0,3
2017-06-04,16:36:20,1931,0,3
2017-06-04,16:36:21,3522,0,3
2017-06-04,16:36:22,3504,0,3
2017-06-04,16:36:23,3486,0,3
2017-06-04,16:36:24,5115,0,3
2017-06-04,16:36:25,5105,0,3
2017-06-04,16:36:26,5847,0,3
2017-06-04,16:36:27,5229,0,3
2017-06-04,16:36:28,3327,0,3
2017-06-04,16:36:29,2260,0,3
2017-06-04,16:36:30,1882,0,3
2017-06-04,16:36:31,1757,0,3
2017-06-04,16:36:32,3041,0,3
2017-06-04,16:36:33,2786,0,3
2017-06-04,16:36:34,2511,0,3
2017-06-04,16:36:35,2343,0,3
2017-06-04,16:36:36,2619,0,3
2017-06-04,16:36:37,3921,0,3
2017-06-04,16:36:38,4482,0,3
2017-06-04,16:36:39,5928,0,3
2017-06-04,16:36:40,5809,0,3
2017-06-04,16:36:41,5990,0,3
2017-06-04,16:36:42,3668,0,3
2017-06-04,16:36:43,5907,0,3
2017-06-04,16:36:44,8454,0,3
2017-06-04,16:36:45,7336,0,3
2017-06-04,16:36:46,3307,0,3
2017-06-04,16:36:47,4608,0,3
2017-06-04,16:36:48,4392,0,3
2017-06-04,16:36:49,2971,0,3
2017-06-04,16:36:50,5192,0,3
2017-06-04,16:36:51,5113,0,3
2017-06-04,16:36:52,4602,0,3
2017-06-04,16:36:53,3383,0,3
2017-06-04,16:36:54,2183,0,3
2017-06-04,16:36:55,2030,0,3
2017-06-04,16:36:56,3219,0,3
2017-06-04,16:36:57,3758,0,3
2017-06-04,16:36:58,4139,0,3
2017-06-04,16:36:59,4117,0,3
2017-06-04,16:37:00,4069,0,3
2017-06-04,16:37:01,3906,0,3
2017-06-04,16:37:02,3845,0,3
2017-06-04,16:37:03,4300,0,3
2017-06-04,16:37:04,3942,0,3
2017-06-04,16:37:05,3905,0,3
2017-06-04,16:37:06,3833,0,3
2017-06-04,16:37:07,4141,0,3
2017-06-04,16:37:08,5418,0,3
2017-06-04,16:37:09,6329,0,3
2017-06-04,16:37:10,5317,0,3
2017-06-04,16:37:11,4892,0,3
2017-06-04,16:37:12,4795,0,3
2017-06-04,16:37:13,5570,0,5
2017-06-04,16:37:14,4574,0,5
2017-06-04,16:37:15,4200,0,5
2017-06-04,16:37:16,4198,0,5
2017-06-04,16:37:17,4218,0,5
2017-06-04,16:37:18,4126,0,5
2017-06-04,16:37:19,3978,0,5
2017-06-04,16:37:20,4518,0,5
2017-06-04,16:37:21,4374,0,5
2017-06-04,16:37:22,4576,0,5
2017-06-04,16:37:23,4175,0,5
2017-06-04,16:37:24,4938,0,5
2017-06-04,16:37:25,5929,0,5
2017-06-04,16:37:26,5559,0,5
2017-06-04,16:37:27,5197,0,5
2017-06-04,16:37:28,4795,0,5
2017-06-04,16:37:29,4116,1,1
2017-06-04,16:37:30,3869,0,1
2017-06-04,16:37:31,3926,0,1
2017-06-04,16:37:32,4087,0,1
2017-06-04,16:37:33,4014,0,1
2017-06-04,16:37:34,4056,0,1
2017-06-04,16:37:35,4082,0,1
2017-06-04,16:37:36,4378,0,1
2017-06-04,16:37:37,4338,0,1
2017-06-04,16:37:38,4323,0,1
2017-06-04,16:37:39,4380,0,1
2017-06-04,16:37:40,4418,0,1
2017-06-04,16:37:41,4417,0,1
2017-06-04,16:37:42,4707,0,1
2017-06-04,16:37:43,5940,0,1
2017-06-04,16:37:44,5412,0,1
2017-06-04,16:37:45,5288,1,3
2017-06-04,16:37:46,4487,0,3
2017-06-04,16:37:47,4195,0,3
2017-06-04,16:37:48,3750,0,3
2017-06-04,16:37:49,4165,0,3
2017-06-04,16:37:50,4250,0,3
2017-06-04,16:37:51,4394,0,3
2017-06-04,16:37:52,4027,0,3
2017-06-04,16:37:53,4028,0,3
2017-06-04,16:37:54,3868,0,3
2017-06-04,16:37:55,3858,0,3
2017-06-04,16:37:56,4021,0,3
2017-06-04,16:37:57,5072,0,3
2017-06-04,16:37:58,8245,0,3
2017-06-04,16:37:59,5905,0,3
2017-06-04,16:38:00,4824,0,3
2017-06-04,16:38:01,1342,0,3
2017-06-04,16:38:02,1161,1,7
2017-06-04,16:38:03,3915,0,7
2017-06-04,16:38:04,4176,0,7
2017-06-04,16:38:05,4440,0,7
2017-06-04,16:38:06,4470,0,7
2017-06-04,16:38:07,4597,0,7
2017-06-04,16:38:08,4418,0,7
2017-06-04,16:38:09,4658,0,7
2017-06-04,16:38:10,4435,0,7
2017-06-04,16:38:11,4011,0,7
2017-06-04,16:38:12,4435,0,7
2017-06-04,16:38:13,4542,0,7
2017-06-04,16:38:14,4500,0,7
2017-06-04,16:38:15,4264,0,7
2017-06-04,16:38:16,4212,0,7
2017-06-04,16:38:17,4340,0,7
2017-06-04,16:38:18,4405,0,7
2017-06-04,16:38:19,4541,0,7
2017-06-04,16:38:20,4474,0,7
2017-06-04,16:38:21,4302,0,7
2017-06-04,16:38:22,4295,0,7
2017-06-04,16:38:23,4270,0,7
2017-06-04,16:38:24,4300,0,7
2017-06-04,16:38:25,4337,0,7
2017-06-04,16:38:26,4318,0,7
2017-06-04,16:38:27,4188,0,7
2017-06-04,16:38:28,3777,0,7
2017-06-04,16:38:29,3568,0,7
2017-06-04,16:38:30,2804,0,7
2017-06-04,16:38:31,1254,0,7
2017-06-04,16:38:32,1165,0,7
2017-06-04,16:38:33,1286,0,7
2017-06-04,16:38:34,0,0,7
2017-06-04,16:38:35,0,0,7
2017-06-04,16:38:36,0,0,7
2017-06-04,16:38:37,0,0,7
2017-06-04,16:38:38,0,0,7
2017-06-04,16:38:39,2310,0,7
2017-06-04,16:38:40,4064,0,7
2017-06-04,16:38:41,2625,0,7
2017-06-04,16:38:42,2592,1,3
2017-06-04,16:38:43,0,0,3
2017-06-04,16:38:44,1243,0,3
2017-06-04,16:38:45,1370,0,3
2017-06-04,16:38:46,1763,0,3
2017-06-04,16:38:47,1965,0,3
2017-06-04,16:38:48,1815,0,3
2017-06-04,16:38:49,2000,0,3
2017-06-04,16:38:50,3626,0,3
2017-06-04,16:38:51,5744,0,3
2017-06-04,16:38:52,4114,0,3
2017-06-04,16:38:53,4341,0,3
2017-06-04,16:38:54,3845,0,3
2017-06-04,16:38:55,3054,0,3
2017-06-04,16:38:56,2363,0,3
2017-06-04,16:38:57,1560,0,3
2017-06-04,16:38:58,1257,0,3
2017-06-04,16:38:59,1412,0,3
2017-06-04,16:39:00,2177,0,3
2017-06-04,16:39:01,2523,0,3
2017-06-04,16:39:02,2714,0,3
2017-06-04,16:39:03,2725,0,3
2017-06-04,16:39:04,2725,0,3
2017-06-04,16:39:05,2657,0,3
2017-06-04,16:39:06,3361,0,3
2017-06-04,16:39:07,3004,0,3
2017-06-04,16:39:08,3092,0,3
2017-06-04,16:39:09,2756,0,3
2017-06-04,16:39:10,1107,0,3
2017-06-04,16:39:11,0,0,3
2017-06-04,16:39:12,1993,0,3
2017-06-04,16:39:13,3179,0,3
2017-06-04,16:39:14,1886,0,3
2017-06-04,16:39:15,2550,0,3
2017-06-04,16:39:16,0,0,3
2017-06-04,16:39:17,0,0,3
2017-06-04,16:39:18,0,0,3
2017-06-04,16:39:19,0,0,3
2017-06-04,16:39:20,0,0,3
2017-06-04,16:39:21,0,0,3
2017-06-04,16:39:22,0,0,3
2017-06-04,16:39:23,3218,0,3
2017-06-04,16:39:24,1397,0,3
2017-06-04,16:39:25,0,1,2
2017-06-04,16:39:26,0,0,2
2017-06-04,16:39:27,0,0,2
2017-06-04,16:39:28,2472,0,2
2017-06-04,16:39:29,5168,0,2
2017-06-04,16:39:30,5199,0,2
2017-06-04,16:39:31,5128,0,2
2017-06-04,16:39:32,4587,0,2
2017-06-04,16:39:33,3513,0,2
2017-06-04,16:39:34,2630,0,2
2017-06-04,16:39:35,2382,0,2
2017-06-04,16:39:36,5054,0,2
2017-06-04,16:39:37,4899,0,2
2017-06-04,16:39:38,3351,0,2
2017-06-04,16:39:39,3131,0,2
2017-06-04,16:39:40,4138,0,2
2017-06-04,16:39:41,3591,0,2
2017-06-04,16:39:42,3245,0,2
2017-06-04,16:39:43,3027,0,2
2017-06-04,16:39:44,4458,0,2
2017-06-04,16:39:45,3783,0,2
2017-06-04,16:39:46,3462,0,2
2017-06-04,16:39:47,3209,0,2
2017-06-04,16:39:48,3433,0,2
2017-06-04,16:39:49,3281,0,2
2017-06-04,16:39:50,3193,0,2
2017-06-04,16:39:51,0,0,2
2017-06-04,16:39:52,1377,0,2
2017-06-04,16:39:53,1797,0,2
2017-06-04,16:39:54,1127,1,7
2017-06-04,16:39:55,1312,0,7
2017-06-04,16:39:56,1422,0,7
2017-06-04,16:39:57,1840,0,7
2017-06-04,16:39:58,1875,0,7
2017-06-04,16:39:59,1808,0,7
2017-06-04,16:40:00,1493,0,7
2017-06-04,16:40:01,1187,0,7
2017-06-04,16:40:02,0,0,7
2017-06-04,16:40:03,0,0,7
2017-06-04,16:40:04,0,0,7
2017-06-04,16:40:05,0,0,7
2017-06-04,16:40:06,0,0,7
2017-06-04,16:40:07,0,0,7
2017-06-04,16:40:08,0,0,7
2017-06-04,16:40:09,0,0,7
2017-06-04,16:40:10,0,0,7
2017-06-04,16:40:11,0,0,7
2017-06-04,16:40:12,0,0,7
2017-06-04,16:40:13,0,0,7
2017-06-04,16:40:14,0,0,7
2017-06-04,16:40:15,0,0,7
2017-06-04,16:40:16,0,0,7
2017-06-04,16:40:17,0,0,7
2017-06-04,16:40:18,0,0,7
2017-06-04,16:40:19,0,0,7
2017-06-04,16:40:20,0,0,7
2017-06-04,16:40:21,0,0,7
2017-06-04,16:40:22,0,0,7
2017-06-04,16:40:23,0,0,7
2017-06-04,16:40:24,0,0,7
2017-06-04,16:40:25,0,0,7
2017-06-04,16:40:26,0,0,7
2017-06-04,16:40:27,0,0,7
2017-06-04,16:40:28,0,0,7
2017-06-04,16:40:29,0,0,7
2017-06-04,16:40:30,0,0,7
2017-06-04,16:40:31,0,0,7
2017-06-04,16:40:32,0,0,7
2017-06-04,16:40:33,0,0,7
2017-06-04,16:40:34,0,0,7
2017-06-04,16:40:35,0,0,7
2017-06-04,16:40:36,0,0,7
2017-06-04,16:40:37,0,0,7
2017-06-04,16:40:38,0,0,7
2017-06-04,16:40:39,0,0,7
2017-06-04,16:40:40,0,0,7
2017-06-04,16:40:41,0,0,7
2017-06-04,16:40:42,0,0,7
2017-06-04,16:40:43,0,0,7
2017-06-04,16:40:44,0,0,7
2017-06-04,16:40:45,0,0,7
2017-06-04,16:40:46,0,0,7
2017-06-04,16:40:47,0,0,7
2017-06-04,16:40:48,0,0,7
2017-06-04,16:40:49,0,0,7
2017-06-04,16:40:50,0,0,7
2017-06-04,16:40:51,0,0,7
2017-06-04,16:40:52,0,0,7
2017-06-04,16:40:53,0,0,7
2017-06-04,16:40:54,0,0,7
2017-06-04,16:40:55,0,0,7
2017-06-04,16:40:56,0,0,7
2017-06-04,16:40:57,0,0,7
2017-06-04,16:40:58,0,0,7
2017-06-04,16:40:59,0,0,7
2017-06-04,16:41:00,0,0,7
2017-06-04,16:41:01,0,0,7
2017-06-04,16:41:02,0,0,7
2017-06-04,16:41:03,0,0,7
2017-06-04,16:41:04,0,0,7
2017-06-04,16:41:05,0,0,7
2017-06-04,16:41:06,0,0,7
2017-06-04,16:41:07,0,0,7
2017-06-04,16:41:08,0,0,7
2017-06-04,16:41:09,0,0,7
2017-06-04,16:41:10,0,0,7
2017-06-04,16:41:11,0,0,7
2017-06-04,16:41:12,0,0,7
2017-06-04,16:41:13,0,0,7
2017-06-04,16:41:14,0,0,7
2017-06-04,16:41:15,0,0,7
2017-06-04,16:41:16,0,0,7
2017-06-04,16:41:17,0,0,7
2017-06-04,16:41:18,0,0,7
2017-06-04,16:41:19,0,0,7
2017-06-04,16:41:20,0,0,7
2017-06-04,16:41:21,0,0,7
2017-06-04,16:41:22,0,0,7
2017-06-04,16:41:23,0,0,7
2017-06-04,16:41:24,0,0,7
2017-06-04,16:41:25,0,0,7
2017-06-04,16:41:26,0,0,7
2017-06-04,16:41:27,0,0,7
2017-06-04,16:41:28,0,0,7
2017-06-04,16:41:29,0,0,7
2017-06-04,16:41:30,0,0,7
2017-06-04,16:41:31,0,0,7
2017-06-04,16:41:32,0,0,7
2017-06-04,16:41:33,0,0,7
2017-06-04,16:41:34,0,0,7
2017-06-04,16:41:35,0,0,7
2017-06-04,16:41:36,0,0,7
2017-06-04,16:41:37,0,0,7
2017-06-04,16:41:38,0,0,7
2017-06-04,16:41:39,0,0,7
2017-06-04,16:41:40,0,0,7
2017-06-04,16:41:41,0,0,7
2017-06-04,16:41:42,0,0,7
2017-06-04,16:41:43,0,0,7
2017-06-04,16:41:44,0,0,7
2017-06-04,16:41:45,0,0,7
2017-06-04,16:41:46,0,0,7
2017-06-04,16:41:47,0,0,7
2017-06-04,16:41:48,0,0,7
2017-06-04,16:41:49,0,0,7
2017-06-04,16:41:50,0,0,7
2017-06-04,16:41:51,0,0,7
2017-06-04,16:41:52,0,0,7
2017-06-04,16:41:53,0,0,7
2017-06-04,16:41:54,0,0,7
2017-06-04,16:41:55,0,0,7
2017-06-04,16:41:56,0,0,7
2017-06-04,16:41:57,0,0,7
2017-06-04,16:41:58,0,0,7
2017-06-04,16:41:59,0,0,7
2017-06-04,16:42:00,0,0,7
2017-06-04,16:42:01,0,0,7
2017-06-04,16:42:02,0,0,7
2017-06-04,16:42:03,0,0,7
2017-06-04,16:42:04,0,0,7
2017-06-04,16:42:05,0,0,7
2017-06-04,16:42:06,0,0,7
2017-06-04,16:42:07,0,0,7
2017-06-04,16:42:08,0,0,7
2017-06-04,16:42:09,0,0,7
2017-06-04,16:42:10,0,0,7
2017-06-04,16:42:11,0,0,7
2017-06-04,16:42:12,0,0,7
2017-06-04,16:42:13,0,0,7
2017-06-04,16:42:14,0,0,7
2017-06-04,16:42:15,0,0,7
2017-06-04,16:42:16,1924,0,7
2017-06-04,16:42:17,1323,0,7
2017-06-04,16:42:18,0,0,7
2017-06-04,16:42:19,0,0,7
2017-06-04,16:42:20,0,0,7
2017-06-04,16:42:21,1892,0,7
2017-06-04,16:42:22,3959,0,7
2017-06-04,16:42:23,0,0,7
2017-06-04,16:42:24,3357,0,7
2017-06-04,16:42:25,4312,0,7
2017-06-04,16:42:26,5030,0,7
2017-06-04,16:42:27,5700,0,7
2017-06-04,16:42:28,4902,0,7
2017-06-04,16:42:29,1784,0,7
2017-06-04,16:42:30,0,0,7
2017-06-04,16:42:31,0,0,7
2017-06-04,16:42:32,0,0,7
2017-06-04,16:42:33,0,0,7
2017-06-04,16:42:34,0,0,7
2017-06-04,16:42:35,1209,0,7
2017-06-04,16:42:36,2690,0,7
2017-06-04,16:42:37,2970,0,7
2017-06-04,16:42:38,2826,0,7
2017-06-04,16:42:39,3061,0,7
2017-06-04,16:42:40,4279,0,7
2017-06-04,16:42:41,5257,0,7
2017-06-04,16:42:42,4443,0,7
2017-06-04,16:42:43,3064,0,7
2017-06-04,16:42:44,0,0,7
2017-06-04,16:42:45,0,0,7
2017-06-04,16:42:46,0,0,7
2017-06-04,16:42:47,0,0,7
2017-06-04,16:42:48,0,0,7
2017-06-04,16:42:49,0,0,7
2017-06-04,16:42:50,3005,0,7
2017-06-04,16:42:51,5479,0,7
2017-06-04,16:42:52,4205,0,7
2017-06-04,16:42:53,4868,0,7
2017-06-04,16:42:54,4501,0,7
2017-06-04,16:42:55,3485,0,7
2017-06-04,16:42:56,3750,0,7
2017-06-04,16:42:57,0,0,7
2017-06-04,16:42:58,1227,0,7
2017-06-04,16:42:59,0,0,7
2017-06-04,16:43:00,0,0,7
2017-06-04,16:43:01,0,0,7
2017-06-04,16:43:02,1098,0,7
2017-06-04,16:43:03,1016,0,7
2017-06-04,16:43:04,1259,0,7
2017-06-04,16:43:05,0,0,7
2017-06-04,16:43:06,1061,0,7
2017-06-04,16:43:07,0,0,7
2017-06-04,16:43:08,0,0,7
2017-06-04,16:43:09,0,0,7
2017-06-04,16:43:10,0,0,7
2017-06-04,16:43:11,3159,0,7
2017-06-04,16:43:12,3422,0,7
2017-06-04,16:43:13,3067,0,7
2017-06-04,16:43:14,2544,0,7
2017-06-04,16:43:15,3740,0,7
2017-06-04,16:43:16,2227,0,7
2017-06-04,16:43:17,1001,0,7
2017-06-04,16:43:18,1248,0,7
2017-06-04,16:43:19,0,0,7
2017-06-04,16:43:20,0,0,7
2017-06-04,16:43:21,0,0,7
2017-06-04,16:43:22,0,0,7
2017-06-04,16:43:23,0,0,7
2017-06-04,16:43:24,0,0,7
2017-06-04,16:43:25,0,0,7
2017-06-04,16:43:26,0,0,7
2017-06-04,16:43:27,0,0,7
2017-06-04,16:43:28,0,0,7
2017-06-04,16:43:29,0,0,7
2017-06-04,16:43:30,0,0,7
2017-06-04,16:43:31,0,0,7
2017-06-04,16:43:32,0,0,7
2017-06-04,16:43:33,0,0,7
2017-06-04,16:43:34,0,0,7
2017-06-04,16:43:35,0,0,7
2017-06-04,16:43:36,0,0,7
2017-06-04,16:43:37,0,0,7
2017-06-04,16:43:38,0,0,7
2017-06-04,16:43:39,0,0,7
2017-06-04,16:43:40,0,0,7
2017-06-04,16:43:41,0,0,7
2017-06-04,16:43:42,0,0,7
2017-06-04,16:43:43,0,0,7
2017-06-04,16:43:44,0,0,7
2017-06-04,16:43:45,0,0,7
2017-06-04,16:43:46,0,0,7
2017-06-04,16:43:47,0,0,7
2017-06-04,16:43:48,0,0,7
2017-06-04,16:43:49,0,0,7
2017-06-04,16:43:50,0,0,7
2017-06-04,16:43:51,0,0,7
2017-06-04,16:43:52,0,0,7
2017-06-04,16:43:53,0,0,7
2017-06-04,16:43:54,0,0,7
2017-06-04,16:43:55,0,0,7
2017-06-04,16:43:56,0,0,7
2017-06-04,16:43:57,0,0,7
2017-06-04,16:43:58,0,0,7
2017-06-04,16:43:59,0,0,7
2017-06-04,16:44:00,0,0,7
2017-06-04,16:44:01,0,0,7
2017-06-04,16:44:02,0,0,7
2017-06-04,16:44:03,0,0,7
2017-06-04,16:44:04,0,0,7
2017-06-04,16:44:05,0,0,7
2017-06-04,16:44:06,0,0,7
2017-06-04,16:44:07,0,0,7
2017-06-04,16:44:08,0,0,7
2017-06-04,16:44:09,0,0,7
2017-06-04,16:44:10,0,0,7
2017-06-04,16:44:11,0,0,7
2017-06-04,16:44:12,0,0,7
2017-06-04,16:44:13,0,0,7
2017-06-04,16:44:14,0,0,7
2017-06-04,16:44:15,0,0,7
2017-06-04,16:44:16,0,0,7
2017-06-04,16:44:17,0,0,7
2017-06-04,16:44:18,0,0,7
2017-06-04,16:44:19,1519,0,7
2017-06-04,16:44:20,1218,0,7
2017-06-04,16:44:21,0,0,7
2017-06-04,16:44:22,1030,0,7
2017-06-04,16:44:23,1152,0,7
2017-06-04,16:44:24,1356,0,7
2017-06-04,16:44:25,1387,0,7
2017-06-04,16:44:26,1505,0,7
2017-06-04,16:44:27,2548,0,7
2017-06-04,16:44:28,1921,0,7
2017-06-04,16:44:29,0,0,7
2017-06-04,16:44:30,1770,0,7
2017-06-04,16:44:31,2692,0,7
2017-06-04,16:44:32,2500,0,7
2017-06-04,16:44:33,2411,0,7
2017-06-04,16:44:34,2352,0,7
2017-06-04,16:44:35,2415,0,7
2017-06-04,16:44:36,2193,0,7
2017-06-04,16:44:37,2145,0,7
2017-06-04,16:44:38,1303,0,7
2017-06-04,16:44:39,1954,0,7
2017-06-04,16:44:40,2227,0,7
2017-06-04,16:44:41,2492,0,8
2017-06-04,16:44:42,1679,0,8
2017-06-04,16:44:43,2224,0,8
2017-06-04,16:44:44,2130,0,8
2017-06-04,16:44:45,1647,0,8
2017-06-04,16:44:46,1318,0,8
2017-06-04,16:44:47,1107,0,8
2017-06-04,16:44:48,1128,0,8
2017-06-04,16:44:49,1104,0,8
2017-06-04,16:44:50,1184,0,8
2017-06-04,16:44:51,1553,0,8
2017-06-04,16:44:52,1722,0,8
2017-06-04,16:44:53,2016,0,8
2017-06-04,16:44:54,1554,0,8
2017-06-04,16:44:55,1015,0,8
2017-06-04,16:44:56,1320,0,8
2017-06-04,16:44:57,1502,0,8
2017-06-04,16:44:58,1052,0,8
2017-06-04,16:44:59,0,0,8
2017-06-04,16:45:00,1284,0,8
2017-06-04,16:45:01,1105,0,8
2017-06-04,16:45:02,1700,0,8
2017-06-04,16:45:03,1474,0,8
2017-06-04,16:45:04,1861,0,8
2017-06-04,16:45:05,2584,0,8
2017-06-04,16:45:06,1553,0,8
2017-06-04,16:45:07,0,0,8
2017-06-04,16:45:08,0,0,8
2017-06-04,16:45:09,0,0,8
2017-06-04,16:45:10,0,0,8
2017-06-04,16:45:11,0,0,8
2017-06-04,16:45:12,1133,0,8
2017-06-04,16:45:13,1024,0,8
2017-06-04,16:45:14,0,0,8
2017-06-04,16:45:15,0,0,8
2017-06-04,16:45:16,0,1,6
2017-06-04,16:45:17,0,0,6
2017-06-04,16:45:18,0,0,6
2017-06-04,16:45:19,0,0,6
2017-06-04,16:45:20,0,0,6
2017-06-04,16:45:21,0,0,6
2017-06-04,16:45:22,0,0,6
2017-06-04,16:45:23,1982,0,6
2017-06-04,16:45:24,2410,0,6
2017-06-04,16:45:25,1672,0,6
2017-06-04,16:45:26,1759,0,6
2017-06-04,16:45:27,1569,0,6
2017-06-04,16:45:28,1153,0,6
2017-06-04,16:45:29,0,0,6
2017-06-04,16:45:30,1207,0,6
2017-06-04,16:45:31,2237,0,6
2017-06-04,16:45:32,2708,0,6
2017-06-04,16:45:33,1756,0,6
2017-06-04,16:45:34,0,0,6
2017-06-04,16:45:35,0,0,6
2017-06-04,16:45:36,0,0,6
2017-06-04,16:45:37,1678,0,6
2017-06-04,16:45:38,1944,0,6
2017-06-04,16:45:39,0,0,6
2017-06-04,16:45:40,0,0,6
2017-06-04,16:45:41,1290,0,6
2017-06-04,16:45:42,2604,0,6
2017-06-04,16:45:43,2314,0,6
2017-06-04,16:45:44,2343,0,6
2017-06-04,16:45:45,2088,0,6
2017-06-04,16:45:46,2202,0,6
2017-06-04,16:45:47,1436,0,6
2017-06-04,16:45:48,1128,0,6
2017-06-04,16:45:49,1153,0,6
2017-06-04,16:45:50,1202,0,6
2017-06-04,16:45:51,1239,0,6
2017-06-04,16:45:52,1931,0,6
2017-06-04,16:45:53,1186,0,6
2017-06-04,16:45:54,1911,0,6
2017-06-04,16:45:55,2151,0,6
2017-06-04,16:45:56,1819,0,6
2017-06-04,16:45:57,1927,1,5
2017-06-04,16:45:58,1744,0,5
2017-06-04,16:45:59,1901,0,5
2017-06-04,16:46:00,1986,0,5
2017-06-04,16:46:01,2140,0,5
2017-06-04,16:46:02,2009,0,5
2017-06-04,16:46:03,1243,0,5
2017-06-04,16:46:04,1452,0,5
2017-06-04,16:46:05,1410,0,5
2017-06-04,16:46:06,1483,0,5
2017-06-04,16:46:07,2383,0,5
2017-06-04,16:46:08,3652,0,5
2017-06-04,16:46:09,1592,0,5
2017-06-04,16:46:10,1382,0,5
2017-06-04,16:46:11,3333,0,5
2017-06-04,16:46:12,3008,0,5
2017-06-04,16:46:13,2440,1,6
2017-06-04,16:46:14,1384,0,6
2017-06-04,16:46:15,1946,0,6
2017-06-04,16:46:16,2102,0,6
2017-06-04,16:46:17,1533,0,6
2017-06-04,16:46:18,2045,0,6
2017-06-04,16:46:19,2039,0,6
2017-06-04,16:46:20,1326,0,6
2017-06-04,16:46:21,1146,0,6
2017-06-04,16:46:22,1345,0,6
2017-06-04,16:46:23,1320,0,6
2017-06-04,16:46:24,1555,0,6
2017-06-04,16:46:25,2179,0,6
2017-06-04,16:46:26,1644,0,6
2017-06-04,16:46:27,2591,0,6
2017-06-04,16:46:28,2729,0,6
2017-06-04,16:46:29,1796,0,6
2017-06-04,16:46:30,1146,0,6
2017-06-04,16:46:31,1095,0,6
2017-06-04,16:46:32,1182,0,6
2017-06-04,16:46:33,1494,0,6
2017-06-04,16:46:34,1946,0,6
2017-06-04,16:46:35,1597,0,6
2017-06-04,16:46:36,2788,0,6
2017-06-04,16:46:37,1906,0,6
2017-06-04,16:46:38,2485,0,6
2017-06-04,16:46:39,3287,1,4
2017-06-04,16:46:40,3154,1,1
2017-06-04,16:46:41,1319,0,1
2017-06-04,16:46:42,1538,0,1
2017-06-04,16:46:43,1623,0,1
2017-06-04,16:46:44,1789,0,1
2017-06-04,16:46:45,2536,0,1
2017-06-04,16:46:46,2188,0,1
2017-06-04,16:46:47,2541,0,1
2017-06-04,16:46:48,2698,0,1
2017-06-04,16:46:49,2546,0,1
2017-06-04,16:46:50,1256,0,1
2017-06-04,16:46:51,0,0,1
2017-06-04,16:46:52,0,0,1
2017-06-04,16:46:53,1191,0,1
2017-06-04,16:46:54,2513,0,1
2017-06-04,16:46:55,2836,0,1
2017-06-04,16:46:56,2952,0,1
2017-06-04,16:46:57,3263,0,1
2017-06-04,16:46:58,3683,0,1
2017-06-04,16:46:59,3797,0,1
2017-06-04,16:47:00,4612,0,1
2017-06-04,16:47:01,4031,0,1
2017-06-04,16:47:02,3274,0,1
2017-06-04,16:47:03,1431,0,1
2017-06-04,16:47:04,1200,0,1
2017-06-04,16:47:05,1046,0,1
2017-06-04,16:47:06,2106,0,1
2017-06-04,16:47:07,3386,1,1
2017-06-04,16:47:08,3126,0,1
2017-06-04,16:47:09,2306,0,1
2017-06-04,16:47:10,2932,0,1
2017-06-04,16:47:11,3455,0,1
2017-06-04,16:47:12,3379,1,4
2017-06-04,16:47:13,2990,0,4
2017-06-04,16:47:14,2197,0,4
2017-06-04,16:47:15,1278,0,4
2017-06-04,16:47:16,1284,0,4
2017-06-04,16:47:17,1602,0,4
2017-06-04,16:47:18,1516,0,4
2017-06-04,16:47:19,1765,0,4
2017-06-04,16:47:20,2365,0,4
2017-06-04,16:47:21,2321,0,4
2017-06-04,16:47:22,2402,0,4
2017-06-04,16:47:23,1345,0,4
2017-06-04,16:47:24,1026,0,4
2017-06-04,16:47:25,0,0,4
2017-06-04,16:47:26,0,0,4
2017-06-04,16:47:27,0,0,4
2017-06-04,16:47:28,0,0,4
2017-06-04,16:47:29,1545,0,4
2017-06-04,16:47:30,3440,1,5
2017-06-04,16:47:31,1501,0,5
2017-06-04,16:47:32,2275,0,5
2017-06-04,16:47:33,3603,0,5
2017-06-04,16:47:34,4263,0,5
2017-06-04,16:47:35,5266,0,5
2017-06-04,16:47:36,3488,0,5
2017-06-04,16:47:37,3973,0,5
2017-06-04,16:47:38,2392,0,5
2017-06-04,16:47:39,4617,0,5
2017-06-04,16:47:40,4246,0,5
2017-06-04,16:47:41,1642,0,5
2017-06-04,16:47:42,0,0,5
2017-06-04,16:47:43,2088,0,5
2017-06-04,16:47:44,2229,0,5
2017-06-04,16:47:45,3875,0,5
2017-06-04,16:47:46,5225,1,8
2017-06-04,16:47:47,3690,0,8
2017-06-04,16:47:48,3374,0,8
2017-06-04,16:47:49,4787,0,8
2017-06-04,16:47:50,4564,0,8
2017-06-04,16:47:51,3132,0,8
2017-06-04,16:47:52,3884,0,8
2017-06-04,16:47:53,5994,0,8
2017-06-04,16:47:54,5560,0,8
2017-06-04,16:47:55,5116,0,8
2017-06-04,16:47:56,4292,0,8
2017-06-04,16:47:57,4674,0,8
2017-06-04,16:47:58,5891,0,8
2017-06-04,16:47:59,5651,0,8
2017-06-04,16:48:00,3768,0,8
2017-06-04,16:48:01,2856,0,8
2017-06-04,16:48:02,2054,0,8
2017-06-04,16:48:03,1860,0,8
2017-06-04,16:48:04,3969,0,8
2017-06-04,16:48:05,5572,0,8
2017-06-04,16:48:06,5040,0,8
2017-06-04,16:48:07,4104,0,8
2017-06-04,16:48:08,2618,0,8
2017-06-04,16:48:09,3791,0,8
2017-06-04,16:48:10,6599,0,8
2017-06-04,16:48:11,4879,0,8
2017-06-04,16:48:12,2980,0,8
2017-06-04,16:48:13,3231,0,8
2017-06-04,16:48:14,5079,0,8
2017-06-04,16:48:15,4182,0,8
2017-06-04,16:48:16,5050,0,8
2017-06-04,16:48:17,4016,0,8
2017-06-04,16:48:18,1528,0,8
2017-06-04,16:48:19,2085,0,8
2017-06-04,16:48:20,4480,0,8
2017-06-04,16:48:21,5169,0,8
2017-06-04,16:48:22,2205,0,8
2017-06-04,16:48:23,2098,0,8
2017-06-04,16:48:24,3843,0,8
2017-06-04,16:48:25,5861,0,8
2017-06-04,16:48:26,4775,0,8
2017-06-04,16:48:27,4127,0,8
2017-06-04,16:48:28,5753,0,8
2017-06-04,16:48:29,5513,0,8
2017-06-04,16:48:30,3958,0,8
2017-06-04,16:48:31,5178,0,8
2017-06-04,16:48:32,5066,0,8
2017-06-04,16:48:33,2780,0,8
2017-06-04,16:48:34,2465,0,8
2017-06-04,16:48:35,3739,0,8
2017-06-04,16:48:36,5070,0,8
2017-06-04,16:48:37,4178,0,8
2017-06-04,16:48:38,5577,0,8
2017-06-04,16:48:39,5928,1,2
2017-06-04,16:48:40,5167,0,2
2017-06-04,16:48:41,4260,0,2
2017-06-04,16:48:42,3655,0,2
2017-06-04,16:48:43,3479,0,2
2017-06-04,16:48:44,2118,0,2
2017-06-04,16:48:45,2724,0,2
2017-06-04,16:48:46,3812,0,2
2017-06-04,16:48:47,4180,1,3
2017-06-04,16:48:48,3927,0,3
2017-06-04,16:48:49,4792,0,3
2017-06-04,16:48:50,3414,0,3
2017-06-04,16:48:51,1361,0,3
2017-06-04,16:48:52,2333,0,3
2017-06-04,16:48:53,5006,0,3
2017-06-04,16:48:54,5524,0,3
2017-06-04,16:48:55,5447,0,3
2017-06-04,16:48:56,5685,0,3
2017-06-04,16:48:57,5914,0,3
2017-06-04,16:48:58,5634,0,3
2017-06-04,16:48:59,4107,0,3
2017-06-04,16:49:00,2815,0,3
2017-06-04,16:49:01,2489,0,3
2017-06-04,16:49:02,4124,0,3
2017-06-04,16:49:03,4815,0,3
2017-06-04,16:49:04,7833,0,3
2017-06-04,16:49:05,7311,0,3
2017-06-04,16:49:06,6280,0,3
2017-06-04,16:49:07,5444,0,3
2017-06-04,16:49:08,4148,0,3
2017-06-04,16:49:09,3018,0,3
2017-06-04,16:49:10,4490,0,3
2017-06-04,16:49:11,4904,0,3
2017-06-04,16:49:12,6164,1,1
2017-06-04,16:49:13,6320,0,1
2017-06-04,16:49:14,5694,0,1
2017-06-04,16:49:15,3756,0,1
2017-06-04,16:49:16,5539,0,1
2017-06-04,16:49:17,6337,0,1
2017-06-04,16:49:18,6871,0,1
2017-06-04,16:49:19,6329,0,1
2017-06-04,16:49:20,7665,0,1
2017-06-04,16:49:21,4854,0,1
2017-06-04,16:49:22,2973,0,1
2017-06-04,16:49:23,4231,0,1
2017-06-04,16:49:24,1826,0,1
2017-06-04,16:49:25,2861,0,1
2017-06-04,16:49:26,2150,0,1
2017-06-04,16:49:27,1690,0,1
2017-06-04,16:49:28,2754,0,1
2017-06-04,16:49:29,3967,0,1
2017-06-04,16:49:30,5659,0,1
2017-06-04,16:49:31,5241,0,1
2017-06-04,16:49:32,3941,0,1
2017-06-04,16:49:33,6187,0,1
2017-06-04,16:49:34,4817,0,1
2017-06-04,16:49:35,4491,0,1
2017-06-04,16:49:36,4310,0,1
2017-06-04,16:49:37,4542,0,1
2017-06-04,16:49:38,2772,0,1
2017-06-04,16:49:39,1464,0,1
2017-06-04,16:49:40,1780,0,1
2017-06-04,16:49:41,1633,0,1
2017-06-04,16:49:42,1360,0,1
2017-06-04,16:49:43,3643,0,1
2017-06-04,16:49:44,7009,1,8
2017-06-04,16:49:45,5353,0,8
2017-06-04,16:49:46,4863,0,8
2017-06-04,16:49:47,5270,0,8
2017-06-04,16:49:48,4805,0,8
2017-06-04,16:49:49,3508,0,8
2017-06-04,16:49:50,3067,0,8
2017-06-04,16:49:51,3855,0,8
2017-06-04,16:49:52,2798,0,8
2017-06-04,16:49:53,2332,0,8
2017-06-04,16:49:54,1457,0,8
2017-06-04,16:49:55,3650,0,8
2017-06-04,16:49:56,3638,0,8
2017-06-04,16:49:57,5094,1,1
2017-06-04,16:49:58,2957,0,1
2017-06-04,16:49:59,2555,0,1
2017-06-04,16:50:00,2709,0,1
2017-06-04,16:50:01,3053,0,1
2017-06-04,16:50:02,3589,0,1
2017-06-04,16:50:03,5974,0,1
2017-06-04,16:50:04,4944,0,1
2017-06-04,16:50:05,4266,0,1
2017-06-04,16:50:06,5438,0,1
2017-06-04,16:50:07,6313,0,1
2017-06-04,16:50:08,6960,0,1
2017-06-04,16:50:09,7009,0,1
2017-06-04,16:50:10,5395,0,1
2017-06-04,16:50:11,4586,0,1
2017-06-04,16:50:12,2839,0,1
2017-06-04,16:50:13,2415,0,1
2017-06-04,16:50:14,2489,0,1
2017-06-04,16:50:15,1757,0,1
2017-06-04,16:50:16,0,0,1
2017-06-04,16:50:17,2395,0,1
2017-06-04,16:50:18,2069,0,1
2017-06-04,16:50:19,1990,0,1
2017-06-04,16:50:20,2150,0,1
2017-06-04,16:50:21,2825,0,1
2017-06-04,16:50:22,3252,0,1
2017-06-04,16:50:23,2500,0,1
2017-06-04,16:50:24,2630,0,1
2017-06-04,16:50:25,3236,0,1
2017-06-04,16:50:26,3271,0,1
2017-06-04,16:50:27,2182,0,1
2017-06-04,16:50:28,1252,0,1
2017-06-04,16:50:29,2946,1,1
2017-06-04,16:50:30,1861,0,1
2017-06-04,16:50:31,0,0,1
2017-06-04,16:50:32,0,0,1
2017-06-04,16:50:33,2155,0,1
2017-06-04,16:50:34,3250,0,1
2017-06-04,16:50:35,4436,0,1
2017-06-04,16:50:36,2460,0,1
2017-06-04,16:50:37,3333,1,6
2017-06-04,16:50:38,1120,0,6
2017-06-04,16:50:39,0,0,6
2017-06-04,16:50:40,0,0,6
2017-06-04,16:50:41,2518,0,6
2017-06-04,16:50:42,3929,0,6
2017-06-04,16:50:43,4586,0,6
2017-06-04,16:50:44,1870,0,6
2017-06-04,16:50:45,1852,0,6
2017-06-04,16:50:46,2042,0,6
2017-06-04,16:50:47,1620,0,6
2017-06-04,16:50:48,3051,0,6
2017-06-04,16:50:49,4304,0,6
2017-06-04,16:50:50,3019,0,6
2017-06-04,16:50:51,3072,0,6
2017-06-04,16:50:52,2840,0,6
2017-06-04,16:50:53,2687,0,6
2017-06-04,16:50:54,1880,0,6
2017-06-04,16:50:55,1017,0,6
2017-06-04,16:50:56,2016,0,6
2017-06-04,16:50:57,5293,0,6
2017-06-04,16:50:58,1530,0,6
2017-06-04,16:50:59,1609,0,6
2017-06-04,16:51:00,2558,0,6
2017-06-04,16:51:01,1054,0,6
2017-06-04,16:51:02,2513,0,6
2017-06-04,16:51:03,2848,0,6
2017-06-04,16:51:04,2290,0,6
2017-06-04,16:51:05,5789,0,6
2017-06-04,16:51:06,4295,0,6
2017-06-04,16:51:07,5611,0,6
2017-06-04,16:51:08,6135,0,6
2017-06-04,16:51:09,5793,0,6
2017-06-04,16:51:10,5701,0,6
2017-06-04,16:51:11,4504,0,6
2017-06-04,16:51:12,3567,0,6
2017-06-04,16:51:13,5644,0,6
2017-06-04,16:51:14,5197,0,6
2017-06-04,16:51:15,5240,0,6
2017-06-04,16:51:16,3958,0,6
2017-06-04,16:51:17,3008,0,6
2017-06-04,16:51:18,5299,0,6
2017-06-04,16:51:19,5552,0,6
2017-06-04,16:51:20,4097,0,6
2017-06-04,16:51:21,4437,1,1
2017-06-04,16:51:22,5384,0,1
2017-06-04,16:51:23,3707,0,1
2017-06-04,16:51:24,4503,0,1
2017-06-04,16:51:25,2035,0,1
2017-06-04,16:51:26,1791,0,1
2017-06-04,16:51:27,3750,0,1
2017-06-04,16:51:28,3099,0,1
2017-06-04,16:51:29,4041,0,1
2017-06-04,16:51:30,5715,1,8
2017-06-04,16:51:31,4258,0,8
2017-06-04,16:51:32,2905,0,8
2017-06-04,16:51:33,3414,0,8
2017-06-04,16:51:34,2402,0,8
2017-06-04,16:51:35,1341,0,8
2017-06-04,16:51:36,2017,0,8
2017-06-04,16:51:37,3216,0,8
2017-06-04,16:51:38,5158,0,8
2017-06-04,16:51:39,6030,0,8
2017-06-04,16:51:40,7954,1,8
2017-06-04,16:51:41,5650,0,8
2017-06-04,16:51:42,6209,0,8
2017-06-04,16:51:43,6031,1,6
2017-06-04,16:51:44,5953,0,6
2017-06-04,16:51:45,4298,0,6
2017-06-04,16:51:46,4391,0,6
2017-06-04,16:51:47,3390,0,6
2017-06-04,16:51:48,3649,0,6
2017-06-04,16:51:49,4038,0,6
2017-06-04,16:51:50,3798,0,6
2017-06-04,16:51:51,4078,0,6
2017-06-04,16:51:52,4828,0,6
2017-06-04,16:51:53,4675,0,6
2017-06-04,16:51:54,3883,0,6
2017-06-04,16:51:55,3138,0,6
2017-06-04,16:51:56,5035,0,6
2017-06-04,16:51:57,5291,0,6
2017-06-04,16:51:58,4260,0,6
2017-06-04,16:51:59,4314,0,6
2017-06-04,16:52:00,3596,0,6
2017-06-04,16:52:01,5133,0,6
2017-06-04,16:52:02,6458,0,6
2017-06-04,16:52:03,5647,0,6
2017-06-04,16:52:04,7002,0,6
2017-06-04,16:52:05,7182,0,6
2017-06-04,16:52:06,7105,0,6
2017-06-04,16:52:07,6627,0,6
2017-06-04,16:52:08,6457,0,6
2017-06-04,16:52:09,6265,0,6
2017-06-04,16:52:10,6275,0,6
2017-06-04,16:52:11,7005,0,6
2017-06-04,16:52:12,6699,0,6
2017-06-04,16:52:13,6088,0,6
2017-06-04,16:52:14,6236,0,6
2017-06-04,16:52:15,6444,0,6
2017-06-04,16:52:16,5341,0,6
2017-06-04,16:52:17,4949,0,6
2017-06-04,16:52:18,5169,0,6
2017-06-04,16:52:19,6721,0,6
2017-06-04,16:52:20,5537,0,6
2017-06-04,16:52:21,4256,0,6
2017-06-04,16:52:22,3966,0,6
2017-06-04,16:52:23,3894,0,6
2017-06-04,16:52:24,4565,0,6
2017-06-04,16:52:25,4766,0,6
2017-06-04,16:52:26,5346,0,6
2017-06-04,16:52:27,4729,0,6
2017-06-04,16:52:28,4559,0,6
2017-06-04,16:52:29,5004,0,6
2017-06-04,16:52:30,4320,0,6
2017-06-04,16:52:31,3272,0,6
2017-06-04,16:52:32,2114,0,6
2017-06-04,16:52:33,2062,0,6
2017-06-04,16:52:34,2552,0,6
2017-06-04,16:52:35,4000,0,6
2017-06-04,16:52:36,5653,1,5
2017-06-04,16:52:37,4355,0,5
2017-06-04,16:52:38,3366,0,5
2017-06-04,16:52:39,1566,0,5
2017-06-04,16:52:40,2969,0,5
2017-06-04,16:52:41,4381,0,5
2017-06-04,16:52:42,2045,0,5
2017-06-04,16:52:43,1317,0,5
2017-06-04,16:52:44,1129,0,5
2017-06-04,16:52:45,1048,0,5
2017-06-04,16:52:46,1701,0,5
2017-06-04,16:52:47,3389,0,5
2017-06-04,16:52:48,3912,0,5
2017-06-04,16:52:49,3541,0,5
2017-06-04,16:52:50,2987,0,5
2017-06-04,16:52:51,2230,0,5
2017-06-04,16:52:52,2532,0,5
2017-06-04,16:52:53,4244,1,4
2017-06-04,16:52:54,4311,0,4
2017-06-04,16:52:55,3834,0,4
2017-06-04,16:52:56,3734,0,4
2017-06-04,16:52:57,3782,0,4
2017-06-04,16:52:58,4602,0,4
2017-06-04,16:52:59,4988,0,4
2017-06-04,16:53:00,4303,0,4
2017-06-04,16:53:01,3978,0,4
2017-06-04,16:53:02,2597,0,4
2017-06-04,16:53:03,2110,0,4
2017-06-04,16:53:04,2555,0,4
2017-06-04,16:53:05,3935,0,4
2017-06-04,16:53:06,3440,0,4
2017-06-04,16:53:07,3759,0,4
2017-06-04,16:53:08,5253,0,4
2017-06-04,16:53:09,3299,0,4
2017-06-04,16:53:10,2596,0,4
2017-06-04,16:53:11,2008,0,4
2017-06-04,16:53:12,1807,0,4
2017-06-04,16:53:13,1781,0,4
2017-06-04,16:53:14,1809,0,4
2017-06-04,16:53:15,3002,0,4
2017-06-04,16:53:16,2677,0,4
2017-06-04,16:53:17,3182,0,4
2017-06-04,16:53:18,2997,0,4
2017-06-04,16:53:19,2883,1,2
2017-06-04,16:53:20,2953,1,2
2017-06-04,16:53:21,2645,0,2
2017-06-04,16:53:22,2635,0,2
2017-06-04,16:53:23,2331,0,2
2017-06-04,16:53:24,1647,0,2
2017-06-04,16:53:25,1442,0,2
2017-06-04,16:53:26,2836,0,2
2017-06-04,16:53:27,1334,0,2
2017-06-04,16:53:28,2659,0,2
2017-06-04,16:53:29,4128,0,2
2017-06-04,16:53:30,4397,0,2
2017-06-04,16:53:31,4713,0,2
2017-06-04,16:53:32,1861,0,2
2017-06-04,16:53:33,2530,0,2
2017-06-04,16:53:34,3835,0,2
2017-06-04,16:53:35,3326,0,2
2017-06-04,16:53:36,2127,0,2
2017-06-04,16:53:37,2967,0,2
2017-06-04,16:53:38,2274,0,2
2017-06-04,16:53:39,3535,0,2
2017-06-04,16:53:40,3616,0,2
2017-06-04,16:53:41,3391,0,2
2017-06-04,16:53:42,3075,0,2
2017-06-04,16:53:43,1356,0,2
2017-06-04,16:53:44,1073,0,2
2017-06-04,16:53:45,1096,0,2
2017-06-04,16:53:46,1062,0,2
2017-06-04,16:53:47,0,0,2
2017-06-04,16:53:48,0,0,2
2017-06-04,16:53:49,0,0,2
2017-06-04,16:53:50,0,0,2
2017-06-04,16:53:51,0,0,2
2017-06-04,16:53:52,0,0,2
2017-06-04,16:53:53,0,0,2
2017-06-04,16:53:54,1118,0,2
2017-06-04,16:53:55,1402,0,2
2017-06-04,16:53:56,1169,0,2
2017-06-04,16:53:57,0,0,2
2017-06-04,16:53:58,0,0,2
2017-06-04,16:53:59,0,0,2
2017-06-04,16:54:00,0,0,2
2017-06-04,16:54:01,0,0,2
2017-06-04,16:54:02,0,0,2
2017-06-04,16:54:03,0,0,2
2017-06-04,16:54:04,1239,1,3
2017-06-04,16:54:05,0,0,3
2017-06-04,16:54:06,0,0,3
2017-06-04,16:54:07,1040,0,3
2017-06-04,16:54:08,0,0,3
2017-06-04,16:54:09,0,1,5
2017-06-04,16:54:10,0,0,5
2017-06-04,16:54:11,0,0,5
2017-06-04,16:54:12,0,0,5
2017-06-04,16:54:13,0,0,5
2017-06-04,16:54:14,0,0,5
2017-06-04,16:54:15,0,0,5
2017-06-04,16:54:16,0,0,5
2017-06-04,16:54:17,0,0,5
2017-06-04,16:54:18,0,0,5
2017-06-04,16:54:19,0,0,5
2017-06-04,16:54:20,0,0,5
2017-06-04,16:54:21,0,0,5
2017-06-04,16:54:22,0,0,5
2017-06-04,16:54:23,0,0,5
2017-06-04,16:54:24,0,0,5
2017-06-04,16:54:25,0,0,5
2017-06-04,16:54:26,0,0,5
2017-06-04,16:54:27,0,0,5
2017-06-04,16:54:28,1823,0,5
2017-06-04,16:54:29,3236,0,5
2017-06-04,16:54:30,3145,0,5
2017-06-04,16:54:31,3981,0,5
2017-06-04,16:54:32,6128,0,5
2017-06-04,16:54:33,4706,0,5
2017-06-04,16:54:34,3404,0,5
2017-06-04,16:54:35,3665,0,5
2017-06-04,16:54:36,4072,0,5
2017-06-04,16:54:37,3030,0,5
2017-06-04,16:54:38,2857,0,5
2017-06-04,16:54:39,1108,0,5
2017-06-04,16:54:40,1147,0,5
2017-06-04,16:54:41,0,0,5
2017-06-04,16:54:42,2041,1,5
2017-06-04,16:54:43,1387,0,5
2017-06-04,16:54:44,0,0,5
2017-06-04,16:54:45,0,0,5
2017-06-04,16:54:46,0,0,5
2017-06-04,16:54:47,0,0,5
2017-06-04,16:54:48,0,0,5
2017-06-04,16:54:49,2541,0,5
2017-06-04,16:54:50,3355,0,5
2017-06-04,16:54:51,3700,0,5
2017-06-04,16:54:52,0,0,5
2017-06-04,16:54:53,0,0,5
2017-06-04,16:54:54,1225,1,2
2017-06-04,16:54:55,1245,0,2
2017-06-04,16:54:56,0,0,2
2017-06-04,16:54:57,0,0,2
2017-06-04,16:54:58,0,0,2
2017-06-04,16:54:59,0,0,2
2017-06-04,16:55:00,1943,0,2
2017-06-04,16:55:01,2357,0,2
2017-06-04,16:55:02,2042,0,2
2017-06-04,16:55:03,1125,0,2
2017-06-04,16:55:04,0,0,2
2017-06-04,16:55:05,0,0,2
2017-06-04,16:55:06,0,0,2
2017-06-04,16:55:07,0,0,2
2017-06-04,16:55:08,0,0,2
2017-06-04,16:55:09,0,0,2
2017-06-04,16:55:10,0,0,2
2017-06-04,16:55:11,0,0,2
2017-06-04,16:55:12,0,0,2
2017-06-04,16:55:13,0,0,2
2017-06-04,16:55:14,0,0,2
2017-06-04,16:55:15,1239,0,2
2017-06-04,16:55:16,4193,0,2
2017-06-04,16:55:17,4394,0,2
2017-06-04,16:55:18,3983,0,2
2017-06-04,16:55:19,2113,0,2
2017-06-04,16:55:20,2222,0,2
2017-06-04,16:55:21,2078,0,2
2017-06-04,16:55:22,0,0,2
2017-06-04,16:55:23,1877,0,2
2017-06-04,16:55:24,3255,0,2
2017-06-04,16:55:25,3427,0,2
2017-06-04,16:55:26,5026,0,2
2017-06-04,16:55:27,3758,0,2
2017-06-04,16:55:28,2476,0,2
2017-06-04,16:55:29,2058,0,2
2017-06-04,16:55:30,2446,0,2
2017-06-04,16:55:31,2565,0,2
2017-06-04,16:55:32,4948,0,2
2017-06-04,16:55:33,5368,0,2
2017-06-04,16:55:34,3301,0,2
2017-06-04,16:55:35,1206,0,2
2017-06-04,16:55:36,0,0,2
2017-06-04,16:55:37,1076,0,2
2017-06-04,16:55:38,1064,0,2
2017-06-04,16:55:39,0,0,2
2017-06-04,16:55:40,0,0,2
2017-06-04,16:55:41,0,0,2
2017-06-04,16:55:42,0,0,2
2017-06-04,16:55:43,2107,0,2
2017-06-04,16:55:44,1983,0,2
2017-06-04,16:55:45,1856,0,2
2017-06-04,16:55:46,6601,0,2
2017-06-04,16:55:47,5583,0,2
2017-06-04,16:55:48,2282,0,2
2017-06-04,16:55:49,2377,0,2
2017-06-04,16:55:50,2365,0,2
2017-06-04,16:55:51,2273,0,2
2017-06-04,16:55:52,1909,0,2
2017-06-04,16:55:53,3804,0,2
2017-06-04,16:55:54,3941,0,2
2017-06-04,16:55:55,3101,0,3
2017-06-04,16:55:56,0,0,3
2017-06-04,16:55:57,0,0,3
2017-06-04,16:55:58,0,0,3
2017-06-04,16:55:59,0,0,3
2017-06-04,16:56:00,0,0,3
2017-06-04,16:56:01,0,0,3
2017-06-04,16:56:02,0,0,3
2017-06-04,16:56:03,0,0,3
2017-06-04,16:56:04,0,0,3
2017-06-04,16:56:05,0,0,3
2017-06-04,16:56:06,0,0,3
2017-06-04,16:56:07,0,0,3
2017-06-04,16:56:08,0,0,3
2017-06-04,16:56:09,1229,0,3
2017-06-04,16:56:10,1250,0,3
2017-06-04,16:56:11,1174,0,3
2017-06-04,16:56:12,1114,0,3
2017-06-04,16:56:13,1138,0,3
2017-06-04,16:56:14,0,0,3
2017-06-04,16:56:15,1798,0,3
2017-06-04,16:56:16,2271,0,3
2017-06-04,16:56:17,0,0,3
2017-06-04,16:56:18,0,0,3
2017-06-04,16:56:19,3820,0,3
2017-06-04,16:56:20,6295,0,3
2017-06-04,16:56:21,6325,0,3
2017-06-04,16:56:22,6792,0,3
2017-06-04,16:56:23,6846,0,3
2017-06-04,16:56:24,7121,0,3
2017-06-04,16:56:25,6996,0,3
2017-06-04,16:56:26,6858,0,3
2017-06-04,16:56:27,4803,0,3
2017-06-04,16:56:28,1061,0,3
2017-06-04,16:56:29,0,0,3
2017-06-04,16:56:30,0,0,3
2017-06-04,16:56:31,0,0,3
2017-06-04,16:56:32,0,0,3
2017-06-04,16:56:33,0,0,3
2017-06-04,16:56:34,0,0,3
2017-06-04,16:56:35,0,0,3
2017-06-04,16:56:36,0,0,3
2017-06-04,16:56:37,0,0,3
2017-06-04,16:56:38,0,0,3
2017-06-04,16:56:39,0,0,3
2017-06-04,16:56:40,0,0,3
2017-06-04,16:56:41,0,0,3
2017-06-04,16:56:42,0,0,3
2017-06-04,16:56:43,0,0,3
2017-06-04,16:56:44,0,0,3
2017-06-04,16:56:45,0,0,3
2017-06-04,16:56:46,0,0,3
2017-06-04,16:56:47,0,0,3
2017-06-04,16:56:48,0,0,3
2017-06-04,16:56:49,0,0,3
2017-06-04,16:56:50,0,0,3
2017-06-04,16:56:51,0,0,3
2017-06-04,16:56:52,0,0,3
2017-06-04,16:56:53,0,0,3
2017-06-04,16:56:54,0,0,3
2017-06-04,16:56:55,0,0,3
2017-06-04,16:56:56,0,0,3
2017-06-04,16:56:57,0,0,3
2017-06-04,16:56:58,0,0,3
2017-06-04,16:56:59,0,0,3
2017-06-04,16:57:00,0,0,3
2017-06-04,16:57:01,0,0,3
2017-06-04,16:57:02,0,0,3
2017-06-04,16:57:03,0,0,3
2017-06-04,16:57:04,0,0,3
2017-06-04,16:57:05,0,0,3
2017-06-04,16:57:06,0,0,3
2017-06-04,16:57:07,0,0,3
2017-06-04,16:57:08,0,0,3
2017-06-04,16:57:09,0,0,3
2017-06-04,16:57:10,0,0,3
2017-06-04,16:57:11,0,0,3
2017-06-04,16:57:12,0,0,3
2017-06-04,16:57:13,0,0,3
2017-06-04,16:57:14,0,0,3
2017-06-04,16:57:15,0,0,3
2017-06-04,16:57:16,0,0,3
2017-06-04,16:57:17,0,0,3
2017-06-04,16:57:18,0,0,3
2017-06-04,16:57:19,0,0,3
2017-06-04,16:57:20,0,0,3
2017-06-04,16:57:21,0,0,3
2017-06-04,16:57:22,0,0,3
2017-06-04,16:57:23,0,0,3
2017-06-04,16:57:24,0,0,3
2017-06-04,16:57:25,0,0,3
2017-06-04,16:57:26,0,0,3
2017-06-04,16:57:27,0,0,3
2017-06-04,16:57:28,0,0,3
2017-06-04,16:57:29,0,0,3
2017-06-04,16:57:30,0,0,3
2017-06-04,16:57:31,0,0,3
2017-06-04,16:57:32,0,0,3
2017-06-04,16:57:33,0,0,3
2017-06-04,16:57:34,0,0,3
2017-06-04,16:57:35,0,0,3
2017-06-04,16:57:36,0,0,3
2017-06-04,16:57:37,0,0,3
2017-06-04,16:57:38,0,0,3
2017-06-04,16:57:39,0,0,3
2017-06-04,16:57:40,0,0,3
2017-06-04,16:57:41,0,0,3
2017-06-04,16:57:42,0,0,3
2017-06-04,16:57:43,0,0,3
2017-06-04,16:57:44,0,0,3
2017-06-04,16:57:45,0,0,3
2017-06-04,16:57:46,0,0,3
2017-06-04,16:57:47,0,0,3
2017-06-04,16:57:48,0,0,3
2017-06-04,16:57:49,0,0,3
2017-06-04,16:57:50,0,0,3
2017-06-04,16:57:51,0,0,3
2017-06-04,16:57:52,0,0,3
2017-06-04,16:57:53,0,0,3
2017-06-04,16:57:54,0,0,3
2017-06-04,16:57:55,0,0,3
2017-06-04,16:57:56,0,0,3
2017-06-04,16:57:57,0,0,3
2017-06-04,16:57:58,0,0,3
2017-06-04,16:57:59,0,0,3
2017-06-04,16:58:00,0,0,3
2017-06-04,16:58:01,0,0,3
2017-06-04,16:58:02,0,0,3
2017-06-04,16:58:03,0,0,3
2017-06-04,16:58:04,0,0,3
2017-06-04,16:58:05,0,0,3
2017-06-04,16:58:06,0,0,3
2017-06-04,16:58:07,0,0,3
2017-06-04,16:58:08,0,0,3
2017-06-04,16:58:09,0,0,3
2017-06-04,16:58:10,0,0,3
2017-06-04,16:58:11,0,0,3
2017-06-04,16:58:12,0,0,3
2017-06-04,16:58:13,0,0,3
2017-06-04,16:58:14,0,0,3
2017-06-04,16:58:15,0,0,3
2017-06-04,16:58:16,0,0,3
2017-06-04,16:58:17,0,0,3
2017-06-04,16:58:18,0,0,3
2017-06-04,16:58:19,0,0,3
2017-06-04,16:58:20,0,0,3
2017-06-04,16:58:21,0,0,3
2017-06-04,16:58:22,0,0,3
2017-06-04,16:58:23,0,0,3
2017-06-04,16:58:24,0,0,3
2017-06-04,16:58:25,0,0,3
2017-06-04,16:58:26,0,0,3
2017-06-04,16:58:27,0,0,3
2017-06-04,16:58:28,0,0,3
2017-06-04,16:58:29,0,0,3
2017-06-04,16:58:30,0,0,3
2017-06-04,16:58:31,0,0,3
2017-06-04,16:58:32,0,0,3
2017-06-04,16:58:33,0,0,3
2017-06-04,16:58:34,0,0,3
2017-06-04,16:58:35,0,0,3
2017-06-04,16:58:36,0,0,3
2017-06-04,16:58:37,0,0,3
2017-06-04,16:58:38,0,0,3
2017-06-04,16:58:39,0,0,3
2017-06-04,16:58:40,0,0,3
2017-06-04,16:58:41,0,0,3
2017-06-04,16:58:42,0,0,3
2017-06-04,16:58:43,0,0,3
2017-06-04,16:58:44,0,0,3
2017-06-04,16:58:45,0,0,3
2017-06-04,16:58:46,0,0,3
2017-06-04,16:58:47,0,0,3
2017-06-04,16:58:48,0,0,3
2017-06-04,16:58:49,0,0,3
2017-06-04,16:58:50,0,0,3
2017-06-04,16:58:51,0,0,3
2017-06-04,16:58:52,0,0,3
2017-06-04,16:58:53,0,0,3
2017-06-04,16:58:54,0,0,3
2017-06-04,16:58:55,0,0,3
2017-06-04,16:58:56,0,0,3
2017-06-04,16:58:57,0,0,3
2017-06-04,16:58:58,0,0,3
2017-06-04,16:58:59,0,0,3
2017-06-04,16:59:00,0,0,3
2017-06-04,16:59:01,0,0,3
2017-06-04,16:59:02,0,0,3
2017-06-04,16:59:03,0,0,3
2017-06-04,16:59:04,0,0,3
2017-06-04,16:59:05,0,0,3
2017-06-04,16:59:06,0,0,3
2017-06-04,16:59:07,0,0,3
2017-06-04,16:59:08,0,0,3
2017-06-04,16:59:09,0,0,3
2017-06-04,16:59:10,0,0,3
2017-06-04,16:59:11,0,0,3
2017-06-04,16:59:12,0,0,3
2017-06-04,16:59:13,0,0,3
2017-06-04,16:59:14,0,0,3
2017-06-04,16:59:15,0,0,3
2017-06-04,16:59:16,0,0,3
2017-06-04,16:59:17,0,0,3
2017-06-04,16:59:18,0,0,3
2017-06-04,16:59:19,0,0,3
2017-06-04,16:59:20,0,0,3
2017-06-04,16:59:21,0,0,3
2017-06-04,16:59:22,0,0,3
2017-06-04,16:59:23,0,0,3
2017-06-04,16:59:24,0,0,3
2017-06-04,16:59:25,0,0,3
2017-06-04,16:59:26,0,0,3
2017-06-04,16:59:27,0,0,3
2017-06-04,16:59:28,0,0,3
2017-06-04,16:59:29,0,0,3
2017-06-04,16:59:30,0,0,3
2017-06-04,16:59:31,0,0,3
2017-06-04,16:59:32,0,0,3
2017-06-04,16:59:33,0,0,3
2017-06-04,16:59:34,0,0,3
2017-06-04,16:59:35,0,0,3
2017-06-04,16:59:36,0,0,3
2017-06-04,16:59:37,0,0,3
2017-06-04,16:59:38,0,0,3
2017-06-04,16:59:39,0,0,3
2017-06-04,16:59:40,0,0,3
2017-06-04,16:59:41,0,0,3
2017-06-04,16:59:42,0,0,3
2017-06-04,16:59:43,0,0,3
2017-06-04,16:59:44,0,0,3
2017-06-04,16:59:45,0,0,3
2017-06-04,16:59:46,0,0,3
2017-06-04,16:59:47,0,0,3
2017-06-04,16:59:48,3659,0,3
2017-06-04,16:59:49,4616,0,3
2017-06-04,16:59:50,4328,0,3
2017-06-04,16:59:51,4140,0,3
2017-06-04,16:59:52,2760,0,3
2017-06-04,16:59:53,3292,0,3
2017-06-04,16:59:54,3714,0,3
2017-06-04,16:59:55,3324,0,3
2017-06-04,16:59:56,2939,0,3
2017-06-04,16:59:57,4013,0,3
2017-06-04,16:59:58,3889,0,3
2017-06-04,16:59:59,2908,0,3
2017-06-04,17:00:00,2942,0,3
2017-06-04,17:00:01,3892,0,3
2017-06-04,17:00:02,3258,0,3
2017-06-04,17:00:03,2488,0,3
2017-06-04,17:00:04,2744,0,3
2017-06-04,17:00:05,3085,0,3
2017-06-04,17:00:06,3541,0,3
2017-06-04,17:00:07,5067,0,3
2017-06-04,17:00:08,4872,0,3
2017-06-04,17:00:09,6090,0,3
2017-06-04,17:00:10,5673,0,3
2017-06-04,17:00:11,4924,0,3
2017-06-04,17:00:12,3566,0,3
2017-06-04,17:00:13,2817,0,3
2017-06-04,17:00:14,2644,0,3
2017-06-04,17:00:15,2297,0,3
2017-06-04,17:00:16,2815,0,3
2017-06-04,17:00:17,2766,0,3
2017-06-04,17:00:18,2986,0,3
2017-06-04,17:00:19,2116,0,3
2017-06-04,17:00:20,1900,0,3
2017-06-04,17:00:21,1576,0,3
2017-06-04,17:00:22,2786,0,3
2017-06-04,17:00:23,2246,0,3
2017-06-04,17:00:24,3050,0,3
2017-06-04,17:00:25,2408,0,3
2017-06-04,17:00:26,3194,0,3
2017-06-04,17:00:27,2868,0,3
2017-06-04,17:00:28,2773,0,3
2017-06-04,17:00:29,3658,0,3
2017-06-04,17:00:30,3225,0,3
2017-06-04,17:00:31,3320,0,3
2017-06-04,17:00:32,2923,0,3
2017-06-04,17:00:33,3204,0,3
2017-06-04,17:00:34,2983,0,3
2017-06-04,17:00:35,3153,0,3
2017-06-04,17:00:36,2880,0,3
2017-06-04,17:00:37,1328,0,3
2017-06-04,17:00:38,1143,0,3
2017-06-04,17:00:39,1052,0,3
2017-06-04,17:00:40,1468,0,3
2017-06-04,17:00:41,3991,0,3
2017-06-04,17:00:42,5831,0,3
2017-06-04,17:00:43,5355,0,3
2017-06-04,17:00:44,4753,0,3
2017-06-04,17:00:45,1352,0,3
2017-06-04,17:00:46,4833,0,3
2017-06-04,17:00:47,4923,0,3
2017-06-04,17:00:48,3781,0,3
2017-06-04,17:00:49,1520,0,3
2017-06-04,17:00:50,2036,0,3
2017-06-04,17:00:51,1392,0,3
2017-06-04,17:00:52,3963,0,3
2017-06-04,17:00:53,3957,0,3
2017-06-04,17:00:54,3327,0,3
2017-06-04,17:00:55,1245,0,3
2017-06-04,17:00:56,1172,0,3
2017-06-04,17:00:57,0,0,3
2017-06-04,17:00:58,0,0,3
2017-06-04,17:00:59,0,0,3
2017-06-04,17:01:00,0,0,3
2017-06-04,17:01:01,0,0,3
2017-06-04,17:01:02,0,0,3
2017-06-04,17:01:03,0,0,3
2017-06-04,17:01:04,0,0,3
2017-06-04,17:01:05,0,0,3
2017-06-04,17:01:06,0,0,3
2017-06-04,17:01:07,0,0,3
2017-06-04,17:01:08,0,0,3
2017-06-04,17:01:09,0,0,3
2017-06-04,17:01:10,0,0,3
2017-06-04,17:01:11,0,0,3
2017-06-04,17:01:12,0,0,3
2017-06-04,17:01:13,0,0,3
2017-06-04,17:01:14,0,0,3
2017-06-04,17:01:15,0,0,3
2017-06-04,17:01:16,0,0,3
2017-06-04,17:01:17,0,0,3
2017-06-04,17:01:18,0,0,3
2017-06-04,17:01:19,0,0,3
2017-06-04,17:01:20,0,0,3
2017-06-04,17:01:21,0,0,3
2017-06-04,17:01:22,0,0,3
2017-06-04,17:01:23,0,0,3
2017-06-04,17:01:24,0,0,3
2017-06-04,17:01:25,0,0,3
2017-06-04,17:01:26,0,0,3
2017-06-04,17:01:27,0,0,3
2017-06-04,17:01:28,0,0,3
2017-06-04,17:01:29,0,0,3
2017-06-04,17:01:30,0,0,3
2017-06-04,17:01:31,0,0,3
2017-06-04,17:01:32,0,0,3
2017-06-04,17:01:33,0,0,3
2017-06-04,17:01:34,0,0,3
2017-06-04,17:01:35,0,0,3
2017-06-04,17:01:36,0,0,3
2017-06-04,17:01:37,0,0,3
2017-06-04,17:01:38,0,0,3
2017-06-04,17:01:39,0,0,3
2017-06-04,17:01:40,0,0,3
2017-06-04,17:01:41,0,0,3
2017-06-04,17:01:42,0,0,3
2017-06-04,17:01:43,0,0,3
2017-06-04,17:01:44,0,0,3
2017-06-04,17:01:45,0,0,3
2017-06-04,17:01:46,0,0,3
2017-06-04,17:01:47,0,0,3
2017-06-04,17:01:48,0,0,3
2017-06-04,17:01:49,0,0,3
2017-06-04,17:01:50,0,0,3
2017-06-04,17:01:51,0,0,3
2017-06-04,17:01:52,0,0,3
2017-06-04,17:01:53,0,0,3
2017-06-04,17:01:54,0,0,3
2017-06-04,17:01:55,0,0,4
2017-06-04,17:01:56,0,0,4
2017-06-04,17:01:57,0,0,4
2017-06-04,17:01:58,0,0,4
2017-06-04,17:01:59,0,0,4
2017-06-04,17:02:00,0,0,4
2017-06-04,17:02:01,0,0,4
2017-06-04,17:02:02,0,0,4
2017-06-04,17:02:03,0,0,4
2017-06-04,17:02:04,0,0,4
2017-06-04,17:02:05,0,0,4
2017-06-04,17:02:06,0,0,4
2017-06-04,17:02:07,0,0,4
2017-06-04,17:02:08,0,0,4
2017-06-04,17:02:09,0,0,4
2017-06-04,17:02:10,0,0,4
2017-06-04,17:02:11,0,0,4
2017-06-04,17:02:12,0,0,4
2017-06-04,17:02:13,0,0,4
2017-06-04,17:02:14,0,0,4
2017-06-04,17:02:15,0,0,4
2017-06-04,17:02:16,0,0,4
2017-06-04,17:02:17,0,0,4
2017-06-04,17:02:18,0,0,4
2017-06-04,17:02:19,0,0,4
2017-06-04,17:02:20,0,0,4
2017-06-04,17:02:21,0,0,4
2017-06-04,17:02:22,0,0,4
2017-06-04,17:02:23,0,0,4
2017-06-04,17:02:24,0,0,4
2017-06-04,17:02:25,0,0,4
2017-06-04,17:02:26,0,0,4
2017-06-04,17:02:27,0,0,4
2017-06-04,17:02:28,0,0,4
2017-06-04,17:02:29,0,0,4
2017-06-04,17:02:30,0,0,4
2017-06-04,17:02:31,0,0,4
2017-06-04,17:02:32,0,0,4
2017-06-04,17:02:33,0,0,4
2017-06-04,17:02:34,0,0,4
2017-06-04,17:02:35,0,0,4
2017-06-04,17:02:36,0,0,4
2017-06-04,17:02:37,0,0,4
2017-06-04,17:02:38,0,0,4
2017-06-04,17:02:39,0,0,4
2017-06-04,17:02:40,0,0,4
2017-06-04,17:02:41,0,0,4
2017-06-04,17:02:42,0,0,4
2017-06-04,17:02:43,0,0,4
2017-06-04,17:02:44,0,0,4
2017-06-04,17:02:45,0,0,4
2017-06-04,17:02:46,0,0,4
2017-06-04,17:02:47,0,0,4
2017-06-04,17:02:48,0,0,4
2017-06-04,17:02:49,0,0,4
2017-06-04,17:02:50,0,0,4
2017-06-04,17:02:51,0,0,4
2017-06-04,17:02:52,0,0,4
2017-06-04,17:02:53,0,0,4
2017-06-04,17:02:54,0,0,4
2017-06-04,17:02:55,0,0,5
2017-06-04,17:02:56,0,0,5
2017-06-04,17:02:57,0,0,5
2017-06-04,17:02:58,0,0,5
2017-06-04,17:02:59,0,0,5
2017-06-04,17:03:00,0,0,5
2017-06-04,17:03:01,0,0,5
2017-06-04,17:03:02,0,0,5
2017-06-04,17:03:03,0,0,5
2017-06-04,17:03:04,0,0,5
2017-06-04,17:03:05,0,0,5
2017-06-04,17:03:06,0,0,5
2017-06-04,17:03:07,0,0,5
2017-06-04,17:03:08,0,0,5
2017-06-04,17:03:09,0,0,5
2017-06-04,17:03:10,0,0,5
2017-06-04,17:03:11,0,0,5
2017-06-04,17:03:12,0,0,5
2017-06-04,17:03:13,0,0,5
2017-06-04,17:03:14,0,0,5
2017-06-04,17:03:15,0,0,5
2017-06-04,17:03:16,0,0,5
2017-06-04,17:03:17,0,0,5
2017-06-04,17:03:18,0,0,5
2017-06-04,17:03:19,0,0,5
2017-06-04,17:03:20,0,0,5
2017-06-04,17:03:21,0,0,5
2017-06-04,17:03:22,0,0,5
2017-06-04,17:03:23,0,0,5
2017-06-04,17:03:24,0,0,5
2017-06-04,17:03:25,0,0,5
2017-06-04,17:03:26,0,0,5
2017-06-04,17:03:27,0,0,5
2017-06-04,17:03:28,0,0,5
2017-06-04,17:03:29,0,0,5
2017-06-04,17:03:30,0,0,5
2017-06-04,17:03:31,0,0,5
2017-06-04,17:03:32,0,0,5
2017-06-04,17:03:33,0,0,5
2017-06-04,17:03:34,0,0,5
2017-06-04,17:03:35,0,0,5
2017-06-04,17:03:36,0,0,5
2017-06-04,17:03:37,0,0,5
2017-06-04,17:03:38,0,0,5
2017-06-04,17:03:39,0,0,5
2017-06-04,17:03:40,1053,0,5
2017-06-04,17:03:41,0,0,5
2017-06-04,17:03:42,0,0,5
2017-06-04,17:03:43,1141,0,5
2017-06-04,17:03:44,1187,0,5
2017-06-04,17:03:45,0,0,5
2017-06-04,17:03:46,0,0,5
2017-06-04,17:03:47,0,0,5
2017-06-04,17:03:48,1019,0,5
2017-06-04,17:03:49,0,0,5
2017-06-04,17:03:50,0,0,5
2017-06-04,17:03:51,0,0,5
2017-06-04,17:03:52,0,0,5
2017-06-04,17:03:53,0,0,5
2017-06-04,17:03:54,0,0,5
2017-06-04,17:03:55,0,0,6
2017-06-04,17:03:56,0,0,6
2017-06-04,17:03:57,0,0,6
2017-06-04,17:03:58,0,0,6
2017-06-04,17:03:59,0,0,6
2017-06-04,17:04:00,0,0,6
2017-06-04,17:04:01,0,0,6
2017-06-04,17:04:02,0,0,6
2017-06-04,17:04:03,1105,0,6
2017-06-04,17:04:04,1509,0,6
2017-06-04,17:04:05,2914,0,6
2017-06-04,17:04:06,2207,0,6
2017-06-04,17:04:07,0,0,6
2017-06-04,17:04:08,0,0,6
2017-06-04,17:04:09,0,0,6
2017-06-04,17:04:10,0,0,6
2017-06-04,17:04:11,0,0,6
2017-06-04,17:04:12,0,0,6
2017-06-04,17:04:13,0,0,6
2017-06-04,17:04:14,0,0,6
2017-06-04,17:04:15,0,0,6
2017-06-04,17:04:16,1106,0,6
2017-06-04,17:04:17,1218,0,6
2017-06-04,17:04:18,1051,0,6
2017-06-04,17:04:19,0,0,6
2017-06-04,17:04:20,0,0,6
2017-06-04,17:04:21,0,0,6
2017-06-04,17:04:22,0,0,6
2017-06-04,17:04:23,0,0,6
2017-06-04,17:04:24,0,0,6
2017-06-04,17:04:25,0,0,6
2017-06-04,17:04:26,0,0,6
2017-06-04,17:04:27,0,0,6
2017-06-04,17:04:28,0,0,6
2017-06-04,17:04:29,0,0,6
2017-06-04,17:04:30,0,0,6
2017-06-04,17:04:31,0,0,6
2017-06-04,17:04:32,0,0,6
2017-06-04,17:04:33,0,0,6
2017-06-04,17:04:34,0,0,6
2017-06-04,17:04:35,0,0,6
2017-06-04,17:04:36,0,0,6
2017-06-04,17:04:37,0,0,6
2017-06-04,17:04:38,0,0,6
2017-06-04,17:04:39,0,0,6
2017-06-04,17:04:40,0,0,6
2017-06-04,17:04:41,1063,0,6
2017-06-04,17:04:42,0,1,6
2017-06-04,17:04:43,1001,0,6
2017-06-04,17:04:44,0,0,6
2017-06-04,17:04:45,2780,0,6
2017-06-04,17:04:46,4423,0,6
2017-06-04,17:04:47,4292,0,6
2017-06-04,17:04:48,4171,0,6
2017-06-04,17:04:49,1985,0,6
2017-06-04,17:04:50,2674,0,6
2017-06-04,17:04:51,2412,0,6
2017-06-04,17:04:52,1318,0,6
2017-06-04,17:04:53,1890,0,6
2017-06-04,17:04:54,3862,0,6
2017-06-04,17:04:55,2272,0,6
2017-06-04,17:04:56,1730,0,6
2017-06-04,17:04:57,1349,0,6
2017-06-04,17:04:58,0,1,7
2017-06-04,17:04:59,1052,0,7
2017-06-04,17:05:00,0,0,7
2017-06-04,17:05:01,1150,0,7
2017-06-04,17:05:02,1313,0,7
2017-06-04,17:05:03,2939,0,7
2017-06-04,17:05:04,3392,0,7
2017-06-04,17:05:05,2974,0,7
2017-06-04,17:05:06,3336,0,7
2017-06-04,17:05:07,3343,0,7
2017-06-04,17:05:08,2854,0,7
2017-06-04,17:05:09,2918,0,7
2017-06-04,17:05:10,2816,0,7
2017-06-04,17:05:11,1576,0,7
2017-06-04,17:05:12,0,0,7
2017-06-04,17:05:13,0,0,7
2017-06-04,17:05:14,0,0,7
2017-06-04,17:05:15,1046,0,7
2017-06-04,17:05:16,3750,0,7
2017-06-04,17:05:17,4256,0,7
2017-06-04,17:05:18,3875,0,7
2017-06-04,17:05:19,3714,0,7
2017-06-04,17:05:20,5505,0,7
2017-06-04,17:05:21,5288,0,7
2017-06-04,17:05:22,4852,0,7
2017-06-04,17:05:23,4259,0,7
2017-06-04,17:05:24,4706,0,7
2017-06-04,17:05:25,3784,0,7
2017-06-04,17:05:26,4556,0,7
2017-06-04,17:05:27,4237,0,7
2017-06-04,17:05:28,4062,0,7
2017-06-04,17:05:29,5205,0,7
2017-06-04,17:05:30,4173,0,7
2017-06-04,17:05:31,4668,0,7
2017-06-04,17:05:32,4319,0,7
2017-06-04,17:05:33,4440,0,7
2017-06-04,17:05:34,5898,0,7
2017-06-04,17:05:35,6536,0,7
2017-06-04,17:05:36,4724,0,7
2017-06-04,17:05:37,5230,0,7
2017-06-04,17:05:38,4842,0,7
2017-06-04,17:05:39,5334,0,7
2017-06-04,17:05:40,4778,0,7
2017-06-04,17:05:41,4627,0,7
2017-06-04,17:05:42,3813,0,7
2017-06-04,17:05:43,1864,0,7
2017-06-04,17:05:44,1561,0,7
2017-06-04,17:05:45,1144,0,7
2017-06-04,17:05:46,2845,0,7
2017-06-04,17:05:47,2982,0,7
2017-06-04,17:05:48,2195,0,7
2017-06-04,17:05:49,1606,0,7
2017-06-04,17:05:50,1569,0,7
2017-06-04,17:05:51,1160,0,7
2017-06-04,17:05:52,1600,0,7
2017-06-04,17:05:53,1235,0,7
2017-06-04,17:05:54,0,0,7
2017-06-04,17:05:55,1875,0,7
2017-06-04,17:05:56,4925,0,7
2017-06-04,17:05:57,4613,0,7
2017-06-04,17:05:58,1835,0,6
2017-06-04,17:05:59,1242,0,6
2017-06-04,17:06:00,0,0,6
2017-06-04,17:06:01,1198,0,6
2017-06-04,17:06:02,1973,0,6
2017-06-04,17:06:03,2099,0,6
2017-06-04,17:06:04,4254,0,6
2017-06-04,17:06:05,6559,0,6
2017-06-04,17:06:06,5221,0,6
2017-06-04,17:06:07,0,0,6
2017-06-04,17:06:08,1268,0,6
2017-06-04,17:06:09,2268,0,6
2017-06-04,17:06:10,4292,0,6
2017-06-04,17:06:11,4243,0,6
2017-06-04,17:06:12,3130,0,6
2017-06-04,17:06:13,4920,0,6
2017-06-04,17:06:14,4217,1,1
2017-06-04,17:06:15,4343,0,1
2017-06-04,17:06:16,3698,0,1
2017-06-04,17:06:17,1231,0,1
2017-06-04,17:06:18,1443,0,1
2017-06-04,17:06:19,2929,0,1
2017-06-04,17:06:20,3937,0,1
2017-06-04,17:06:21,4362,0,1
2017-06-04,17:06:22,4509,0,1
2017-06-04,17:06:23,4690,0,1
2017-06-04,17:06:24,5235,0,1
2017-06-04,17:06:25,5354,0,1
2017-06-04,17:06:26,5317,0,1
2017-06-04,17:06:27,5514,0,1
2017-06-04,17:06:28,5154,0,1
2017-06-04,17:06:29,4690,0,1
2017-06-04,17:06:30,5809,0,1
2017-06-04,17:06:31,5146,0,1
2017-06-04,17:06:32,4913,0,1
2017-06-04,17:06:33,2864,0,1
2017-06-04,17:06:34,2612,0,1
2017-06-04,17:06:35,2295,0,1
2017-06-04,17:06:36,2868,0,1
2017-06-04,17:06:37,3114,0,1
2017-06-04,17:06:38,3507,0,1
2017-06-04,17:06:39,4158,0,1
2017-06-04,17:06:40,4358,0,1
2017-06-04,17:06:41,4345,1,2
2017-06-04,17:06:42,4428,0,2
2017-06-04,17:06:43,4029,0,2
2017-06-04,17:06:44,3846,0,2
2017-06-04,17:06:45,3528,0,2
2017-06-04,17:06:46,3763,0,2
2017-06-04,17:06:47,4892,0,2
2017-06-04,17:06:48,4424,0,2
2017-06-04,17:06:49,4220,0,2
2017-06-04,17:06:50,3660,1,3
2017-06-04,17:06:51,4219,0,3
2017-06-04,17:06:52,3635,0,3
2017-06-04,17:06:53,3483,0,3
2017-06-04,17:06:54,4016,0,3
2017-06-04,17:06:55,5035,0,3
2017-06-04,17:06:56,4644,1,4
2017-06-04,17:06:57,3622,0,4
2017-06-04,17:06:58,3049,0,4
2017-06-04,17:06:59,3725,0,4
2017-06-04,17:07:00,5149,0,4
2017-06-04,17:07:01,3845,0,4
2017-06-04,17:07:02,1808,0,4
2017-06-04,17:07:03,1292,0,4
2017-06-04,17:07:04,1497,0,4
2017-06-04,17:07:05,1570,0,4
2017-06-04,17:07:06,2245,0,4
2017-06-04,17:07:07,2414,0,4
2017-06-04,17:07:08,1692,0,4
2017-06-04,17:07:09,1734,0,4
2017-06-04,17:07:10,2503,0,4
2017-06-04,17:07:11,2400,0,4
2017-06-04,17:07:12,1616,1,5
2017-06-04,17:07:13,3626,0,5
2017-06-04,17:07:14,2782,0,5
2017-06-04,17:07:15,1888,0,5
2017-06-04,17:07:16,2222,0,5
2017-06-04,17:07:17,5005,0,5
2017-06-04,17:07:18,5987,0,5
2017-06-04,17:07:19,5062,0,5
2017-06-04,17:07:20,5786,0,5
2017-06-04,17:07:21,5815,0,5
2017-06-04,17:07:22,3869,0,5
2017-06-04,17:07:23,4025,0,5
2017-06-04,17:07:24,2529,0,5
2017-06-04,17:07:25,4256,0,5
2017-06-04,17:07:26,4765,0,5
2017-06-04,17:07:27,1776,0,5
2017-06-04,17:07:28,1505,0,5
2017-06-04,17:07:29,1438,1,1
2017-06-04,17:07:30,1469,0,1
2017-06-04,17:07:31,1497,0,1
2017-06-04,17:07:32,0,0,1
2017-06-04,17:07:33,0,0,1
2017-06-04,17:07:34,0,0,1
2017-06-04,17:07:35,0,0,1
2017-06-04,17:07:36,1104,0,1
2017-06-04,17:07:37,2163,0,1
2017-06-04,17:07:38,1888,0,1
2017-06-04,17:07:39,1084,0,1
2017-06-04,17:07:40,1202,0,1
2017-06-04,17:07:41,2648,0,1
2017-06-04,17:07:42,4193,0,1
2017-06-04,17:07:43,4861,0,1
2017-06-04,17:07:44,4686,0,1
2017-06-04,17:07:45,4171,0,1
2017-06-04,17:07:46,5584,0,1
2017-06-04,17:07:47,5597,0,1
2017-06-04,17:07:48,4576,0,1
2017-06-04,17:07:49,2537,0,1
2017-06-04,17:07:50,0,0,1
2017-06-04,17:07:51,3690,0,1
2017-06-04,17:07:52,4461,0,1
2017-06-04,17:07:53,2459,0,1
2017-06-04,17:07:54,0,0,1
2017-06-04,17:07:55,2035,0,1
2017-06-04,17:07:56,3198,0,1
2017-06-04,17:07:57,3622,0,1
2017-06-04,17:07:58,4356,0,1
2017-06-04,17:07:59,4864,0,1
2017-06-04,17:08:00,4958,0,1
2017-06-04,17:08:01,5032,0,1
2017-06-04,17:08:02,3920,0,1
2017-06-04,17:08:03,3467,0,1
2017-06-04,17:08:04,4241,0,1
2017-06-04,17:08:05,4025,0,1
2017-06-04,17:08:06,3881,1,8
2017-06-04,17:08:07,3312,0,8
2017-06-04,17:08:08,3128,0,8
2017-06-04,17:08:09,2817,0,8
2017-06-04,17:08:10,2359,0,8
2017-06-04,17:08:11,2331,0,8
2017-06-04,17:08:12,1872,0,8
2017-06-04,17:08:13,3239,0,8
2017-06-04,17:08:14,5484,0,8
2017-06-04,17:08:15,6540,1,6
2017-06-04,17:08:16,5606,0,6
2017-06-04,17:08:17,6102,0,6
2017-06-04,17:08:18,7985,0,6
2017-06-04,17:08:19,7295,0,6
2017-06-04,17:08:20,5990,0,6
2017-06-04,17:08:21,4137,0,6
2017-06-04,17:08:22,4508,0,6
2017-06-04,17:08:23,4750,0,6
2017-06-04,17:08:24,3269,0,6
2017-06-04,17:08:25,3773,0,6
2017-06-04,17:08:26,3855,0,6
2017-06-04,17:08:27,3739,0,6
2017-06-04,17:08:28,3557,0,6
2017-06-04,17:08:29,6245,0,6
2017-06-04,17:08:30,7990,0,6
2017-06-04,17:08:31,8135,0,6
2017-06-04,17:08:32,7065,0,6
2017-06-04,17:08:33,4157,0,6
2017-06-04,17:08:34,4179,0,6
2017-06-04,17:08:35,5703,0,6
2017-06-04,17:08:36,5991,0,6
2017-06-04,17:08:37,7501,0,6
2017-06-04,17:08:38,7880,0,6
2017-06-04,17:08:39,7950,0,6
2017-06-04,17:08:40,7422,0,6
2017-06-04,17:08:41,6818,1,3
2017-06-04,17:08:42,5458,0,3
2017-06-04,17:08:43,5561,0,3
2017-06-04,17:08:44,6717,0,3
2017-06-04,17:08:45,7394,0,3
2017-06-04,17:08:46,7413,0,3
2017-06-04,17:08:47,4277,0,3
2017-06-04,17:08:48,4640,0,3
2017-06-04,17:08:49,7727,0,3
2017-06-04,17:08:50,7522,0,3
2017-06-04,17:08:51,7897,0,3
2017-06-04,17:08:52,7960,0,3
2017-06-04,17:08:53,8013,0,3
2017-06-04,17:08:54,7831,0,3
2017-06-04,17:08:55,6536,0,3
2017-06-04,17:08:56,6749,0,3
2017-06-04,17:08:57,6302,0,3
2017-06-04,17:08:58,6152,0,3
2017-06-04,17:08:59,6253,0,3
2017-06-04,17:09:00,6255,0,3
2017-06-04,17:09:01,6243,0,3
2017-06-04,17:09:02,5989,0,3
2017-06-04,17:09:03,6710,0,3
2017-06-04,17:09:04,6120,0,3
2017-06-04,17:09:05,7504,0,3
2017-06-04,17:09:06,6970,1,2
2017-06-04,17:09:07,6616,0,2
2017-06-04,17:09:08,5318,0,2
2017-06-04,17:09:09,4419,0,2
2017-06-04,17:09:10,4437,0,2
2017-06-04,17:09:11,4420,0,2
2017-06-04,17:09:12,4302,0,2
2017-06-04,17:09:13,4100,0,2
2017-06-04,17:09:14,3616,1,1
2017-06-04,17:09:15,4317,0,1
2017-06-04,17:09:16,3771,0,1
2017-06-04,17:09:17,2685,0,1
2017-06-04,17:09:18,1862,0,1
2017-06-04,17:09:19,3740,0,1
2017-06-04,17:09:20,3417,0,1
2017-06-04,17:09:21,2734,0,1
2017-06-04,17:09:22,2439,0,1
2017-06-04,17:09:23,2156,0,1
2017-06-04,17:09:24,3098,0,1
2017-06-04,17:09:25,3215,0,1
2017-06-04,17:09:26,3764,0,1
2017-06-04,17:09:27,4725,0,1
2017-06-04,17:09:28,3140,0,1
2017-06-04,17:09:29,4857,0,1
2017-06-04,17:09:30,6010,0,1
2017-06-04,17:09:31,7174,0,1
2017-06-04,17:09:32,6662,0,1
2017-06-04,17:09:33,6530,0,1
2017-06-04,17:09:34,6446,0,1
2017-06-04,17:09:35,5166,0,1
2017-06-04,17:09:36,5920,0,1
2017-06-04,17:09:37,7762,0,1
2017-06-04,17:09:38,8222,0,1
2017-06-04,17:09:39,9026,0,1
2017-06-04,17:09:40,8843,0,1
2017-06-04,17:09:41,7985,0,1
2017-06-04,17:09:42,8245,0,1
2017-06-04,17:09:43,6541,0,1
2017-06-04,17:09:44,6351,0,1
2017-06-04,17:09:45,7108,0,1
2017-06-04,17:09:46,8053,0,1
2017-06-04,17:09:47,6896,0,1
2017-06-04,17:09:48,6942,0,1
2017-06-04,17:09:49,6702,0,1
2017-06-04,17:09:50,5569,0,1
2017-06-04,17:09:51,4391,0,1
2017-06-04,17:09:52,4366,0,1
2017-06-04,17:09:53,3287,0,1
2017-06-04,17:09:54,2994,0,1
2017-06-04,17:09:55,2448,0,1
2017-06-04,17:09:56,2857,0,1
2017-06-04,17:09:57,3217,0,1
2017-06-04,17:09:58,1701,0,1
2017-06-04,17:09:59,1453,0,1
2017-06-04,17:10:00,1730,0,1
2017-06-04,17:10:01,1267,0,1
2017-06-04,17:10:02,1325,1,1
2017-06-04,17:10:03,1184,0,1
2017-06-04,17:10:04,2355,0,1
2017-06-04,17:10:05,4984,0,1
2017-06-04,17:10:06,6058,0,1
2017-06-04,17:10:07,4993,0,1
2017-06-04,17:10:08,3744,0,1
2017-06-04,17:10:09,3333,0,1
2017-06-04,17:10:10,4476,0,1
2017-06-04,17:10:11,5746,0,1
2017-06-04,17:10:12,3432,0,1
2017-06-04,17:10:13,2294,0,1
2017-06-04,17:10:14,3549,0,1
2017-06-04,17:10:15,1903,0,1
2017-06-04,17:10:16,1440,0,1
2017-06-04,17:10:17,1387,0,1
2017-06-04,17:10:18,1757,0,1
2017-06-04,17:10:19,1500,0,1
2017-06-04,17:10:20,2190,0,1
2017-06-04,17:10:21,4051,0,1
2017-06-04,17:10:22,2803,0,1
2017-06-04,17:10:23,3229,0,1
2017-06-04,17:10:24,2839,0,1
2017-06-04,17:10:25,2475,0,1
2017-06-04,17:10:26,2582,0,1
2017-06-04,17:10:27,2749,0,1
2017-06-04,17:10:28,1845,0,1
2017-06-04,17:10:29,3440,0,1
2017-06-04,17:10:30,3213,0,1
2017-06-04,17:10:31,2074,0,1
2017-06-04,17:10:32,2771,1,5
2017-06-04,17:10:33,1663,0,5
2017-06-04,17:10:34,4439,0,5
2017-06-04,17:10:35,6209,0,5
2017-06-04,17:10:36,8292,0,5
2017-06-04,17:10:37,8452,0,5
2017-06-04,17:10:38,9117,0,5
2017-06-04,17:10:39,7791,0,5
2017-06-04,17:10:40,8830,0,5
2017-06-04,17:10:41,8604,0,5
2017-06-04,17:10:42,10035,0,5
2017-06-04,17:10:43,11173,0,5
2017-06-04,17:10:44,9321,0,5
2017-06-04,17:10:45,6197,0,5
2017-06-04,17:10:46,5904,0,5
2017-06-04,17:10:47,4998,0,5
2017-06-04,17:10:48,5303,0,5
2017-06-04,17:10:49,5987,0,5
2017-06-04,17:10:50,7519,0,5
2017-06-04,17:10:51,8843,0,5
2017-06-04,17:10:52,10595,0,5
2017-06-04,17:10:53,9694,0,5
2017-06-04,17:10:54,9802,0,5
2017-06-04,17:10:55,13105,0,5
2017-06-04,17:10:56,13297,0,5
2017-06-04,17:10:57,12137,0,5
2017-06-04,17:10:58,10487,0,5
2017-06-04,17:10:59,12922,0,5
2017-06-04,17:11:00,14439,0,5
2017-06-04,17:11:01,14934,0,5
2017-06-04,17:11:02,14750,0,5
2017-06-04,17:11:03,14956,0,5
2017-06-04,17:11:04,14694,0,5
2017-06-04,17:11:05,14678,0,5
2017-06-04,17:11:06,11145,0,5
2017-06-04,17:11:07,8006,0,5
2017-06-04,17:11:08,6188,0,5
2017-06-04,17:11:09,4765,0,5
2017-06-04,17:11:10,7207,0,5
2017-06-04,17:11:11,2712,0,5
2017-06-04,17:11:12,4060,0,5
2017-06-04,17:11:13,9676,0,5
2017-06-04,17:11:14,6877,0,5
2017-06-04,17:11:15,6509,1,4
2017-06-04,17:11:16,7135,0,4
2017-06-04,17:11:17,5693,0,4
2017-06-04,17:11:18,5722,0,4
2017-06-04,17:11:19,7843,0,4
2017-06-04,17:11:20,6956,0,4
2017-06-04,17:11:21,5173,0,4
2017-06-04,17:11:22,5755,0,4
2017-06-04,17:11:23,8670,0,4
2017-06-04,17:11:24,9765,0,4
2017-06-04,17:11:25,9871,1,5
2017-06-04,17:11:26,9626,0,5
2017-06-04,17:11:27,9037,0,5
2017-06-04,17:11:28,7825,0,5
2017-06-04,17:11:29,9392,0,5
2017-06-04,17:11:30,10206,0,5
2017-06-04,17:11:31,8867,0,5
2017-06-04,17:11:32,8406,0,5
2017-06-04,17:11:33,7453,0,5
2017-06-04,17:11:34,4935,0,5
2017-06-04,17:11:35,4574,0,5
2017-06-04,17:11:36,5397,0,5
2017-06-04,17:11:37,6549,0,5
2017-06-04,17:11:38,6899,0,5
2017-06-04,17:11:39,7422,0,5
2017-06-04,17:11:40,7768,0,5
2017-06-04,17:11:41,7635,1,1
2017-06-04,17:11:42,7526,0,1
2017-06-04,17:11:43,7453,0,1
2017-06-04,17:11:44,7354,0,1
2017-06-04,17:11:45,6461,0,1
2017-06-04,17:11:46,5924,0,1
2017-06-04,17:11:47,5839,0,1
2017-06-04,17:11:48,5824,0,1
2017-06-04,17:11:49,5451,0,1
2017-06-04,17:11:50,5133,0,1
2017-06-04,17:11:51,6154,0,1
2017-06-04,17:11:52,6219,0,1
2017-06-04,17:11:53,6374,0,1
2017-06-04,17:11:54,6534,0,1
2017-06-04,17:11:55,9289,0,1
2017-06-04,17:11:56,6493,0,1
2017-06-04,17:11:57,4991,0,1
2017-06-04,17:11:58,4670,0,1
2017-06-04,17:11:59,4305,0,1
2017-06-04,17:12:00,6169,0,1
2017-06-04,17:12:01,7681,1,6
2017-06-04,17:12:02,7283,0,6
2017-06-04,17:12:03,4827,0,6
2017-06-04,17:12:04,6676,0,6
2017-06-04,17:12:05,6284,0,6
2017-06-04,17:12:06,4887,0,6
2017-06-04,17:12:07,7024,0,6
2017-06-04,17:12:08,5515,0,6
2017-06-04,17:12:09,6862,0,6
2017-06-04,17:12:10,5256,0,6
2017-06-04,17:12:11,4743,0,6
2017-06-04,17:12:12,3955,0,6
2017-06-04,17:12:13,4134,0,6
2017-06-04,17:12:14,5455,0,6
2017-06-04,17:12:15,6118,0,6
2017-06-04,17:12:16,9184,0,6
2017-06-04,17:12:17,9354,0,6
2017-06-04,17:12:18,9337,0,6
2017-06-04,17:12:19,8757,0,6
2017-06-04,17:12:20,5231,0,6
2017-06-04,17:12:21,4254,0,6
2017-06-04,17:12:22,6394,0,6
2017-06-04,17:12:23,7124,0,6
2017-06-04,17:12:24,6840,1,5
2017-06-04,17:12:25,7614,0,5
2017-06-04,17:12:26,8290,0,5
2017-06-04,17:12:27,9632,0,5
2017-06-04,17:12:28,10701,0,5
2017-06-04,17:12:29,11796,0,5
2017-06-04,17:12:30,10816,0,5
2017-06-04,17:12:31,9086,0,5
2017-06-04,17:12:32,8233,0,5
2017-06-04,17:12:33,9111,0,5
2017-06-04,17:12:34,8719,0,5
2017-06-04,17:12:35,5572,0,5
2017-06-04,17:12:36,6491,0,5
2017-06-04,17:12:37,8350,0,5
2017-06-04,17:12:38,7140,0,5
2017-06-04,17:12:39,4673,0,5
2017-06-04,17:12:40,5581,0,5
2017-06-04,17:12:41,6736,0,5
2017-06-04,17:12:42,7998,0,5
2017-06-04,17:12:43,10015,0,5
2017-06-04,17:12:44,8822,0,5
2017-06-04,17:12:45,8213,0,5
2017-06-04,17:12:46,5712,0,5
2017-06-04,17:12:47,4985,0,5
2017-06-04,17:12:48,2849,0,5
2017-06-04,17:12:49,2497,0,5
2017-06-04,17:12:50,5696,0,5
2017-06-04,17:12:51,6676,0,5
2017-06-04,17:12:52,6858,0,5
2017-06-04,17:12:53,6380,0,5
2017-06-04,17:12:54,7422,0,5
2017-06-04,17:12:55,8099,0,5
2017-06-04,17:12:56,7496,0,5
2017-06-04,17:12:57,6622,0,5
2017-06-04,17:12:58,5761,0,5
2017-06-04,17:12:59,3826,0,5
2017-06-04,17:13:00,2526,0,5
2017-06-04,17:13:01,3113,0,5
2017-06-04,17:13:02,6399,0,5
2017-06-04,17:13:03,7774,0,5
2017-06-04,17:13:04,5200,1,1
2017-06-04,17:13:05,4027,0,1
2017-06-04,17:13:06,2860,0,1
2017-06-04,17:13:07,1357,0,1
2017-06-04,17:13:08,1157,0,1
2017-06-04,17:13:09,1267,0,1
2017-06-04,17:13:10,1117,0,1
2017-06-04,17:13:11,1254,0,1
2017-06-04,17:13:12,1056,0,1
2017-06-04,17:13:13,3054,0,1
2017-06-04,17:13:14,4651,0,1
2017-06-04,17:13:15,5125,0,1
2017-06-04,17:13:16,4721,1,5
2017-06-04,17:13:17,5750,0,5
2017-06-04,17:13:18,4749,0,5
2017-06-04,17:13:19,1308,0,5
2017-06-04,17:13:20,0,0,5
2017-06-04,17:13:21,0,0,5
2017-06-04,17:13:22,0,0,5
2017-06-04,17:13:23,0,0,5
2017-06-04,17:13:24,0,0,5
2017-06-04,17:13:25,0,0,5
2017-06-04,17:13:26,0,0,5
2017-06-04,17:13:27,0,0,5
2017-06-04,17:13:28,0,0,5
2017-06-04,17:13:29,0,0,5
2017-06-04,17:13:30,0,0,5
2017-06-04,17:13:31,0,0,5
2017-06-04,17:13:32,0,0,5
2017-06-04,17:13:33,0,0,5
2017-06-04,17:13:34,0,0,5
2017-06-04,17:13:35,0,0,5
2017-06-04,17:13:36,0,0,5
2017-06-04,17:13:37,0,0,5
2017-06-04,17:13:38,0,0,5
2017-06-04,17:13:39,0,0,5
2017-06-04,17:13:40,0,0,5
2017-06-04,17:13:41,0,0,5
2017-06-04,17:13:42,0,0,5
2017-06-04,17:13:43,0,0,5
2017-06-04,17:13:44,0,0,5
2017-06-04,17:13:45,0,0,5
2017-06-04,17:13:46,0,0,5
2017-06-04,17:13:47,0,0,5
2017-06-04,17:13:48,0,0,5
2017-06-04,17:13:49,0,0,5
2017-06-04,17:13:50,0,0,5
2017-06-04,17:13:51,0,0,5
2017-06-04,17:13:52,0,0,5
2017-06-04,17:13:53,0,0,5
2017-06-04,17:13:54,0,0,5
2017-06-04,17:13:55,0,0,5
2017-06-04,17:13:56,0,0,5
2017-06-04,17:13:57,0,0,5
2017-06-04,17:13:58,0,0,5
2017-06-04,17:13:59,0,0,5
2017-06-04,17:14:00,0,0,5
2017-06-04,17:14:01,0,0,5
2017-06-04,17:14:02,0,0,5
2017-06-04,17:14:03,0,0,5
2017-06-04,17:14:04,0,0,5
2017-06-04,17:14:05,0,0,5
2017-06-04,17:14:06,0,0,5
2017-06-04,17:14:07,0,0,5
2017-06-04,17:14:08,0,0,5
2017-06-04,17:14:09,0,0,5
2017-06-04,17:14:10,0,0,5
2017-06-04,17:14:11,0,0,5
2017-06-04,17:14:12,0,0,5
2017-06-04,17:14:13,0,0,5
2017-06-04,17:14:14,0,0,5
2017-06-04,17:14:15,0,0,5
2017-06-04,17:14:16,0,0,5
2017-06-04,17:14:17,0,0,5
2017-06-04,17:14:18,0,0,5
2017-06-04,17:14:19,0,0,5
2017-06-04,17:14:20,0,0,5
2017-06-04,17:14:21,0,0,5
2017-06-04,17:14:22,0,0,5
2017-06-04,17:14:23,0,0,5
2017-06-04,17:14:24,0,0,5
2017-06-04,17:14:25,0,0,5
2017-06-04,17:14:26,0,0,5
2017-06-04,17:14:27,0,0,5
2017-06-04,17:14:28,0,0,5
2017-06-04,17:14:29,0,0,5
2017-06-04,17:14:30,0,0,5
2017-06-04,17:14:31,0,0,5
2017-06-04,17:14:32,0,0,5
2017-06-04,17:14:33,0,0,5
2017-06-04,17:14:34,0,0,5
2017-06-04,17:14:35,0,0,5
2017-06-04,17:14:36,0,0,5
2017-06-04,17:14:37,0,0,5
2017-06-04,17:14:38,0,0,5
2017-06-04,17:14:39,0,0,5
2017-06-04,17:14:40,0,0,5
2017-06-04,17:14:41,0,0,5
2017-06-04,17:14:42,0,0,5
2017-06-04,17:14:43,0,0,5
2017-06-04,17:14:44,0,0,5
2017-06-04,17:14:45,0,0,5
2017-06-04,17:14:46,0,0,5
2017-06-04,17:14:47,0,0,5
2017-06-04,17:14:48,0,0,5
2017-06-04,17:14:49,0,0,5
2017-06-04,17:14:50,0,0,5
2017-06-04,17:14:51,0,0,5
2017-06-04,17:14:52,0,0,5
2017-06-04,17:14:53,0,0,5
2017-06-04,17:14:54,0,0,5
2017-06-04,17:14:55,0,0,5
2017-06-04,17:14:56,0,0,5
2017-06-04,17:14:57,0,0,5
2017-06-04,17:14:58,0,0,5
2017-06-04,17:14:59,0,0,5
2017-06-04,17:15:00,0,0,5
2017-06-04,17:15:01,0,0,5
2017-06-04,17:15:02,0,0,5
2017-06-04,17:15:03,0,0,5
2017-06-04,17:15:04,0,0,5
2017-06-04,17:15:05,0,0,5
2017-06-04,17:15:06,0,0,5
2017-06-04,17:15:07,0,0,5
2017-06-04,17:15:08,0,0,5
2017-06-04,17:15:09,0,0,5
2017-06-04,17:15:10,0,0,5
2017-06-04,17:15:11,0,0,5
2017-06-04,17:15:12,0,0,5
2017-06-04,17:15:13,0,0,5
2017-06-04,17:15:14,0,0,5
2017-06-04,17:15:15,0,0,5
2017-06-04,17:15:16,0,0,5
2017-06-04,17:15:17,0,0,5
2017-06-04,17:15:18,0,0,5
2017-06-04,17:15:19,0,0,5
2017-06-04,17:15:20,0,0,5
2017-06-04,17:15:21,0,0,5
2017-06-04,17:15:22,0,0,5
2017-06-04,17:15:23,0,0,5
2017-06-04,17:15:24,0,0,5
2017-06-04,17:15:25,0,0,5
2017-06-04,17:15:26,0,0,5
2017-06-04,17:15:27,0,0,5
2017-06-04,17:15:28,0,0,5
2017-06-04,17:15:29,0,0,5
2017-06-04,17:15:30,0,0,5
2017-06-04,17:15:31,0,0,5
2017-06-04,17:15:32,0,0,5
2017-06-04,17:15:33,0,0,5
2017-06-04,17:15:34,0,0,5
2017-06-04,17:15:35,0,0,5
2017-06-04,17:15:36,0,0,5
2017-06-04,17:15:37,0,0,5
2017-06-04,17:15:38,0,0,5
2017-06-04,17:15:39,0,0,5
2017-06-04,17:15:40,0,0,5
2017-06-04,17:15:41,0,0,5
2017-06-04,17:15:42,0,0,5
2017-06-04,17:15:43,0,0,5
2017-06-04,17:15:44,0,0,5
2017-06-04,17:15:45,0,0,5
2017-06-04,17:15:46,0,0,5
2017-06-04,17:15:47,0,0,5
2017-06-04,17:15:48,0,0,5
2017-06-04,17:15:49,0,0,5
2017-06-04,17:15:50,0,0,5
2017-06-04,17:15:51,0,0,5
2017-06-04,17:15:52,0,0,5
2017-06-04,17:15:53,0,0,5
2017-06-04,17:15:54,0,0,5
2017-06-04,17:15:55,0,0,5
2017-06-04,17:15:56,0,0,5
2017-06-04,17:15:57,0,0,5
2017-06-04,17:15:58,0,0,5
2017-06-04,17:15:59,0,0,5
2017-06-04,17:16:00,0,0,5
2017-06-04,17:16:01,0,0,5
2017-06-04,17:16:02,0,0,5
2017-06-04,17:16:03,0,0,5
2017-06-04,17:16:04,0,0,5
2017-06-04,17:16:05,0,0,5
2017-06-04,17:16:06,0,0,5
2017-06-04,17:16:07,0,0,5
2017-06-04,17:16:08,0,0,5
2017-06-04,17:16:09,0,0,5
2017-06-04,17:16:10,0,0,5
2017-06-04,17:16:11,0,0,5
2017-06-04,17:16:12,0,0,5
2017-06-04,17:16:13,0,0,5
2017-06-04,17:16:14,0,0,5
2017-06-04,17:16:15,0,0,5
2017-06-04,17:16:16,0,0,5
2017-06-04,17:16:17,0,0,5
2017-06-04,17:16:18,0,0,5
2017-06-04,17:16:19,0,0,5
2017-06-04,17:16:20,0,0,5
2017-06-04,17:16:21,0,0,5
2017-06-04,17:16:22,0,0,5
2017-06-04,17:16:23,0,0,5
2017-06-04,17:16:24,0,0,5
2017-06-04,17:16:25,0,0,5
2017-06-04,17:16:26,0,0,5
2017-06-04,17:16:27,0,0,5
2017-06-04,17:16:28,0,0,5
2017-06-04,17:16:29,0,0,5
2017-06-04,17:16:30,0,0,5
2017-06-04,17:16:31,0,0,5
2017-06-04,17:16:32,0,0,5
2017-06-04,17:16:33,0,0,5
2017-06-04,17:16:34,0,0,5
2017-06-04,17:16:35,0,0,5
2017-06-04,17:16:36,0,0,5
2017-06-04,17:16:37,0,0,5
2017-06-04,17:16:38,0,0,5
2017-06-04,17:16:39,0,0,5
2017-06-04,17:16:40,0,0,5
2017-06-04,17:16:41,0,0,5
2017-06-04,17:16:42,0,0,5
2017-06-04,17:16:43,0,0,5
2017-06-04,17:16:44,0,0,5
2017-06-04,17:16:45,0,0,5
2017-06-04,17:16:46,0,0,5
2017-06-04,17:16:47,0,0,5
2017-06-04,17:16:48,0,0,5
2017-06-04,17:16:49,0,0,5
2017-06-04,17:16:50,0,0,5
2017-06-04,17:16:51,0,0,5
2017-06-04,17:16:52,0,0,5
2017-06-04,17:16:53,0,0,5
2017-06-04,17:16:54,0,0,5
2017-06-04,17:16:55,0,0,5
2017-06-04,17:16:56,0,0,5
2017-06-04,17:16:57,0,0,5
2017-06-04,17:16:58,0,0,5
2017-06-04,17:16:59,0,0,5
2017-06-04,17:17:00,0,0,5
2017-06-04,17:17:01,0,0,5
2017-06-04,17:17:02,0,0,5
2017-06-04,17:17:03,0,0,5
2017-06-04,17:17:04,0,0,5
2017-06-04,17:17:05,0,0,5
2017-06-04,17:17:06,0,0,5
2017-06-04,17:17:07,0,0,5
2017-06-04,17:17:08,0,0,5
2017-06-04,17:17:09,0,0,5
2017-06-04,17:17:10,0,0,5
2017-06-04,17:17:11,0,0,5
2017-06-04,17:17:12,0,0,5
2017-06-04,17:17:13,0,0,5
2017-06-04,17:17:14,0,0,5
2017-06-04,17:17:15,0,0,5
2017-06-04,17:17:16,0,0,5
2017-06-04,17:17:17,0,0,5
2017-06-04,17:17:18,0,0,5
2017-06-04,17:17:19,0,0,5
2017-06-04,17:17:20,0,0,5
2017-06-04,17:17:21,0,0,5
2017-06-04,17:17:22,0,0,5
2017-06-04,17:17:23,0,0,5
2017-06-04,17:17:24,0,0,5
2017-06-04,17:17:25,0,0,5
2017-06-04,17:17:26,0,0,5
2017-06-04,17:17:27,0,0,5
2017-06-04,17:17:28,0,0,5
2017-06-04,17:17:29,0,0,5
2017-06-04,17:17:30,0,0,5
2017-06-04,17:17:31,0,0,5
2017-06-04,17:17:32,0,0,5
2017-06-04,17:17:33,0,0,5
2017-06-04,17:17:34,0,0,5
2017-06-04,17:17:35,0,0,5
2017-06-04,17:17:36,0,0,5
2017-06-04,17:17:37,0,0,5
2017-06-04,17:17:38,0,0,5
2017-06-04,17:17:39,0,0,5
2017-06-04,17:17:40,0,0,5
2017-06-04,17:17:41,0,0,5
2017-06-04,17:17:42,0,0,5
2017-06-04,17:17:43,0,0,5
2017-06-04,17:17:44,0,0,5
2017-06-04,17:17:45,0,0,5
2017-06-04,17:17:46,0,0,5
2017-06-04,17:17:47,0,0,5
2017-06-04,17:17:48,0,0,5
2017-06-04,17:17:49,0,0,5
2017-06-04,17:17:50,0,0,5
2017-06-04,17:17:51,0,0,5
2017-06-04,17:17:52,0,0,5
2017-06-04,17:17:53,0,0,5
2017-06-04,17:17:54,0,0,5
2017-06-04,17:17:55,0,0,5
2017-06-04,17:17:56,0,0,5
2017-06-04,17:17:57,0,0,5
2017-06-04,17:17:58,0,0,5
2017-06-04,17:17:59,0,0,5
2017-06-04,17:18:00,0,0,5
2017-06-04,17:18:01,0,0,5
2017-06-04,17:18:02,0,0,5
2017-06-04,17:18:03,0,0,5
2017-06-04,17:18:04,0,0,5
2017-06-04,17:18:05,0,0,5
2017-06-04,17:18:06,0,0,5
2017-06-04,17:18:07,0,0,5
2017-06-04,17:18:08,0,0,5
2017-06-04,17:18:09,0,0,5
2017-06-04,17:18:10,0,0,5
2017-06-04,17:18:11,0,0,5
2017-06-04,17:18:12,0,0,5
2017-06-04,17:18:13,0,0,5
2017-06-04,17:18:14,0,0,5
2017-06-04,17:18:15,0,0,5
2017-06-04,17:18:16,0,0,5
2017-06-04,17:18:17,0,0,5
2017-06-04,17:18:18,0,0,5
2017-06-04,17:18:19,0,0,5
2017-06-04,17:18:20,0,0,5
2017-06-04,17:18:21,0,0,5
2017-06-04,17:18:22,0,0,5
2017-06-04,17:18:23,0,0,5
2017-06-04,17:18:24,0,0,5
2017-06-04,17:18:25,0,0,5
2017-06-04,17:18:26,0,0,5
2017-06-04,17:18:27,0,0,5
2017-06-04,17:18:28,0,0,5
2017-06-04,17:18:29,0,0,5
2017-06-04,17:18:30,0,0,5
2017-06-04,17:18:31,0,0,5
2017-06-04,17:18:32,0,0,5
2017-06-04,17:18:33,0,0,5
2017-06-04,17:18:34,0,0,5
2017-06-04,17:18:35,0,0,5
2017-06-04,17:18:36,0,0,5
2017-06-04,17:18:37,0,0,5
2017-06-04,17:18:38,0,0,5
2017-06-04,17:18:39,0,0,5
2017-06-04,17:18:40,0,0,5
2017-06-04,17:18:41,0,0,5
2017-06-04,17:18:42,0,0,5
2017-06-04,17:18:43,0,0,5
2017-06-04,17:18:44,0,0,5
2017-06-04,17:18:45,0,0,5
2017-06-04,17:18:46,0,0,5
2017-06-04,17:18:47,0,0,5
2017-06-04,17:18:48,0,0,5
2017-06-04,17:18:49,0,0,5
2017-06-04,17:18:50,0,0,5
2017-06-04,17:18:51,0,0,5
2017-06-04,17:18:52,0,0,5
2017-06-04,17:18:53,0,0,5
2017-06-04,17:18:54,0,0,5
2017-06-04,17:18:55,0,0,5
2017-06-04,17:18:56,0,0,5
2017-06-04,17:18:57,0,0,5
2017-06-04,17:18:58,0,0,5
2017-06-04,17:18:59,0,0,5
2017-06-04,17:19:00,0,0,5
2017-06-04,17:19:01,0,0,5
2017-06-04,17:19:02,0,0,5
2017-06-04,17:19:03,0,0,5
2017-06-04,17:19:04,0,0,5
2017-06-04,17:19:05,0,0,5
2017-06-04,17:19:06,0,0,5
2017-06-04,17:19:07,0,0,5
2017-06-04,17:19:08,0,0,5
2017-06-04,17:19:09,0,0,5
2017-06-04,17:19:10,0,0,5
2017-06-04,17:19:11,0,0,5
2017-06-04,17:19:12,0,0,5
2017-06-04,17:19:13,0,0,5
2017-06-04,17:19:14,0,0,5
2017-06-04,17:19:15,0,0,5
2017-06-04,17:19:16,0,0,6
2017-06-04,17:19:17,0,0,6
2017-06-04,17:19:18,0,0,6
2017-06-04,17:19:19,0,0,6
2017-06-04,17:19:20,0,0,6
2017-06-04,17:19:21,0,0,6
2017-06-04,17:19:22,0,0,6
2017-06-04,17:19:23,0,0,6
2017-06-04,17:19:24,0,0,6
2017-06-04,17:19:25,0,0,6
2017-06-04,17:19:26,0,0,6
2017-06-04,17:19:27,0,0,6
2017-06-04,17:19:28,0,0,6
2017-06-04,17:19:29,0,0,6
2017-06-04,17:19:30,0,0,6
2017-06-04,17:19:31,0,0,6
2017-06-04,17:19:32,0,0,6
2017-06-04,17:19:33,0,0,6
2017-06-04,17:19:34,0,0,6
2017-06-04,17:19:35,0,0,6
2017-06-04,17:19:36,0,0,6
2017-06-04,17:19:37,0,0,6
2017-06-04,17:19:38,0,0,6
2017-06-04,17:19:39,0,0,6
2017-06-04,17:19:40,0,0,6
2017-06-04,17:19:41,0,0,6
2017-06-04,17:19:42,0,0,6
2017-06-04,17:19:43,0,0,6
2017-06-04,17:19:44,0,0,6
2017-06-04,17:19:45,0,0,6
2017-06-04,17:19:46,0,0,6
2017-06-04,17:19:47,0,0,6
2017-06-04,17:19:48,0,0,6
2017-06-04,17:19:49,0,0,6
2017-06-04,17:19:50,0,0,6
2017-06-04,17:19:51,0,0,6
2017-06-04,17:19:52,0,0,6
2017-06-04,17:19:53,0,0,6
2017-06-04,17:19:54,0,0,6
2017-06-04,17:19:55,0,0,6
2017-06-04,17:19:56,0,0,6
2017-06-04,17:19:57,0,0,6
2017-06-04,17:19:58,0,0,6
2017-06-04,17:19:59,0,0,6
2017-06-04,17:20:00,0,0,6
2017-06-04,17:20:01,0,0,6
2017-06-04,17:20:02,0,0,6
2017-06-04,17:20:03,0,0,6
2017-06-04,17:20:04,0,0,6
2017-06-04,17:20:05,0,0,6
2017-06-04,17:20:06,0,0,6
2017-06-04,17:20:07,0,0,6
2017-06-04,17:20:08,0,0,6
2017-06-04,17:20:09,0,0,6
2017-06-04,17:20:10,0,0,6
2017-06-04,17:20:11,0,0,6
2017-06-04,17:20:12,0,0,6
2017-06-04,17:20:13,0,0,6
2017-06-04,17:20:14,0,0,6
2017-06-04,17:20:15,0,0,6
2017-06-04,17:20:16,0,0,7
2017-06-04,17:20:17,0,0,7
2017-06-04,17:20:18,0,0,7
2017-06-04,17:20:19,0,0,7
2017-06-04,17:20:20,0,0,7
2017-06-04,17:20:21,0,0,7
2017-06-04,17:20:22,0,0,7
2017-06-04,17:20:23,0,0,7
2017-06-04,17:20:24,0,0,7
2017-06-04,17:20:25,0,0,7
2017-06-04,17:20:26,0,0,7
2017-06-04,17:20:27,0,0,7
2017-06-04,17:20:28,0,0,7
2017-06-04,17:20:29,0,0,7
2017-06-04,17:20:30,0,0,7
2017-06-04,17:20:31,0,0,7
2017-06-04,17:20:32,0,0,7
2017-06-04,17:20:33,0,0,7
2017-06-04,17:20:34,0,0,7
2017-06-04,17:20:35,0,0,7
2017-06-04,17:20:36,0,0,7
2017-06-04,17:20:37,0,0,7
2017-06-04,17:20:38,0,0,7
2017-06-04,17:20:39,0,0,7
2017-06-04,17:20:40,0,0,7
2017-06-04,17:20:41,0,0,7
2017-06-04,17:20:42,0,0,7
2017-06-04,17:20:43,0,0,7
2017-06-04,17:20:44,0,0,7
2017-06-04,17:20:45,0,0,7
2017-06-04,17:20:46,0,0,7
2017-06-04,17:20:47,0,0,7
2017-06-04,17:20:48,0,0,7
2017-06-04,17:20:49,0,0,7
2017-06-04,17:20:50,0,0,7
2017-06-04,17:20:51,0,0,7
2017-06-04,17:20:52,0,0,7
2017-06-04,17:20:53,0,0,7
2017-06-04,17:20:54,0,0,7
2017-06-04,17:20:55,0,0,7
2017-06-04,17:20:56,0,0,7
2017-06-04,17:20:57,0,0,7
2017-06-04,17:20:58,0,0,7
2017-06-04,17:20:59,0,0,7
2017-06-04,17:21:00,0,0,7
2017-06-04,17:21:01,0,0,7
2017-06-04,17:21:02,0,0,7
2017-06-04,17:21:03,0,0,7
2017-06-04,17:21:04,0,0,7
2017-06-04,17:21:05,0,0,7
2017-06-04,17:21:06,0,0,7
2017-06-04,17:21:07,0,0,7
2017-06-04,17:21:08,0,0,7
2017-06-04,17:21:09,0,0,7
2017-06-04,17:21:10,0,0,7
2017-06-04,17:21:11,0,0,7
2017-06-04,17:21:12,0,0,7
2017-06-04,17:21:13,0,0,7
2017-06-04,17:21:14,0,0,7
2017-06-04,17:21:15,0,0,7
2017-06-04,17:21:16,0,0,1
2017-06-04,17:21:17,0,0,1
2017-06-04,17:21:18,0,0,1
2017-06-04,17:21:19,0,0,1
2017-06-04,17:21:20,0,0,1
2017-06-04,17:21:21,0,0,1
2017-06-04,17:21:22,0,0,1
2017-06-04,17:21:23,0,0,1
2017-06-04,17:21:24,0,0,1
2017-06-04,17:21:25,0,0,1
2017-06-04,17:21:26,0,0,1
2017-06-04,17:21:27,0,0,1
2017-06-04,17:21:28,0,0,1
2017-06-04,17:21:29,0,0,1
2017-06-04,17:21:30,0,0,1
2017-06-04,17:21:31,0,0,1
2017-06-04,17:21:32,0,0,1
2017-06-04,17:21:33,0,0,1
2017-06-04,17:21:34,0,0,1
2017-06-04,17:21:35,0,0,1
2017-06-04,17:21:36,0,0,1
2017-06-04,17:21:37,0,0,1
2017-06-04,17:21:38,2503,0,1
2017-06-04,17:21:39,2171,0,1
2017-06-04,17:21:40,1106,0,1
2017-06-04,17:21:41,1081,0,1
2017-06-04,17:21:42,0,0,1
2017-06-04,17:21:43,0,0,1
2017-06-04,17:21:44,0,0,1
2017-06-04,17:21:45,0,0,1
2017-06-04,17:21:46,0,0,1
2017-06-04,17:21:47,0,0,1
2017-06-04,17:21:48,0,0,1
2017-06-04,17:21:49,0,0,1
2017-06-04,17:21:50,0,0,1
2017-06-04,17:21:51,0,0,1
2017-06-04,17:21:52,0,0,1
2017-06-04,17:21:53,0,0,1
2017-06-04,17:21:54,0,0,1
2017-06-04,17:21:55,0,0,1
2017-06-04,17:21:56,0,0,1
2017-06-04,17:21:57,0,0,1
2017-06-04,17:21:58,0,0,1
2017-06-04,17:21:59,0,0,1
2017-06-04,17:22:00,0,0,1
2017-06-04,17:22:01,0,0,1
2017-06-04,17:22:02,0,0,1
2017-06-04,17:22:03,0,0,1
2017-06-04,17:22:04,0,0,1
2017-06-04,17:22:05,0,0,1
2017-06-04,17:22:06,0,0,1
2017-06-04,17:22:07,0,0,1
2017-06-04,17:22:08,0,0,1
2017-06-04,17:22:09,0,0,1
2017-06-04,17:22:10,0,0,1
2017-06-04,17:22:11,0,0,1
2017-06-04,17:22:12,0,0,1
2017-06-04,17:22:13,0,0,1
2017-06-04,17:22:14,0,0,1
2017-06-04,17:22:15,0,0,1
2017-06-04,17:22:16,0,0,2
2017-06-04,17:22:17,0,0,2
2017-06-04,17:22:18,0,0,2
2017-06-04,17:22:19,0,0,2
2017-06-04,17:22:20,0,0,2
2017-06-04,17:22:21,0,0,2
2017-06-04,17:22:22,0,0,2
2017-06-04,17:22:23,0,0,2
2017-06-04,17:22:24,0,0,2
2017-06-04,17:22:25,0,0,2
2017-06-04,17:22:26,0,0,2
2017-06-04,17:22:27,0,0,2
2017-06-04,17:22:28,0,0,2
2017-06-04,17:22:29,0,0,2
2017-06-04,17:22:30,0,0,2
2017-06-04,17:22:31,0,0,2
2017-06-04,17:22:32,0,0,2
2017-06-04,17:22:33,0,0,2
2017-06-04,17:22:34,0,0,2
2017-06-04,17:22:35,0,0,2
2017-06-04,17:22:36,0,0,2
2017-06-04,17:22:37,0,0,2
2017-06-04,17:22:38,0,0,2
2017-06-04,17:22:39,0,0,2
2017-06-04,17:22:40,0,0,2
2017-06-04,17:22:41,0,0,2
2017-06-04,17:22:42,0,0,2
2017-06-04,17:22:43,0,0,2
2017-06-04,17:22:44,0,0,2
2017-06-04,17:22:45,0,0,2
2017-06-04,17:22:46,0,0,2
2017-06-04,17:22:47,0,0,2
2017-06-04,17:22:48,0,0,2
2017-06-04,17:22:49,0,0,2
2017-06-04,17:22:50,0,0,2
2017-06-04,17:22:51,0,0,2
2017-06-04,17:22:52,0,0,2
2017-06-04,17:22:53,0,0,2
2017-06-04,17:22:54,0,0,2
2017-06-04,17:22:55,0,0,2
2017-06-04,17:22:56,0,0,2
2017-06-04,17:22:57,0,0,2
2017-06-04,17:22:58,0,0,2
2017-06-04,17:22:59,0,0,2
2017-06-04,17:23:00,0,0,2
2017-06-04,17:23:01,0,0,2
2017-06-04,17:23:02,0,0,2
2017-06-04,17:23:03,0,0,2
2017-06-04,17:23:04,0,0,2
2017-06-04,17:23:05,0,0,2
2017-06-04,17:23:06,0,0,2
2017-06-04,17:23:07,0,0,2
2017-06-04,17:23:08,0,0,2
2017-06-04,17:23:09,0,0,2
2017-06-04,17:23:10,0,0,2
2017-06-04,17:23:11,0,0,2
2017-06-04,17:23:12,0,0,2
2017-06-04,17:23:13,0,0,2
2017-06-04,17:23:14,0,0,2
2017-06-04,17:23:15,0,0,2
2017-06-04,17:23:16,0,0,3
2017-06-04,17:23:17,0,0,3
2017-06-04,17:23:18,0,0,3
2017-06-04,17:23:19,0,0,3
2017-06-04,17:23:20,0,0,3
2017-06-04,17:23:21,0,0,3
2017-06-04,17:23:22,0,0,3
2017-06-04,17:23:23,0,0,3
2017-06-04,17:23:24,0,0,3
2017-06-04,17:23:25,0,0,3
2017-06-04,17:23:26,0,0,3
2017-06-04,17:23:27,0,0,3
2017-06-04,17:23:28,0,0,3
2017-06-04,17:23:29,0,0,3
2017-06-04,17:23:30,0,0,3
2017-06-04,17:23:31,0,0,3
2017-06-04,17:23:32,0,0,3
2017-06-04,17:23:33,0,0,3
2017-06-04,17:23:34,0,0,3
2017-06-04,17:23:35,0,0,3
2017-06-04,17:23:36,0,0,3
2017-06-04,17:23:37,0,0,3
2017-06-04,17:23:38,0,0,3
2017-06-04,17:23:39,0,0,3
2017-06-04,17:23:40,0,0,3
2017-06-04,17:23:41,0,0,3
2017-06-04,17:23:42,0,0,3
2017-06-04,17:23:43,0,0,3
2017-06-04,17:23:44,0,0,3
2017-06-04,17:23:45,0,0,3
2017-06-04,17:23:46,0,0,3
2017-06-04,17:23:47,0,0,3
2017-06-04,17:23:48,0,0,3
2017-06-04,17:23:49,0,0,3
2017-06-04,17:23:50,0,0,3
2017-06-04,17:23:51,2503,0,3
2017-06-04,17:23:52,5414,0,3
2017-06-04,17:23:53,5208,0,3
2017-06-04,17:23:54,3834,0,3
2017-06-04,17:23:55,3155,0,3
2017-06-04,17:23:56,3411,0,3
2017-06-04,17:23:57,2606,0,3
2017-06-04,17:23:58,3136,0,3
2017-06-04,17:23:59,2567,0,3
2017-06-04,17:24:00,1593,0,3
2017-06-04,17:24:01,2012,0,3
2017-06-04,17:24:02,2345,0,3
2017-06-04,17:24:03,2018,0,3
2017-06-04,17:24:04,1972,0,3
2017-06-04,17:24:05,2026,0,3
2017-06-04,17:24:06,2402,0,3
2017-06-04,17:24:07,2313,0,3
2017-06-04,17:24:08,1763,0,3
2017-06-04,17:24:09,2184,0,3
2017-06-04,17:24:10,2229,0,3
2017-06-04,17:24:11,2260,0,3
2017-06-04,17:24:12,1992,0,3
2017-06-04,17:24:13,1690,0,3
2017-06-04,17:24:14,2225,0,3
2017-06-04,17:24:15,3611,0,3
2017-06-04,17:24:16,4341,0,4
2017-06-04,17:24:17,4673,0,4
2017-06-04,17:24:18,1179,0,4
2017-06-04,17:24:19,0,0,4
2017-06-04,17:24:20,0,0,4
2017-06-04,17:24:21,1270,0,4
2017-06-04,17:24:22,3197,0,4
2017-06-04,17:24:23,4509,0,4
2017-06-04,17:24:24,4621,0,4
2017-06-04,17:24:25,5253,0,4
2017-06-04,17:24:26,5323,0,4
2017-06-04,17:24:27,5645,0,4
2017-06-04,17:24:28,6868,0,4
2017-06-04,17:24:29,7159,0,4
2017-06-04,17:24:30,6497,0,4
2017-06-04,17:24:31,4428,0,4
2017-06-04,17:24:32,3612,0,4
2017-06-04,17:24:33,4159,0,4
2017-06-04,17:24:34,5289,0,4
2017-06-04,17:24:35,5725,0,4
2017-06-04,17:24:36,4591,0,4
2017-06-04,17:24:37,2939,0,4
2017-06-04,17:24:38,2792,0,4
2017-06-04,17:24:39,1744,0,4
2017-06-04,17:24:40,1795,0,4
2017-06-04,17:24:41,1921,0,4
2017-06-04,17:24:42,2222,0,4
2017-06-04,17:24:43,3426,0,4
2017-06-04,17:24:44,3271,0,4
2017-06-04,17:24:45,3316,0,4
2017-06-04,17:24:46,3094,0,4
2017-06-04,17:24:47,2064,0,4
2017-06-04,17:24:48,2462,0,4
2017-06-04,17:24:49,2549,0,4
2017-06-04,17:24:50,3120,0,4
2017-06-04,17:24:51,2021,0,4
2017-06-04,17:24:52,2000,0,4
2017-06-04,17:24:53,1522,0,4
2017-06-04,17:24:54,1379,0,4
2017-06-04,17:24:55,1045,0,4
2017-06-04,17:24:56,1055,0,4
2017-06-04,17:24:57,1082,0,4
2017-06-04,17:24:58,1101,0,4
2017-06-04,17:24:59,0,0,4
2017-06-04,17:25:00,2172,0,4
2017-06-04,17:25:01,2576,0,4
2017-06-04,17:25:02,1835,0,4
2017-06-04,17:25:03,1114,0,4
2017-06-04,17:25:04,1155,0,4
2017-06-04,17:25:05,1200,0,4
2017-06-04,17:25:06,1212,0,4
2017-06-04,17:25:07,1678,0,4
2017-06-04,17:25:08,1518,0,4
2017-06-04,17:25:09,1189,0,4
2017-06-04,17:25:10,1298,0,4
2017-06-04,17:25:11,1196,0,4
2017-06-04,17:25:12,1852,0,4
2017-06-04,17:25:13,2376,0,4
2017-06-04,17:25:14,3000,0,4
2017-06-04,17:25:15,2354,0,4
2017-06-04,17:25:16,2176,0,5
2017-06-04,17:25:17,2806,0,5
2017-06-04,17:25:18,1562,0,5
2017-06-04,17:25:19,1576,0,5
2017-06-04,17:25:20,1489,0,5
2017-06-04,17:25:21,0,0,5
2017-06-04,17:25:22,1479,1,4
2017-06-04,17:25:23,0,0,4
2017-06-04,17:25:24,0,0,4
2017-06-04,17:25:25,0,0,4
2017-06-04,17:25:26,0,0,4
2017-06-04,17:25:27,0,0,4
2017-06-04,17:25:28,1169,0,4
2017-06-04,17:25:29,1167,0,4
2017-06-04,17:25:30,0,0,4
2017-06-04,17:25:31,0,0,4
2017-06-04,17:25:32,1027,0,4
2017-06-04,17:25:33,1045,0,4
2017-06-04,17:25:34,0,0,4
2017-06-04,17:25:35,0,0,4
2017-06-04,17:25:36,0,0,4
2017-06-04,17:25:37,1090,0,4
2017-06-04,17:25:38,0,0,4
2017-06-04,17:25:39,1310,0,4
2017-06-04,17:25:40,1238,1,5
2017-06-04,17:25:41,0,0,5
2017-06-04,17:25:42,0,0,5
2017-06-04,17:25:43,1014,0,5
2017-06-04,17:25:44,1089,0,5
2017-06-04,17:25:45,1325,0,5
2017-06-04,17:25:46,2295,0,5
2017-06-04,17:25:47,1867,0,5
2017-06-04,17:25:48,3946,1,6
2017-06-04,17:25:49,0,0,6
2017-06-04,17:25:50,0,0,6
2017-06-04,17:25:51,0,0,6
2017-06-04,17:25:52,0,0,6
2017-06-04,17:25:53,1084,0,6
2017-06-04,17:25:54,1011,0,6
2017-06-04,17:25:55,1479,0,6
2017-06-04,17:25:56,2806,0,6
2017-06-04,17:25:57,2581,0,6
2017-06-04,17:25:58,2277,0,6
2017-06-04,17:25:59,1256,0,6
2017-06-04,17:26:00,2206,0,6
2017-06-04,17:26:01,1923,0,6
2017-06-04,17:26:02,2011,0,6
2017-06-04,17:26:03,1701,0,6
2017-06-04,17:26:04,1862,0,6
2017-06-04,17:26:05,3016,0,6
2017-06-04,17:26:06,4016,0,6
2017-06-04,17:26:07,2947,0,6
2017-06-04,17:26:08,2584,0,6
2017-06-04,17:26:09,2668,0,6
2017-06-04,17:26:10,2079,0,6
2017-06-04,17:26:11,1970,0,6
2017-06-04,17:26:12,1518,0,6
2017-06-04,17:26:13,1362,0,6
2017-06-04,17:26:14,1134,0,6
2017-06-04,17:26:15,1347,0,6
2017-06-04,17:26:16,1475,0,6
2017-06-04,17:26:17,1578,0,6
2017-06-04,17:26:18,1990,1,8
2017-06-04,17:26:19,1580,0,8
2017-06-04,17:26:20,1140,0,8
2017-06-04,17:26:21,2370,0,8
2017-06-04,17:26:22,3038,0,8
2017-06-04,17:26:23,3895,0,8
2017-06-04,17:26:24,4376,0,8
2017-06-04,17:26:25,4402,0,8
2017-06-04,17:26:26,3853,0,8
2017-06-04,17:26:27,1405,0,8
2017-06-04,17:26:28,1212,0,8
2017-06-04,17:26:29,1079,0,8
2017-06-04,17:26:30,1033,0,8
2017-06-04,17:26:31,1179,0,8
2017-06-04,17:26:32,1421,0,8
2017-06-04,17:26:33,0,0,8
2017-06-04,17:26:34,0,0,8
2017-06-04,17:26:35,0,0,8
2017-06-04,17:26:36,0,0,8
2017-06-04,17:26:37,0,0,8
2017-06-04,17:26:38,0,0,8
2017-06-04,17:26:39,0,0,8
2017-06-04,17:26:40,0,0,8
2017-06-04,17:26:41,0,0,8
2017-06-04,17:26:42,0,0,8
2017-06-04,17:26:43,0,0,8
2017-06-04,17:26:44,0,0,8
2017-06-04,17:26:45,0,0,8
2017-06-04,17:26:46,0,0,8
2017-06-04,17:26:47,0,0,8
2017-06-04,17:26:48,0,0,8
2017-06-04,17:26:49,0,0,8
2017-06-04,17:26:50,0,0,8
2017-06-04,17:26:51,0,0,8
2017-06-04,17:26:52,0,0,8
2017-06-04,17:26:53,0,0,8
2017-06-04,17:26:54,0,0,8
2017-06-04,17:26:55,0,0,8
2017-06-04,17:26:56,0,0,8
2017-06-04,17:26:57,0,0,8
2017-06-04,17:26:58,0,0,8
2017-06-04,17:26:59,0,0,8
2017-06-04,17:27:00,0,0,8
2017-06-04,17:27:01,0,0,8
2017-06-04,17:27:02,0,0,8
2017-06-04,17:27:03,0,0,8
2017-06-04,17:27:04,0,0,8
2017-06-04,17:27:05,0,0,8
2017-06-04,17:27:06,0,0,8
2017-06-04,17:27:07,0,0,8
2017-06-04,17:27:08,0,0,8
2017-06-04,17:27:09,0,0,8
2017-06-04,17:27:10,0,0,8
2017-06-04,17:27:11,0,0,8
2017-06-04,17:27:12,0,0,8
2017-06-04,17:27:13,0,0,8
2017-06-04,17:27:14,0,0,8
2017-06-04,17:27:15,0,0,8
2017-06-04,17:27:16,0,0,8
2017-06-04,17:27:17,0,0,8
2017-06-04,17:27:18,0,0,8
2017-06-04,17:27:19,0,0,8
2017-06-04,17:27:20,0,0,8
2017-06-04,17:27:21,0,0,8
2017-06-04,17:27:22,0,0,8
2017-06-04,17:27:23,0,0,8
2017-06-04,17:27:24,0,0,8
2017-06-04,17:27:25,0,0,8
2017-06-04,17:27:26,0,0,8
2017-06-04,17:27:27,0,0,8
2017-06-04,17:27:28,0,0,8
2017-06-04,17:27:29,0,0,8
2017-06-04,17:27:30,0,0,8
2017-06-04,17:27:31,0,0,8
2017-06-04,17:27:32,0,0,8
2017-06-04,17:27:33,0,0,8
2017-06-04,17:27:34,0,0,8
2017-06-04,17:27:35,0,0,8
2017-06-04,17:27:36,0,0,8
2017-06-04,17:27:37,0,0,8
2017-06-04,17:27:38,0,0,8
2017-06-04,17:27:39,0,0,8
2017-06-04,17:27:40,0,0,8
2017-06-04,17:27:41,0,0,8
2017-06-04,17:27:42,0,0,8
2017-06-04,17:27:43,0,0,8
2017-06-04,17:27:44,0,0,8
2017-06-04,17:27:45,0,0,8
2017-06-04,17:27:46,0,0,8
2017-06-04,17:27:47,0,0,8
2017-06-04,17:27:48,0,0,8
2017-06-04,17:27:49,0,0,8
2017-06-04,17:27:50,0,0,8
2017-06-04,17:27:51,0,0,8
2017-06-04,17:27:52,0,0,8
2017-06-04,17:27:53,0,0,8
2017-06-04,17:27:54,0,0,8
2017-06-04,17:27:55,0,0,8
2017-06-04,17:27:56,0,0,8
2017-06-04,17:27:57,0,0,8
2017-06-04,17:27:58,0,0,8
2017-06-04,17:27:59,0,0,8
2017-06-04,17:28:00,0,0,8
2017-06-04,17:28:01,0,0,8
2017-06-04,17:28:02,0,0,8
2017-06-04,17:28:03,0,0,8
2017-06-04,17:28:04,0,0,8
2017-06-04,17:28:05,0,0,8
2017-06-04,17:28:06,0,0,8
2017-06-04,17:28:07,0,0,8
2017-06-04,17:28:08,0,0,8
2017-06-04,17:28:09,0,0,8
2017-06-04,17:28:10,0,0,8
2017-06-04,17:28:11,0,0,8
2017-06-04,17:28:12,0,0,8
2017-06-04,17:28:13,0,0,8
2017-06-04,17:28:14,0,0,8
2017-06-04,17:28:15,0,0,8
2017-06-04,17:28:16,0,0,8
2017-06-04,17:28:17,0,0,8
2017-06-04,17:28:18,0,0,8
2017-06-04,17:28:19,0,0,8
2017-06-04,17:28:20,0,0,8
2017-06-04,17:28:21,0,0,8
2017-06-04,17:28:22,0,0,8
2017-06-04,17:28:23,0,0,8
2017-06-04,17:28:24,0,0,8
2017-06-04,17:28:25,0,0,8
2017-06-04,17:28:26,0,0,8
2017-06-04,17:28:27,0,0,8
2017-06-04,17:28:28,0,0,8
2017-06-04,17:28:29,0,0,8
2017-06-04,17:28:30,0,0,8
2017-06-04,17:28:31,0,0,8
2017-06-04,17:28:32,0,0,8
2017-06-04,17:28:33,0,0,8
2017-06-04,17:28:34,0,0,8
2017-06-04,17:28:35,0,0,8
2017-06-04,17:28:36,0,0,8
2017-06-04,17:28:37,0,0,8
2017-06-04,17:28:38,0,0,8
2017-06-04,17:28:39,0,0,8
2017-06-04,17:28:40,0,0,8
2017-06-04,17:28:41,0,0,8
2017-06-04,17:28:42,0,0,8
2017-06-04,17:28:43,0,0,8
2017-06-04,17:28:44,0,0,8
2017-06-04,17:28:45,0,0,8
2017-06-04,17:28:46,0,0,8
2017-06-04,17:28:47,0,0,8
2017-06-04,17:28:48,0,0,8
2017-06-04,17:28:49,0,0,8
2017-06-04,17:28:50,0,0,8
2017-06-04,17:28:51,0,0,8
2017-06-04,17:28:52,0,0,8
2017-06-04,17:28:53,0,0,8
2017-06-04,17:28:54,0,0,8
2017-06-04,17:28:55,0,0,8
2017-06-04,17:28:56,0,0,8
2017-06-04,17:28:57,0,0,8
2017-06-04,17:28:58,0,0,8
2017-06-04,17:28:59,0,0,8
2017-06-04,17:29:00,0,0,8
2017-06-04,17:29:01,0,0,8
2017-06-04,17:29:02,0,0,8
2017-06-04,17:29:03,0,0,8
2017-06-04,17:29:04,0,0,8
2017-06-04,17:29:05,0,0,8
2017-06-04,17:29:06,0,0,8
2017-06-04,17:29:07,0,0,8
2017-06-04,17:29:08,0,0,8
2017-06-04,17:29:09,0,0,8
2017-06-04,17:29:10,0,0,8
2017-06-04,17:29:11,0,0,8
2017-06-04,17:29:12,0,0,8
2017-06-04,17:29:13,0,0,8
2017-06-04,17:29:14,0,0,8
2017-06-04,17:29:15,0,0,8
2017-06-04,17:29:16,0,0,8
2017-06-04,17:29:17,0,0,8
2017-06-04,17:29:18,0,0,8
2017-06-04,17:29:19,0,0,8
2017-06-04,17:29:20,0,0,8
2017-06-04,17:29:21,0,0,8
2017-06-04,17:29:22,0,0,8
2017-06-04,17:29:23,0,0,8
2017-06-04,17:29:24,0,0,8
2017-06-04,17:29:25,0,0,8
2017-06-04,17:29:26,0,0,8
2017-06-04,17:29:27,0,0,8
2017-06-04,17:29:28,0,0,8
2017-06-04,17:29:29,0,0,7
2017-06-04,17:29:30,0,0,7
2017-06-04,17:29:31,0,0,7
2017-06-04,17:29:32,0,0,7
2017-06-04,17:29:33,0,0,7
2017-06-04,17:29:34,0,0,7
2017-06-04,17:29:35,0,0,7
2017-06-04,17:29:36,0,0,7
2017-06-04,17:29:37,0,0,7
2017-06-04,17:29:38,0,0,7
2017-06-04,17:29:39,0,0,7
2017-06-04,17:29:40,0,0,7
2017-06-04,17:29:41,0,0,7
2017-06-04,17:29:42,0,0,7
2017-06-04,17:29:43,0,0,7
2017-06-04,17:29:44,0,0,7
2017-06-04,17:29:45,0,0,7
2017-06-04,17:29:46,0,0,7
2017-06-04,17:29:47,0,0,7
2017-06-04,17:29:48,0,0,7
2017-06-04,17:29:49,0,0,7
2017-06-04,17:29:50,0,0,7
2017-06-04,17:29:51,0,0,7
2017-06-04,17:29:52,0,0,7
2017-06-04,17:29:53,0,0,7
2017-06-04,17:29:54,0,0,7
2017-06-04,17:29:55,0,0,7
2017-06-04,17:29:56,0,0,7
2017-06-04,17:29:57,0,0,7
2017-06-04,17:29:58,0,0,7
2017-06-04,17:29:59,0,0,7
2017-06-04,17:30:00,0,0,7
2017-06-04,17:30:01,0,0,7
2017-06-04,17:30:02,0,0,7
2017-06-04,17:30:03,0,0,7
2017-06-04,17:30:04,0,0,7
2017-06-04,17:30:05,0,0,7
2017-06-04,17:30:06,0,0,7
2017-06-04,17:30:07,0,0,7
2017-06-04,17:30:08,0,0,7
2017-06-04,17:30:09,0,0,7
2017-06-04,17:30:10,0,0,7
2017-06-04,17:30:11,0,0,7
2017-06-04,17:30:12,0,0,7
2017-06-04,17:30:13,0,0,7
2017-06-04,17:30:14,0,0,7
2017-06-04,17:30:15,0,0,7
2017-06-04,17:30:16,0,0,7
2017-06-04,17:30:17,0,0,7
2017-06-04,17:30:18,0,0,7
2017-06-04,17:30:19,0,0,7
2017-06-04,17:30:20,0,0,7
2017-06-04,17:30:21,0,0,7
2017-06-04,17:30:22,0,0,7
2017-06-04,17:30:23,0,0,7
2017-06-04,17:30:24,0,0,7
2017-06-04,17:30:25,0,0,7
2017-06-04,17:30:26,0,0,7
2017-06-04,17:30:27,0,0,7
2017-06-04,17:30:28,0,0,7
2017-06-04,17:30:29,0,0,1
2017-06-04,17:30:30,0,0,1
2017-06-04,17:30:31,0,0,1
2017-06-04,17:30:32,0,0,1
2017-06-04,17:30:33,0,0,1
2017-06-04,17:30:34,0,0,1
2017-06-04,17:30:35,0,0,1
2017-06-04,17:30:36,0,0,1
2017-06-04,17:30:37,0,0,1
2017-06-04,17:30:38,0,0,1
2017-06-04,17:30:39,0,0,1
2017-06-04,17:30:40,0,0,1
2017-06-04,17:30:41,0,0,1
2017-06-04,17:30:42,0,0,1
2017-06-04,17:30:43,0,0,1
2017-06-04,17:30:44,0,0,1
2017-06-04,17:30:45,0,0,1
2017-06-04,17:30:46,0,0,1
2017-06-04,17:30:47,0,0,1
2017-06-04,17:30:48,0,0,1
2017-06-04,17:30:49,0,0,1
2017-06-04,17:30:50,0,0,1
2017-06-04,17:30:51,0,0,1
2017-06-04,17:30:52,0,0,1
2017-06-04,17:30:53,0,0,1
2017-06-04,17:30:54,0,0,1
2017-06-04,17:30:55,0,0,1
2017-06-04,17:30:56,0,0,1
2017-06-04,17:30:57,0,0,1
2017-06-04,17:30:58,0,0,1
2017-06-04,17:30:59,0,0,1
2017-06-04,17:31:00,0,0,1
2017-06-04,17:31:01,0,0,1
2017-06-04,17:31:02,0,0,1
2017-06-04,17:31:03,0,0,1
2017-06-04,17:31:04,0,0,1
2017-06-04,17:31:05,0,0,1
2017-06-04,17:31:06,0,0,1
2017-06-04,17:31:07,0,0,1
2017-06-04,17:31:08,0,0,1
2017-06-04,17:31:09,0,0,1
2017-06-04,17:31:10,0,0,1
2017-06-04,17:31:11,0,0,1
2017-06-04,17:31:12,0,0,1
2017-06-04,17:31:13,0,0,1
2017-06-04,17:31:14,0,0,1
2017-06-04,17:31:15,0,0,1
2017-06-04,17:31:16,0,0,1
2017-06-04,17:31:17,0,0,1
2017-06-04,17:31:18,0,0,1
2017-06-04,17:31:19,0,0,1
2017-06-04,17:31:20,0,0,1
2017-06-04,17:31:21,0,0,1
2017-06-04,17:31:22,0,0,1
2017-06-04,17:31:23,0,0,1
2017-06-04,17:31:24,0,0,1
2017-06-04,17:31:25,0,0,1
2017-06-04,17:31:26,0,0,1
2017-06-04,17:31:27,0,0,1
2017-06-04,17:31:28,0,0,1
2017-06-04,17:31:29,0,0,2
2017-06-04,17:31:30,0,0,2
2017-06-04,17:31:31,0,0,2
2017-06-04,17:31:32,0,0,2
2017-06-04,17:31:33,0,0,2
2017-06-04,17:31:34,0,0,2
2017-06-04,17:31:35,0,0,2
2017-06-04,17:31:36,0,0,2
2017-06-04,17:31:37,0,0,2
2017-06-04,17:31:38,0,0,2
2017-06-04,17:31:39,0,0,2
2017-06-04,17:31:40,0,0,2
2017-06-04,17:31:41,0,0,2
2017-06-04,17:31:42,0,0,2
2017-06-04,17:31:43,0,0,2
2017-06-04,17:31:44,0,0,2
2017-06-04,17:31:45,0,0,2
2017-06-04,17:31:46,0,0,2
2017-06-04,17:31:47,0,0,2
2017-06-04,17:31:48,0,0,2
2017-06-04,17:31:49,0,0,2
2017-06-04,17:31:50,0,0,2
2017-06-04,17:31:51,0,0,2
2017-06-04,17:31:52,0,0,2
2017-06-04,17:31:53,0,0,2
2017-06-04,17:31:54,0,0,2
2017-06-04,17:31:55,0,0,2
2017-06-04,17:31:56,0,0,2
2017-06-04,17:31:57,0,0,2
2017-06-04,17:31:58,0,0,2
2017-06-04,17:31:59,0,0,2
2017-06-04,17:32:00,0,0,2
2017-06-04,17:32:01,0,0,2
2017-06-04,17:32:02,0,0,2
2017-06-04,17:32:03,0,0,2
2017-06-04,17:32:04,0,0,2
2017-06-04,17:32:05,0,0,2
2017-06-04,17:32:06,0,0,2
2017-06-04,17:32:07,0,0,2
2017-06-04,17:32:08,0,0,2
2017-06-04,17:32:09,0,0,2
2017-06-04,17:32:10,0,0,2
2017-06-04,17:32:11,0,0,2
2017-06-04,17:32:12,0,0,2
2017-06-04,17:32:13,0,0,2
2017-06-04,17:32:14,0,0,2
2017-06-04,17:32:15,0,0,2
2017-06-04,17:32:16,0,0,2
2017-06-04,17:32:17,0,0,2
2017-06-04,17:32:18,0,0,2
2017-06-04,17:32:19,0,0,2
2017-06-04,17:32:20,0,0,2
2017-06-04,17:32:21,0,0,2
2017-06-04,17:32:22,0,0,2
2017-06-04,17:32:23,0,0,2
2017-06-04,17:32:24,0,0,2
2017-06-04,17:32:25,0,0,2
2017-06-04,17:32:26,0,0,2
2017-06-04,17:32:27,0,0,2
2017-06-04,17:32:28,0,0,2
2017-06-04,17:32:29,0,0,3
2017-06-04,17:32:30,0,0,3
2017-06-04,17:32:31,0,0,3
2017-06-04,17:32:32,0,0,3
2017-06-04,17:32:33,0,0,3
2017-06-04,17:32:34,0,0,3
2017-06-04,17:32:35,0,0,3
2017-06-04,17:32:36,0,0,3
2017-06-04,17:32:37,0,0,3
2017-06-04,17:32:38,0,0,3
2017-06-04,17:32:39,0,0,3
2017-06-04,17:32:40,0,0,3
2017-06-04,17:32:41,0,0,3
2017-06-04,17:32:42,0,0,3
2017-06-04,17:32:43,0,0,3
2017-06-04,17:32:44,0,0,3
2017-06-04,17:32:45,0,0,3
2017-06-04,17:32:46,0,0,3
2017-06-04,17:32:47,0,0,3
2017-06-04,17:32:48,0,0,3
2017-06-04,17:32:49,0,0,3
2017-06-04,17:32:50,0,0,3
2017-06-04,17:32:51,0,0,3
2017-06-04,17:32:52,0,0,3
2017-06-04,17:32:53,0,0,3
2017-06-04,17:32:54,0,0,3
2017-06-04,17:32:55,0,0,3
2017-06-04,17:32:56,0,0,3
2017-06-04,17:32:57,0,0,3
2017-06-04,17:32:58,0,0,3
2017-06-04,17:32:59,0,0,3
2017-06-04,17:33:00,0,0,3
2017-06-04,17:33:01,0,0,3
2017-06-04,17:33:02,0,0,3
2017-06-04,17:33:03,0,0,3
2017-06-04,17:33:04,0,0,3
2017-06-04,17:33:05,0,0,3
2017-06-04,17:33:06,0,0,3
2017-06-04,17:33:07,0,0,3
2017-06-04,17:33:08,0,0,3
2017-06-04,17:33:09,0,0,3
2017-06-04,17:33:10,0,0,3
2017-06-04,17:33:11,0,0,3
2017-06-04,17:33:12,0,0,3
2017-06-04,17:33:13,0,0,3
2017-06-04,17:33:14,0,0,3
2017-06-04,17:33:15,0,0,3
2017-06-04,17:33:16,0,0,3
2017-06-04,17:33:17,0,0,3
2017-06-04,17:33:18,0,0,3
2017-06-04,17:33:19,0,0,3
2017-06-04,17:33:20,0,0,3
2017-06-04,17:33:21,0,0,3
2017-06-04,17:33:22,0,0,3
2017-06-04,17:33:23,0,0,3
2017-06-04,17:33:24,0,0,3
2017-06-04,17:33:25,0,0,3
2017-06-04,17:33:26,0,0,3
2017-06-04,17:33:27,0,0,3
2017-06-04,17:33:28,0,0,3
2017-06-04,17:33:29,0,0,3
2017-06-04,17:33:30,0,0,4
2017-06-04,17:33:31,0,0,4
2017-06-04,17:33:32,0,0,4
2017-06-04,17:33:33,0,0,4
2017-06-04,17:33:34,0,0,4
2017-06-04,17:33:35,0,0,4
2017-06-04,17:33:36,0,0,4
2017-06-04,17:33:37,0,0,4
2017-06-04,17:33:38,0,0,4
2017-06-04,17:33:39,0,0,4
2017-06-04,17:33:40,0,0,4
2017-06-04,17:33:41,0,0,4
2017-06-04,17:33:42,0,0,4
2017-06-04,17:33:43,0,0,4
2017-06-04,17:33:44,0,0,4
2017-06-04,17:33:45,0,0,4
2017-06-04,17:33:46,0,0,4
2017-06-04,17:33:47,0,0,4
2017-06-04,17:33:48,0,0,4
2017-06-04,17:33:49,0,0,4
2017-06-04,17:33:50,0,0,4
2017-06-04,17:33:51,0,0,4
2017-06-04,17:33:52,0,0,4
2017-06-04,17:33:53,0,0,4
2017-06-04,17:33:54,0,0,4
2017-06-04,17:33:55,0,0,4
2017-06-04,17:33:56,0,0,4
2017-06-04,17:33:57,0,0,4
2017-06-04,17:33:58,0,0,4
2017-06-04,17:33:59,0,0,4
2017-06-04,17:34:00,0,0,4
2017-06-04,17:34:01,0,0,4
2017-06-04,17:34:02,0,0,4
2017-06-04,17:34:03,0,0,4
2017-06-04,17:34:04,0,0,4
2017-06-04,17:34:05,0,0,4
2017-06-04,17:34:06,0,0,4
2017-06-04,17:34:07,0,0,4
2017-06-04,17:34:08,0,0,4
2017-06-04,17:34:09,0,0,4
2017-06-04,17:34:10,0,0,4
2017-06-04,17:34:11,0,0,4
2017-06-04,17:34:12,0,0,4
2017-06-04,17:34:13,0,0,4
2017-06-04,17:34:14,0,0,4
2017-06-04,17:34:15,0,0,4
2017-06-04,17:34:16,0,0,4
2017-06-04,17:34:17,0,0,4
2017-06-04,17:34:18,0,0,4
2017-06-04,17:34:19,0,0,4
2017-06-04,17:34:20,0,0,4
2017-06-04,17:34:21,0,0,4
2017-06-04,17:34:22,0,0,4
2017-06-04,17:34:23,0,0,4
2017-06-04,17:34:24,0,0,4
2017-06-04,17:34:25,0,0,4
2017-06-04,17:34:26,0,0,4
2017-06-04,17:34:27,0,0,4
2017-06-04,17:34:28,0,0,4
2017-06-04,17:34:29,0,1,5
2017-06-04,17:34:30,0,0,5
2017-06-04,17:34:31,0,0,5
2017-06-04,17:34:32,0,0,5
2017-06-04,17:34:33,0,0,5
2017-06-04,17:34:34,0,0,5
2017-06-04,17:34:35,0,0,5
2017-06-04,17:34:36,0,0,5
2017-06-04,17:34:37,0,0,5
2017-06-04,17:34:38,0,0,5
2017-06-04,17:34:39,0,0,5
2017-06-04,17:34:40,0,0,5
2017-06-04,17:34:41,0,0,5
2017-06-04,17:34:42,0,0,5
2017-06-04,17:34:43,0,0,5
2017-06-04,17:34:44,0,0,5
2017-06-04,17:34:45,0,0,5
2017-06-04,17:34:46,0,0,5
2017-06-04,17:34:47,0,0,5
2017-06-04,17:34:48,0,0,5
2017-06-04,17:34:49,0,0,5
2017-06-04,17:34:50,0,0,5
2017-06-04,17:34:51,0,0,5
2017-06-04,17:34:52,0,0,5
2017-06-04,17:34:53,0,0,5
2017-06-04,17:34:54,0,0,5
2017-06-04,17:34:55,0,0,5
2017-06-04,17:34:56,0,0,5
2017-06-04,17:34:57,0,0,5
2017-06-04,17:34:58,0,0,5
2017-06-04,17:34:59,0,0,5
2017-06-04,17:35:00,0,0,5
2017-06-04,17:35:01,0,0,5
2017-06-04,17:35:02,0,0,5
2017-06-04,17:35:03,0,0,5
2017-06-04,17:35:04,0,0,5
2017-06-04,17:35:05,0,0,5
2017-06-04,17:35:06,0,0,5
2017-06-04,17:35:07,0,0,5
2017-06-04,17:35:08,0,0,5
2017-06-04,17:35:09,0,0,5
2017-06-04,17:35:10,0,0,5
2017-06-04,17:35:11,0,0,5
2017-06-04,17:35:12,0,0,5
2017-06-04,17:35:13,0,0,5
2017-06-04,17:35:14,0,0,5
2017-06-04,17:35:15,0,0,5
2017-06-04,17:35:16,0,0,5
2017-06-04,17:35:17,0,0,5
2017-06-04,17:35:18,0,0,5
2017-06-04,17:35:19,0,0,5
2017-06-04,17:35:20,0,0,5
2017-06-04,17:35:21,0,0,5
2017-06-04,17:35:22,0,0,5
2017-06-04,17:35:23,0,0,5
2017-06-04,17:35:24,0,0,5
2017-06-04,17:35:25,0,0,5
2017-06-04,17:35:26,0,0,5
2017-06-04,17:35:27,0,0,5
2017-06-04,17:35:28,0,0,5
2017-06-04,17:35:29,0,0,6
2017-06-04,17:35:30,0,0,6
2017-06-04,17:35:31,0,0,6
2017-06-04,17:35:32,0,0,6
2017-06-04,17:35:33,0,0,6
2017-06-04,17:35:34,0,0,6
2017-06-04,17:35:35,0,0,6
2017-06-04,17:35:36,0,0,6
2017-06-04,17:35:37,0,0,6
2017-06-04,17:35:38,0,0,6
2017-06-04,17:35:39,0,0,6
2017-06-04,17:35:40,0,0,6
2017-06-04,17:35:41,0,0,6
2017-06-04,17:35:42,0,0,6
2017-06-04,17:35:43,0,0,6
2017-06-04,17:35:44,0,0,6
2017-06-04,17:35:45,0,0,6
2017-06-04,17:35:46,0,0,6
2017-06-04,17:35:47,0,0,6
2017-06-04,17:35:48,0,0,6
2017-06-04,17:35:49,0,0,6
2017-06-04,17:35:50,0,0,6
2017-06-04,17:35:51,0,0,6
2017-06-04,17:35:52,0,0,6
2017-06-04,17:35:53,0,0,6
2017-06-04,17:35:54,0,0,6
2017-06-04,17:35:55,0,0,6
2017-06-04,17:35:56,0,0,6
2017-06-04,17:35:57,0,0,6
2017-06-04,17:35:58,0,0,6
2017-06-04,17:35:59,0,0,6
2017-06-04,17:36:00,0,0,6
2017-06-04,17:36:01,0,0,6
2017-06-04,17:36:02,0,0,6
2017-06-04,17:36:03,0,0,6
2017-06-04,17:36:04,0,0,6
2017-06-04,17:36:05,0,0,6
2017-06-04,17:36:06,0,0,6
2017-06-04,17:36:07,0,0,6
2017-06-04,17:36:08,0,0,6
2017-06-04,17:36:09,0,0,6
2017-06-04,17:36:10,0,0,6
2017-06-04,17:36:11,0,0,6
2017-06-04,17:36:12,0,0,6
2017-06-04,17:36:13,0,0,6
2017-06-04,17:36:14,0,0,6
2017-06-04,17:36:15,0,0,6
2017-06-04,17:36:16,0,0,6
2017-06-04,17:36:17,0,0,6
2017-06-04,17:36:18,0,0,6
2017-06-04,17:36:19,0,0,6
2017-06-04,17:36:20,0,0,6
2017-06-04,17:36:21,0,0,6
2017-06-04,17:36:22,0,0,6
2017-06-04,17:36:23,0,0,6
2017-06-04,17:36:24,0,0,6
2017-06-04,17:36:25,0,0,6
2017-06-04,17:36:26,0,0,6
2017-06-04,17:36:27,0,0,6
2017-06-04,17:36:28,0,0,6
2017-06-04,17:36:29,0,0,7
2017-06-04,17:36:30,0,0,7
2017-06-04,17:36:31,0,0,7
2017-06-04,17:36:32,0,0,7
2017-06-04,17:36:33,0,0,7
2017-06-04,17:36:34,0,0,7
2017-06-04,17:36:35,0,0,7
2017-06-04,17:36:36,0,0,7
2017-06-04,17:36:37,0,0,7
2017-06-04,17:36:38,0,0,7
2017-06-04,17:36:39,0,0,7
2017-06-04,17:36:40,0,0,7
2017-06-04,17:36:41,0,0,7
2017-06-04,17:36:42,0,0,7
2017-06-04,17:36:43,0,0,7
2017-06-04,17:36:44,0,0,7
2017-06-04,17:36:45,0,0,7
2017-06-04,17:36:46,0,0,7
2017-06-04,17:36:47,0,0,7
2017-06-04,17:36:48,0,0,7
2017-06-04,17:36:49,0,0,7
2017-06-04,17:36:50,0,0,7
2017-06-04,17:36:51,0,0,7
2017-06-04,17:36:52,0,0,7
2017-06-04,17:36:53,0,0,7
2017-06-04,17:36:54,0,0,7
2017-06-04,17:36:55,0,0,7
2017-06-04,17:36:56,0,0,7
2017-06-04,17:36:57,0,0,7
2017-06-04,17:36:58,0,0,7
2017-06-04,17:36:59,0,0,7
2017-06-04,17:37:00,0,0,7
2017-06-04,17:37:01,0,0,7
2017-06-04,17:37:02,0,0,7
2017-06-04,17:37:03,0,0,7
2017-06-04,17:37:04,0,0,7
2017-06-04,17:37:05,0,0,7
2017-06-04,17:37:06,0,0,7
2017-06-04,17:37:07,0,0,7
2017-06-04,17:37:08,0,0,7
2017-06-04,17:37:09,0,0,7
2017-06-04,17:37:10,0,0,7
2017-06-04,17:37:11,0,0,7
2017-06-04,17:37:12,0,0,7
2017-06-04,17:37:13,0,0,7
2017-06-04,17:37:14,0,0,7
2017-06-04,17:37:15,0,0,7
2017-06-04,17:37:16,0,0,7
2017-06-04,17:37:17,0,0,7
2017-06-04,17:37:18,0,0,7
2017-06-04,17:37:19,0,0,7
2017-06-04,17:37:20,0,0,7
2017-06-04,17:37:21,0,0,7
2017-06-04,17:37:22,0,0,7
2017-06-04,17:37:23,0,0,7
2017-06-04,17:37:24,0,0,7
2017-06-04,17:37:25,0,0,7
2017-06-04,17:37:26,0,0,7
2017-06-04,17:37:27,0,0,7
2017-06-04,17:37:28,0,0,7
2017-06-04,17:37:29,0,0,7
2017-06-04,17:37:30,0,0,1
2017-06-04,17:37:31,0,0,1
2017-06-04,17:37:32,0,0,1
2017-06-04,17:37:33,0,0,1
2017-06-04,17:37:34,0,0,1
2017-06-04,17:37:35,0,0,1
2017-06-04,17:37:36,0,0,1
2017-06-04,17:37:37,0,0,1
2017-06-04,17:37:38,0,0,1
2017-06-04,17:37:39,0,0,1
2017-06-04,17:37:40,0,0,1
2017-06-04,17:37:41,0,0,1
2017-06-04,17:37:42,0,0,1
2017-06-04,17:37:43,0,0,1
2017-06-04,17:37:44,0,0,1
2017-06-04,17:37:45,0,0,1
2017-06-04,17:37:46,0,0,1
2017-06-04,17:37:47,0,0,1
2017-06-04,17:37:48,0,0,1
2017-06-04,17:37:49,0,0,1
2017-06-04,17:37:50,0,0,1
2017-06-04,17:37:51,0,0,1
2017-06-04,17:37:52,0,0,1
2017-06-04,17:37:53,0,0,1
2017-06-04,17:37:54,0,0,1
2017-06-04,17:37:55,0,0,1
2017-06-04,17:37:56,0,0,1
2017-06-04,17:37:57,0,0,1
2017-06-04,17:37:58,0,0,1
2017-06-04,17:37:59,0,0,1
2017-06-04,17:38:00,0,0,1
2017-06-04,17:38:01,0,0,1
2017-06-04,17:38:02,0,0,1
2017-06-04,17:38:03,0,0,1
2017-06-04,17:38:04,0,0,1
2017-06-04,17:38:05,0,0,1
2017-06-04,17:38:06,0,0,1
2017-06-04,17:38:07,0,0,1
2017-06-04,17:38:08,0,0,1
2017-06-04,17:38:09,0,0,1
2017-06-04,17:38:10,0,0,1
2017-06-04,17:38:11,0,0,1
2017-06-04,17:38:12,0,0,1
2017-06-04,17:38:13,0,0,1
2017-06-04,17:38:14,0,0,1
2017-06-04,17:38:15,0,0,1
2017-06-04,17:38:16,0,0,1
2017-06-04,17:38:17,0,0,1
2017-06-04,17:38:18,0,0,1
2017-06-04,17:38:19,0,0,1
2017-06-04,17:38:20,0,0,1
2017-06-04,17:38:21,0,0,1
2017-06-04,17:38:22,0,0,1
2017-06-04,17:38:23,0,0,1
2017-06-04,17:38:24,0,0,1
2017-06-04,17:38:25,0,0,1
2017-06-04,17:38:26,0,0,1
2017-06-04,17:38:27,0,0,1
2017-06-04,17:38:28,0,0,1
2017-06-04,17:38:29,0,1,2
2017-06-04,17:38:30,0,0,2
2017-06-04,17:38:31,0,0,2
2017-06-04,17:38:32,0,0,2
2017-06-04,17:38:33,0,0,2
2017-06-04,17:38:34,0,0,2
2017-06-04,17:38:35,0,0,2
2017-06-04,17:38:36,0,0,2
2017-06-04,17:38:37,0,0,2
2017-06-04,17:38:38,0,0,2
2017-06-04,17:38:39,0,0,2
2017-06-04,17:38:40,0,0,2
2017-06-04,17:38:41,0,0,2
2017-06-04,17:38:42,0,0,2
2017-06-04,17:38:43,0,0,2
2017-06-04,17:38:44,0,0,2
2017-06-04,17:38:45,0,0,2
2017-06-04,17:38:46,0,0,2
2017-06-04,17:38:47,0,0,2
2017-06-04,17:38:48,0,0,2
2017-06-04,17:38:49,0,0,2
2017-06-04,17:38:50,0,0,2
2017-06-04,17:38:51,0,0,2
2017-06-04,17:38:52,0,0,2
2017-06-04,17:38:53,0,0,2
2017-06-04,17:38:54,0,0,2
2017-06-04,17:38:55,0,0,2
2017-06-04,17:38:56,0,0,2
2017-06-04,17:38:57,0,0,2
2017-06-04,17:38:58,0,0,2
2017-06-04,17:38:59,0,0,2
2017-06-04,17:39:00,0,0,2
2017-06-04,17:39:01,0,0,2
2017-06-04,17:39:02,0,0,2
2017-06-04,17:39:03,0,0,2
2017-06-04,17:39:04,0,0,2
2017-06-04,17:39:05,0,0,2
2017-06-04,17:39:06,0,0,2
2017-06-04,17:39:07,0,0,2
2017-06-04,17:39:08,0,0,2
2017-06-04,17:39:09,0,0,2
2017-06-04,17:39:10,0,0,2
2017-06-04,17:39:11,0,0,2
2017-06-04,17:39:12,0,0,2
2017-06-04,17:39:13,0,0,2
2017-06-04,17:39:14,0,0,2
2017-06-04,17:39:15,0,0,2
2017-06-04,17:39:16,0,0,2
2017-06-04,17:39:17,0,0,2
2017-06-04,17:39:18,0,0,2
2017-06-04,17:39:19,0,0,2
2017-06-04,17:39:20,0,0,2
2017-06-04,17:39:21,0,0,2
2017-06-04,17:39:22,0,0,2
2017-06-04,17:39:23,0,0,2
2017-06-04,17:39:24,0,0,2
2017-06-04,17:39:25,0,0,2
2017-06-04,17:39:26,0,0,2
2017-06-04,17:39:27,0,0,2
2017-06-04,17:39:28,0,0,2
2017-06-04,17:39:29,0,0,3
2017-06-04,17:39:30,0,0,3
2017-06-04,17:39:31,0,0,3
2017-06-04,17:39:32,0,0,3
2017-06-04,17:39:33,0,0,3
2017-06-04,17:39:34,0,0,3
2017-06-04,17:39:35,0,0,3
2017-06-04,17:39:36,0,0,3
2017-06-04,17:39:37,0,0,3
2017-06-04,17:39:38,0,0,3
2017-06-04,17:39:39,0,0,3
2017-06-04,17:39:40,0,0,3
2017-06-04,17:39:41,0,0,3
2017-06-04,17:39:42,0,0,3
2017-06-04,17:39:43,0,0,3
2017-06-04,17:39:44,0,0,3
2017-06-04,17:39:45,0,0,3
2017-06-04,17:39:46,0,0,3
2017-06-04,17:39:47,0,0,3
2017-06-04,17:39:48,0,0,3
2017-06-04,17:39:49,0,0,3
2017-06-04,17:39:50,0,0,3
2017-06-04,17:39:51,0,0,3
2017-06-04,17:39:52,0,0,3
2017-06-04,17:39:53,0,0,3
2017-06-04,17:39:54,0,0,3
2017-06-04,17:39:55,0,0,3
2017-06-04,17:39:56,0,0,3
2017-06-04,17:39:57,0,0,3
2017-06-04,17:39:58,0,0,3
2017-06-04,17:39:59,0,0,3
2017-06-04,17:40:00,0,0,3
2017-06-04,17:40:01,0,0,3
2017-06-04,17:40:02,0,0,3
2017-06-04,17:40:03,0,0,3
2017-06-04,17:40:04,0,0,3
2017-06-04,17:40:05,0,0,3
2017-06-04,17:40:06,0,0,3
2017-06-04,17:40:07,0,0,3
2017-06-04,17:40:08,0,0,3
2017-06-04,17:40:09,0,0,3
2017-06-04,17:40:10,0,0,3
2017-06-04,17:40:11,0,0,3
2017-06-04,17:40:12,0,0,3
2017-06-04,17:40:13,0,0,3
2017-06-04,17:40:14,0,0,3
2017-06-04,17:40:15,0,0,3
2017-06-04,17:40:16,0,0,3
2017-06-04,17:40:17,0,0,3
2017-06-04,17:40:18,0,0,3
2017-06-04,17:40:19,0,0,3
2017-06-04,17:40:20,0,0,3
2017-06-04,17:40:21,0,0,3
2017-06-04,17:40:22,0,0,3
2017-06-04,17:40:23,0,0,3
2017-06-04,17:40:24,0,0,3
2017-06-04,17:40:25,0,0,3
2017-06-04,17:40:26,0,0,3
2017-06-04,17:40:27,0,0,3
2017-06-04,17:40:28,0,0,3
2017-06-04,17:40:29,0,0,4
2017-06-04,17:40:30,0,0,4
2017-06-04,17:40:31,0,0,4
2017-06-04,17:40:32,0,0,4
2017-06-04,17:40:33,0,0,4
2017-06-04,17:40:34,0,0,4
2017-06-04,17:40:35,0,0,4
2017-06-04,17:40:36,0,0,4
2017-06-04,17:40:37,0,0,4
2017-06-04,17:40:38,0,0,4
2017-06-04,17:40:39,0,0,4
2017-06-04,17:40:40,0,0,4
2017-06-04,17:40:41,0,0,4
2017-06-04,17:40:42,0,0,4
2017-06-04,17:40:43,0,0,4
2017-06-04,17:40:44,0,0,4
2017-06-04,17:40:45,0,0,4
2017-06-04,17:40:46,0,0,4
2017-06-04,17:40:47,0,0,4
2017-06-04,17:40:48,0,0,4
2017-06-04,17:40:49,0,0,4
2017-06-04,17:40:50,0,0,4
2017-06-04,17:40:51,0,0,4
2017-06-04,17:40:52,0,0,4
2017-06-04,17:40:53,0,0,4
2017-06-04,17:40:54,0,0,4
2017-06-04,17:40:55,0,0,4
2017-06-04,17:40:56,0,0,4
2017-06-04,17:40:57,0,0,4
2017-06-04,17:40:58,0,0,4
2017-06-04,17:40:59,0,0,4
2017-06-04,17:41:00,0,0,4
2017-06-04,17:41:01,0,0,4
2017-06-04,17:41:02,0,0,4
2017-06-04,17:41:03,0,0,4
2017-06-04,17:41:04,0,0,4
2017-06-04,17:41:05,0,0,4
2017-06-04,17:41:06,0,0,4
2017-06-04,17:41:07,0,0,4
2017-06-04,17:41:08,0,0,4
2017-06-04,17:41:09,0,0,4
2017-06-04,17:41:10,0,0,4
2017-06-04,17:41:11,0,0,4
2017-06-04,17:41:12,0,0,4
2017-06-04,17:41:13,0,0,4
2017-06-04,17:41:14,0,0,4
2017-06-04,17:41:15,0,0,4
2017-06-04,17:41:16,0,0,4
2017-06-04,17:41:17,0,0,4
2017-06-04,17:41:18,0,0,4
2017-06-04,17:41:19,0,0,4
2017-06-04,17:41:20,0,0,4
2017-06-04,17:41:21,0,0,4
2017-06-04,17:41:22,0,0,4
2017-06-04,17:41:23,0,0,4
2017-06-04,17:41:24,0,0,4
2017-06-04,17:41:25,0,0,4
2017-06-04,17:41:26,0,0,4
2017-06-04,17:41:27,0,0,4
2017-06-04,17:41:28,0,0,4
2017-06-04,17:41:29,0,0,5
2017-06-04,17:41:30,0,0,5
2017-06-04,17:41:31,0,0,5
2017-06-04,17:41:32,0,0,5
2017-06-04,17:41:33,0,0,5
2017-06-04,17:41:34,0,0,5
2017-06-04,17:41:35,0,0,5
2017-06-04,17:41:36,0,0,5
2017-06-04,17:41:37,0,0,5
2017-06-04,17:41:38,0,0,5
2017-06-04,17:41:39,0,0,5
2017-06-04,17:41:40,0,0,5
2017-06-04,17:41:41,0,0,5
2017-06-04,17:41:42,0,0,5
2017-06-04,17:41:43,0,0,5
2017-06-04,17:41:44,0,0,5
2017-06-04,17:41:45,0,0,5
2017-06-04,17:41:46,0,0,5
2017-06-04,17:41:47,0,0,5
2017-06-04,17:41:48,0,0,5
2017-06-04,17:41:49,0,0,5
2017-06-04,17:41:50,0,0,5
2017-06-04,17:41:51,0,0,5
2017-06-04,17:41:52,0,0,5
2017-06-04,17:41:53,0,0,5
2017-06-04,17:41:54,0,0,5
2017-06-04,17:41:55,0,0,5
2017-06-04,17:41:56,0,0,5
2017-06-04,17:41:57,0,0,5
2017-06-04,17:41:58,0,0,5
2017-06-04,17:41:59,0,0,5
2017-06-04,17:42:00,0,0,5
2017-06-04,17:42:01,0,0,5
2017-06-04,17:42:02,0,0,5
2017-06-04,17:42:03,0,0,5
2017-06-04,17:42:04,0,0,5
2017-06-04,17:42:05,0,0,5
2017-06-04,17:42:06,1078,0,5
2017-06-04,17:42:07,0,0,5
2017-06-04,17:42:08,0,0,5
2017-06-04,17:42:09,0,0,5
2017-06-04,17:42:10,0,0,5
2017-06-04,17:42:11,0,0,5
2017-06-04,17:42:12,0,0,5
2017-06-04,17:42:13,1233,0,5
2017-06-04,17:42:14,1145,0,5
2017-06-04,17:42:15,1931,1,1
2017-06-04,17:42:16,1730,0,1
2017-06-04,17:42:17,1304,0,1
2017-06-04,17:42:18,1153,0,1
2017-06-04,17:42:19,0,0,1
2017-06-04,17:42:20,0,0,1
2017-06-04,17:42:21,0,0,1
2017-06-04,17:42:22,0,0,1
2017-06-04,17:42:23,0,0,1
2017-06-04,17:42:24,0,0,1
2017-06-04,17:42:25,0,0,1
2017-06-04,17:42:26,0,0,1
2017-06-04,17:42:27,0,0,1
2017-06-04,17:42:28,0,0,1
2017-06-04,17:42:29,0,0,1
2017-06-04,17:42:30,0,0,1
2017-06-04,17:42:31,0,0,1
2017-06-04,17:42:32,0,0,1
2017-06-04,17:42:33,0,0,1
2017-06-04,17:42:34,0,0,1
2017-06-04,17:42:35,0,0,1
2017-06-04,17:42:36,0,0,1
2017-06-04,17:42:37,0,0,1
2017-06-04,17:42:38,0,0,1
2017-06-04,17:42:39,0,0,1
2017-06-04,17:42:40,0,0,1
2017-06-04,17:42:41,0,0,1
2017-06-04,17:42:42,0,0,1
2017-06-04,17:42:43,0,0,1
2017-06-04,17:42:44,0,0,1
2017-06-04,17:42:45,1179,0,1
2017-06-04,17:42:46,0,0,1
2017-06-04,17:42:47,0,0,1
2017-06-04,17:42:48,0,0,1
2017-06-04,17:42:49,0,0,1
2017-06-04,17:42:50,0,0,1
2017-06-04,17:42:51,0,0,1
2017-06-04,17:42:52,0,0,1
2017-06-04,17:42:53,0,0,1
2017-06-04,17:42:54,0,0,1
2017-06-04,17:42:55,0,0,1
2017-06-04,17:42:56,0,0,1
2017-06-04,17:42:57,0,0,1
2017-06-04,17:42:58,0,0,1
2017-06-04,17:42:59,0,0,1
2017-06-04,17:43:00,0,0,1
2017-06-04,17:43:01,0,0,1
2017-06-04,17:43:02,0,0,1
2017-06-04,17:43:03,0,0,1
2017-06-04,17:43:04,0,0,1
2017-06-04,17:43:05,0,0,1
2017-06-04,17:43:06,0,0,1
2017-06-04,17:43:07,0,0,1
2017-06-04,17:43:08,0,0,1
2017-06-04,17:43:09,0,0,1
2017-06-04,17:43:10,0,0,1
2017-06-04,17:43:11,0,0,1
2017-06-04,17:43:12,0,0,1
2017-06-04,17:43:13,0,0,1
2017-06-04,17:43:14,0,0,1
2017-06-04,17:43:15,0,0,1
2017-06-04,17:43:16,0,0,1
2017-06-04,17:43:17,0,0,1
2017-06-04,17:43:18,0,0,1
2017-06-04,17:43:19,0,0,1
2017-06-04,17:43:20,0,0,1
2017-06-04,17:43:21,0,0,1
2017-06-04,17:43:22,0,0,1
2017-06-04,17:43:23,0,0,1
2017-06-04,17:43:24,0,0,1
2017-06-04,17:43:25,0,0,1
2017-06-04,17:43:26,0,0,1
2017-06-04,17:43:27,0,0,1
2017-06-04,17:43:28,0,0,1
2017-06-04,17:43:29,0,0,1
2017-06-04,17:43:30,0,0,1
2017-06-04,17:43:31,0,0,1
2017-06-04,17:43:32,0,0,1
2017-06-04,17:43:33,0,0,1
2017-06-04,17:43:34,0,0,1
2017-06-04,17:43:35,0,0,1
2017-06-04,17:43:36,0,0,1
2017-06-04,17:43:37,0,0,1
2017-06-04,17:43:38,0,0,1
2017-06-04,17:43:39,0,0,1
2017-06-04,17:43:40,0,0,1
2017-06-04,17:43:41,0,0,1
2017-06-04,17:43:42,0,0,1
2017-06-04,17:43:43,0,0,1
2017-06-04,17:43:44,0,0,1
2017-06-04,17:43:45,0,0,1
2017-06-04,17:43:46,0,0,1
2017-06-04,17:43:47,0,0,1
2017-06-04,17:43:48,0,0,1
2017-06-04,17:43:49,0,0,1
2017-06-04,17:43:50,0,0,1
2017-06-04,17:43:51,0,0,1
2017-06-04,17:43:52,0,0,1
2017-06-04,17:43:53,0,0,1
2017-06-04,17:43:54,0,0,1
2017-06-04,17:43:55,0,0,1
2017-06-04,17:43:56,0,0,1
2017-06-04,17:43:57,0,0,1
2017-06-04,17:43:58,0,0,1
2017-06-04,17:43:59,0,0,1
2017-06-04,17:44:00,0,0,1
2017-06-04,17:44:01,0,0,1
2017-06-04,17:44:02,0,0,1
2017-06-04,17:44:03,0,0,1
2017-06-04,17:44:04,0,0,1
2017-06-04,17:44:05,0,0,1
2017-06-04,17:44:06,0,0,1
2017-06-04,17:44:07,0,0,1
2017-06-04,17:44:08,0,0,1
2017-06-04,17:44:09,0,0,1
2017-06-04,17:44:10,0,0,1
2017-06-04,17:44:11,0,0,1
2017-06-04,17:44:12,0,0,1
2017-06-04,17:44:13,0,0,1
2017-06-04,17:44:14,0,0,1
2017-06-04,17:44:15,0,0,1
2017-06-04,17:44:16,0,0,1
2017-06-04,17:44:17,0,0,1
2017-06-04,17:44:18,0,0,1
2017-06-04,17:44:19,0,0,1
2017-06-04,17:44:20,0,0,1
2017-06-04,17:44:21,0,0,1
2017-06-04,17:44:22,0,0,1
2017-06-04,17:44:23,0,0,1
2017-06-04,17:44:24,0,0,1
2017-06-04,17:44:25,0,0,1
2017-06-04,17:44:26,0,0,1
2017-06-04,17:44:27,0,0,1
2017-06-04,17:44:28,0,0,1
2017-06-04,17:44:29,0,0,1
2017-06-04,17:44:30,0,0,1
2017-06-04,17:44:31,0,0,1
2017-06-04,17:44:32,0,0,1
2017-06-04,17:44:33,0,0,1
2017-06-04,17:44:34,0,0,1
2017-06-04,17:44:35,0,0,1
2017-06-04,17:44:36,0,0,1
2017-06-04,17:44:37,0,0,1
2017-06-04,17:44:38,0,0,1
2017-06-04,17:44:39,0,0,1
2017-06-04,17:44:40,0,0,1
2017-06-04,17:44:41,0,0,1
2017-06-04,17:44:42,0,0,1
2017-06-04,17:44:43,0,0,1
2017-06-04,17:44:44,0,0,1
2017-06-04,17:44:45,0,0,1
2017-06-04,17:44:46,0,0,1
2017-06-04,17:44:47,0,0,1
2017-06-04,17:44:48,0,0,1
2017-06-04,17:44:49,0,0,1
2017-06-04,17:44:50,0,0,1
2017-06-04,17:44:51,0,0,1
2017-06-04,17:44:52,0,0,1
2017-06-04,17:44:53,0,0,1
2017-06-04,17:44:54,0,0,1
2017-06-04,17:44:55,0,0,1
2017-06-04,17:44:56,0,0,1
2017-06-04,17:44:57,0,0,1
2017-06-04,17:44:58,0,0,1
2017-06-04,17:44:59,0,0,1
2017-06-04,17:45:00,0,0,1
2017-06-04,17:45:01,0,0,1
2017-06-04,17:45:02,0,0,1
2017-06-04,17:45:03,0,0,1
2017-06-04,17:45:04,0,0,1
2017-06-04,17:45:05,0,0,1
2017-06-04,17:45:06,0,0,1
2017-06-04,17:45:07,0,0,1
2017-06-04,17:45:08,0,0,1
2017-06-04,17:45:09,0,0,1
2017-06-04,17:45:10,0,0,1
2017-06-04,17:45:11,0,0,1
2017-06-04,17:45:12,0,0,1
2017-06-04,17:45:13,0,0,1
2017-06-04,17:45:14,0,0,1
2017-06-04,17:45:15,0,0,1
2017-06-04,17:45:16,0,0,1
2017-06-04,17:45:17,0,0,1
2017-06-04,17:45:18,0,0,1
2017-06-04,17:45:19,0,0,1
2017-06-04,17:45:20,0,0,1
2017-06-04,17:45:21,0,0,1
2017-06-04,17:45:22,0,0,1
2017-06-04,17:45:23,0,0,1
2017-06-04,17:45:24,0,0,1
2017-06-04,17:45:25,0,0,1
2017-06-04,17:45:26,0,0,1
2017-06-04,17:45:27,0,0,1
2017-06-04,17:45:28,0,0,1
2017-06-04,17:45:29,0,0,1
2017-06-04,17:45:30,0,0,1
2017-06-04,17:45:31,0,0,1
2017-06-04,17:45:32,0,0,1
2017-06-04,17:45:33,0,0,1
2017-06-04,17:45:34,0,0,1
2017-06-04,17:45:35,0,0,1
2017-06-04,17:45:36,0,0,1
2017-06-04,17:45:37,0,0,1
2017-06-04,17:45:38,0,0,1
2017-06-04,17:45:39,0,0,1
2017-06-04,17:45:40,0,0,1
2017-06-04,17:45:41,0,0,1
2017-06-04,17:45:42,0,0,1
2017-06-04,17:45:43,0,0,1
2017-06-04,17:45:44,0,0,1
2017-06-04,17:45:45,0,0,1
2017-06-04,17:45:46,0,0,1
2017-06-04,17:45:47,0,0,1
2017-06-04,17:45:48,0,0,1
2017-06-04,17:45:49,0,0,1
2017-06-04,17:45:50,0,0,1
2017-06-04,17:45:51,0,0,1
2017-06-04,17:45:52,0,0,1
2017-06-04,17:45:53,0,0,1
2017-06-04,17:45:54,0,0,1
2017-06-04,17:45:55,0,0,1
2017-06-04,17:45:56,0,0,1
2017-06-04,17:45:57,0,0,1
2017-06-04,17:45:58,0,0,1
2017-06-04,17:45:59,0,0,1
2017-06-04,17:46:00,0,0,1
2017-06-04,17:46:01,0,0,1
2017-06-04,17:46:02,0,0,1
2017-06-04,17:46:03,0,0,1
2017-06-04,17:46:04,0,0,1
2017-06-04,17:46:05,0,0,1
2017-06-04,17:46:06,0,0,1
2017-06-04,17:46:07,0,0,1
2017-06-04,17:46:08,0,0,1
2017-06-04,17:46:09,0,0,1
2017-06-04,17:46:10,0,0,1
2017-06-04,17:46:11,0,0,1
2017-06-04,17:46:12,0,0,1
2017-06-04,17:46:13,0,0,1
2017-06-04,17:46:14,0,0,1
2017-06-04,17:46:15,0,0,1
2017-06-04,17:46:16,0,0,1
2017-06-04,17:46:17,0,0,1
2017-06-04,17:46:18,0,0,1
2017-06-04,17:46:19,0,0,1
2017-06-04,17:46:20,0,0,1
2017-06-04,17:46:21,0,0,1
2017-06-04,17:46:22,0,0,1
2017-06-04,17:46:23,0,0,1
2017-06-04,17:46:24,0,0,1
2017-06-04,17:46:25,0,0,1
2017-06-04,17:46:26,0,0,1
2017-06-04,17:46:27,0,0,1
2017-06-04,17:46:28,0,0,1
2017-06-04,17:46:29,0,0,1
2017-06-04,17:46:30,0,0,1
2017-06-04,17:46:31,0,0,1
2017-06-04,17:46:32,0,0,1
2017-06-04,17:46:33,0,0,1
2017-06-04,17:46:34,0,0,1
2017-06-04,17:46:35,0,0,1
2017-06-04,17:46:36,0,0,1
2017-06-04,17:46:37,0,0,1
2017-06-04,17:46:38,0,0,1
2017-06-04,17:46:39,0,0,1
2017-06-04,17:46:40,0,0,1
2017-06-04,17:46:41,0,0,1
2017-06-04,17:46:42,0,0,1
2017-06-04,17:46:43,0,0,1
2017-06-04,17:46:44,0,0,1
2017-06-04,17:46:45,0,0,1
2017-06-04,17:46:46,0,0,1
2017-06-04,17:46:47,0,0,1
2017-06-04,17:46:48,0,0,1
2017-06-04,17:46:49,0,0,1
2017-06-04,17:46:50,0,0,1
2017-06-04,17:46:51,0,0,1
2017-06-04,17:46:52,0,0,1
2017-06-04,17:46:53,0,0,1
2017-06-04,17:46:54,0,0,1
2017-06-04,17:46:55,0,0,1
2017-06-04,17:46:56,0,0,1
2017-06-04,17:46:57,0,0,1
2017-06-04,17:46:58,0,0,1
2017-06-04,17:46:59,0,0,1
2017-06-04,17:47:00,0,0,1
2017-06-04,17:47:01,0,0,1
2017-06-04,17:47:02,0,0,1
2017-06-04,17:47:03,0,0,1
2017-06-04,17:47:04,0,0,1
2017-06-04,17:47:05,0,0,1
2017-06-04,17:47:06,0,0,1
2017-06-04,17:47:07,0,0,1
2017-06-04,17:47:08,0,0,1
2017-06-04,17:47:09,0,0,1
2017-06-04,17:47:10,0,0,1
2017-06-04,17:47:11,0,0,1
2017-06-04,17:47:12,0,0,1
2017-06-04,17:47:13,0,0,1
2017-06-04,17:47:14,0,0,1
2017-06-04,17:47:15,0,0,1
2017-06-04,17:47:16,0,0,1
2017-06-04,17:47:17,0,0,1
2017-06-04,17:47:18,0,0,1
2017-06-04,17:47:19,0,0,1
2017-06-04,17:47:20,0,0,1
2017-06-04,17:47:21,0,0,1
2017-06-04,17:47:22,0,0,1
2017-06-04,17:47:23,0,0,1
2017-06-04,17:47:24,0,0,1
2017-06-04,17:47:25,0,0,1
2017-06-04,17:47:26,0,0,1
2017-06-04,17:47:27,0,0,1
2017-06-04,17:47:28,0,0,1
2017-06-04,17:47:29,0,0,1
2017-06-04,17:47:30,0,0,1
2017-06-04,17:47:31,0,0,1
2017-06-04,17:47:32,0,0,1
2017-06-04,17:47:33,0,0,1
2017-06-04,17:47:34,0,0,1
2017-06-04,17:47:35,0,0,1
2017-06-04,17:47:36,0,0,1
2017-06-04,17:47:37,0,0,1
2017-06-04,17:47:38,0,0,1
2017-06-04,17:47:39,0,0,1
2017-06-04,17:47:40,0,0,1
2017-06-04,17:47:41,0,0,1
2017-06-04,17:47:42,0,0,1
2017-06-04,17:47:43,1412,0,1
2017-06-04,17:47:44,1865,0,1
2017-06-04,17:47:45,2326,0,2
2017-06-04,17:47:46,2094,0,2
2017-06-04,17:47:47,1820,0,2
2017-06-04,17:47:48,1350,0,2
2017-06-04,17:47:49,0,0,2
2017-06-04,17:47:50,0,0,2
2017-06-04,17:47:51,0,0,2
2017-06-04,17:47:52,0,0,2
2017-06-04,17:47:53,0,0,2
2017-06-04,17:47:54,0,0,2
2017-06-04,17:47:55,0,0,2
2017-06-04,17:47:56,0,0,2
2017-06-04,17:47:57,0,0,2
2017-06-04,17:47:58,1447,0,2
2017-06-04,17:47:59,1311,0,2
2017-06-04,17:48:00,1580,0,2
2017-06-04,17:48:01,1819,0,2
2017-06-04,17:48:02,1896,0,2
2017-06-04,17:48:03,1445,0,2
2017-06-04,17:48:04,1798,0,2
2017-06-04,17:48:05,2132,0,2
2017-06-04,17:48:06,2252,0,2
2017-06-04,17:48:07,1796,1,1
2017-06-04,17:48:08,2037,0,1
2017-06-04,17:48:09,2055,0,1
2017-06-04,17:48:10,1719,0,1
2017-06-04,17:48:11,0,0,1
2017-06-04,17:48:12,0,0,1
2017-06-04,17:48:13,0,0,1
2017-06-04,17:48:14,0,0,1
2017-06-04,17:48:15,0,0,1
2017-06-04,17:48:16,0,0,1
2017-06-04,17:48:17,0,0,1
2017-06-04,17:48:18,0,0,1
2017-06-04,17:48:19,0,0,1
2017-06-04,17:48:20,0,0,1
2017-06-04,17:48:21,0,0,1
2017-06-04,17:48:22,0,0,1
2017-06-04,17:48:23,0,0,1
2017-06-04,17:48:24,0,0,1
2017-06-04,17:48:25,0,0,1
2017-06-04,17:48:26,0,0,1
2017-06-04,17:48:27,0,0,1
2017-06-04,17:48:28,0,0,1
2017-06-04,17:48:29,0,0,1
2017-06-04,17:48:30,0,0,1
2017-06-04,17:48:31,0,0,1
2017-06-04,17:48:32,0,0,1
2017-06-04,17:48:33,0,0,1
2017-06-04,17:48:34,0,0,1
2017-06-04,17:48:35,0,0,1
2017-06-04,17:48:36,0,0,1
2017-06-04,17:48:37,0,0,1
2017-06-04,17:48:38,0,0,1
2017-06-04,17:48:39,0,0,1
2017-06-04,17:48:40,0,0,1
2017-06-04,17:48:41,0,0,1
2017-06-04,17:48:42,0,0,1
2017-06-04,17:48:43,0,0,1
2017-06-04,17:48:44,0,0,1
2017-06-04,17:48:45,0,0,1
2017-06-04,17:48:46,0,0,1
2017-06-04,17:48:47,0,0,1
2017-06-04,17:48:48,0,0,1
2017-06-04,17:48:49,0,0,1
2017-06-04,17:48:50,0,0,1
2017-06-04,17:48:51,0,0,1
2017-06-04,17:48:52,0,0,1
2017-06-04,17:48:53,0,0,1
2017-06-04,17:48:54,0,0,1
2017-06-04,17:48:55,0,0,1
2017-06-04,17:48:56,0,0,1
2017-06-04,17:48:57,0,0,1
2017-06-04,17:48:58,0,0,1
2017-06-04,17:48:59,0,0,1
2017-06-04,17:49:00,0,0,1
2017-06-04,17:49:01,0,0,1
2017-06-04,17:49:02,0,0,1
2017-06-04,17:49:03,0,0,1
2017-06-04,17:49:04,0,0,1
2017-06-04,17:49:05,0,0,1
2017-06-04,17:49:06,0,0,1
2017-06-04,17:49:07,0,0,1
2017-06-04,17:49:08,0,0,1
2017-06-04,17:49:09,0,0,1
2017-06-04,17:49:10,0,0,1
2017-06-04,17:49:11,0,0,1
2017-06-04,17:49:12,0,0,1
2017-06-04,17:49:13,0,0,1
2017-06-04,17:49:14,0,0,1
2017-06-04,17:49:15,0,0,1
2017-06-04,17:49:16,0,0,1
2017-06-04,17:49:17,0,0,1
2017-06-04,17:49:18,0,0,1
2017-06-04,17:49:19,0,0,1
2017-06-04,17:49:20,0,0,1
2017-06-04,17:49:21,0,0,1
2017-06-04,17:49:22,0,0,1
2017-06-04,17:49:23,0,0,1
2017-06-04,17:49:24,0,0,1
2017-06-04,17:49:25,0,0,1
2017-06-04,17:49:26,0,0,1
2017-06-04,17:49:27,0,0,1
2017-06-04,17:49:28,0,0,1
2017-06-04,17:49:29,0,0,1
2017-06-04,17:49:30,0,0,1
2017-06-04,17:49:31,0,0,1
2017-06-04,17:49:32,0,0,1
2017-06-04,17:49:33,0,0,1
2017-06-04,17:49:34,0,0,1
2017-06-04,17:49:35,0,0,1
2017-06-04,17:49:36,0,0,1
2017-06-04,17:49:37,0,0,1
2017-06-04,17:49:38,0,0,1
2017-06-04,17:49:39,0,0,1
2017-06-04,17:49:40,0,0,1
2017-06-04,17:49:41,0,0,1
2017-06-04,17:49:42,0,0,1
2017-06-04,17:49:43,0,0,1
2017-06-04,17:49:44,0,0,1
2017-06-04,17:49:45,0,0,1
2017-06-04,17:49:46,0,0,1
2017-06-04,17:49:47,0,0,1
2017-06-04,17:49:48,0,0,1
2017-06-04,17:49:49,0,0,1
2017-06-04,17:49:50,0,0,1
2017-06-04,17:49:51,0,0,1
2017-06-04,17:49:52,0,0,1
2017-06-04,17:49:53,0,0,1
2017-06-04,17:49:54,0,0,1
2017-06-04,17:49:55,0,0,1
2017-06-04,17:49:56,0,0,1
2017-06-04,17:49:57,0,0,1
2017-06-04,17:49:58,0,0,1
2017-06-04,17:49:59,0,0,1
2017-06-04,17:50:00,0,0,1
2017-06-04,17:50:01,0,0,1
2017-06-04,17:50:02,0,0,1
2017-06-04,17:50:03,0,0,1
2017-06-04,17:50:04,0,0,1
2017-06-04,17:50:05,0,0,1
2017-06-04,17:50:06,0,0,1
2017-06-04,17:50:07,0,0,1
2017-06-04,17:50:08,0,0,1
2017-06-04,17:50:09,0,0,1
2017-06-04,17:50:10,0,0,1
2017-06-04,17:50:11,0,0,1
2017-06-04,17:50:12,0,0,1
2017-06-04,17:50:13,0,0,1
2017-06-04,17:50:14,0,0,1
2017-06-04,17:50:15,0,0,1
2017-06-04,17:50:16,0,0,1
2017-06-04,17:50:17,0,0,1
2017-06-04,17:50:18,0,0,1
2017-06-04,17:50:19,0,0,1
2017-06-04,17:50:20,0,0,1
2017-06-04,17:50:21,0,0,1
2017-06-04,17:50:22,0,0,1
2017-06-04,17:50:23,0,0,1
2017-06-04,17:50:24,0,0,1
2017-06-04,17:50:25,0,0,1
2017-06-04,17:50:26,0,0,1
2017-06-04,17:50:27,0,0,1
2017-06-04,17:50:28,0,0,1
2017-06-04,17:50:29,0,0,1
2017-06-04,17:50:30,0,0,1
2017-06-04,17:50:31,0,0,1
2017-06-04,17:50:32,0,0,1
2017-06-04,17:50:33,0,0,1
2017-06-04,17:50:34,0,0,1
2017-06-04,17:50:35,0,0,1
2017-06-04,17:50:36,0,0,1
2017-06-04,17:50:37,0,0,1
2017-06-04,17:50:38,0,0,1
2017-06-04,17:50:39,0,0,1
2017-06-04,17:50:40,0,0,1
2017-06-04,17:50:41,0,0,1
2017-06-04,17:50:42,0,0,1
2017-06-04,17:50:43,0,0,1
2017-06-04,17:50:44,0,0,1
2017-06-04,17:50:45,0,0,1
2017-06-04,17:50:46,0,0,1
2017-06-04,17:50:47,0,0,1
2017-06-04,17:50:48,0,0,1
2017-06-04,17:50:49,0,0,1
2017-06-04,17:50:50,0,0,1
2017-06-04,17:50:51,0,0,1
2017-06-04,17:50:52,0,0,1
2017-06-04,17:50:53,0,0,1
2017-06-04,17:50:54,0,0,1
2017-06-04,17:50:55,0,0,1
2017-06-04,17:50:56,0,0,1
2017-06-04,17:50:57,0,0,1
2017-06-04,17:50:58,0,0,1
2017-06-04,17:50:59,0,0,1
2017-06-04,17:51:00,0,0,1
2017-06-04,17:51:01,0,0,1
2017-06-04,17:51:02,0,0,1
2017-06-04,17:51:03,0,0,1
2017-06-04,17:51:04,0,0,1
2017-06-04,17:51:05,0,0,1
2017-06-04,17:51:06,0,0,1
2017-06-04,17:51:07,0,0,1
2017-06-04,17:51:08,0,0,1
2017-06-04,17:51:09,0,0,1
2017-06-04,17:51:10,0,0,1
2017-06-04,17:51:11,0,0,1
2017-06-04,17:51:12,0,0,1
2017-06-04,17:51:13,0,0,1
2017-06-04,17:51:14,0,0,1
2017-06-04,17:51:15,0,0,1
2017-06-04,17:51:16,0,0,1
2017-06-04,17:51:17,0,0,1
2017-06-04,17:51:18,0,0,1
2017-06-04,17:51:19,0,0,1
2017-06-04,17:51:20,0,0,1
2017-06-04,17:51:21,0,0,1
2017-06-04,17:51:22,0,0,1
2017-06-04,17:51:23,0,0,1
2017-06-04,17:51:24,0,0,1
2017-06-04,17:51:25,0,0,1
2017-06-04,17:51:26,0,0,1
2017-06-04,17:51:27,0,0,1
2017-06-04,17:51:28,0,0,1
2017-06-04,17:51:29,0,0,1
2017-06-04,17:51:30,0,0,1
2017-06-04,17:51:31,0,0,1
2017-06-04,17:51:32,0,0,1
2017-06-04,17:51:33,0,0,1
2017-06-04,17:51:34,0,0,1
2017-06-04,17:51:35,0,0,1
2017-06-04,17:51:36,0,0,1
2017-06-04,17:51:37,0,0,1
2017-06-04,17:51:38,0,0,1
2017-06-04,17:51:39,0,0,1
2017-06-04,17:51:40,0,0,1
2017-06-04,17:51:41,0,0,1
2017-06-04,17:51:42,0,0,1
2017-06-04,17:51:43,0,0,1
2017-06-04,17:51:44,0,0,1
2017-06-04,17:51:45,0,0,1
2017-06-04,17:51:46,0,0,1
2017-06-04,17:51:47,0,0,1
2017-06-04,17:51:48,0,0,1
2017-06-04,17:51:49,0,0,1
2017-06-04,17:51:50,0,0,1
2017-06-04,17:51:51,0,0,1
2017-06-04,17:51:52,0,0,1
2017-06-04,17:51:53,0,0,1
2017-06-04,17:51:54,0,0,1
2017-06-04,17:51:55,0,0,1
2017-06-04,17:51:56,0,0,1
2017-06-04,17:51:57,0,0,1
2017-06-04,17:51:58,0,0,1
2017-06-04,17:51:59,0,0,1
2017-06-04,17:52:00,0,0,1
2017-06-04,17:52:01,0,0,1
2017-06-04,17:52:02,0,0,1
2017-06-04,17:52:03,0,0,1
2017-06-04,17:52:04,0,0,1
2017-06-04,17:52:05,0,0,1
2017-06-04,17:52:06,0,0,1
2017-06-04,17:52:07,0,0,1
2017-06-04,17:52:08,0,0,1
2017-06-04,17:52:09,0,0,1
2017-06-04,17:52:10,0,0,1
2017-06-04,17:52:11,0,0,1
2017-06-04,17:52:12,0,0,1
2017-06-04,17:52:13,0,0,1
2017-06-04,17:52:14,0,0,1
2017-06-04,17:52:15,0,0,1
2017-06-04,17:52:16,0,0,1
2017-06-04,17:52:17,0,0,1
2017-06-04,17:52:18,0,0,1
2017-06-04,17:52:19,0,0,1
2017-06-04,17:52:20,0,0,1
2017-06-04,17:52:21,0,0,1
2017-06-04,17:52:22,0,0,1
2017-06-04,17:52:23,0,0,1
2017-06-04,17:52:24,0,0,1
2017-06-04,17:52:25,0,0,1
2017-06-04,17:52:26,0,0,1
2017-06-04,17:52:27,0,0,1
2017-06-04,17:52:28,0,0,1
2017-06-04,17:52:29,0,0,1
2017-06-04,17:52:30,0,0,1
2017-06-04,17:52:31,0,0,1
2017-06-04,17:52:32,0,0,1
2017-06-04,17:52:33,0,0,1
2017-06-04,17:52:34,0,0,1
2017-06-04,17:52:35,0,0,1
2017-06-04,17:52:36,0,0,1
2017-06-04,17:52:37,0,0,1
2017-06-04,17:52:38,0,0,1
2017-06-04,17:52:39,0,0,1
2017-06-04,17:52:40,0,0,1
2017-06-04,17:52:41,0,0,1
2017-06-04,17:52:42,0,0,1
2017-06-04,17:52:43,0,0,1
2017-06-04,17:52:44,0,0,1
2017-06-04,17:52:45,0,0,1
2017-06-04,17:52:46,0,0,1
2017-06-04,17:52:47,0,0,1
2017-06-04,17:52:48,0,0,1
2017-06-04,17:52:49,0,0,1
2017-06-04,17:52:50,0,0,1
2017-06-04,17:52:51,0,0,1
2017-06-04,17:52:52,0,0,1
2017-06-04,17:52:53,0,0,1
2017-06-04,17:52:54,0,0,1
2017-06-04,17:52:55,0,0,1
2017-06-04,17:52:56,0,0,1
2017-06-04,17:52:57,0,0,1
2017-06-04,17:52:58,0,0,1
2017-06-04,17:52:59,0,0,1
2017-06-04,17:53:00,0,0,1
2017-06-04,17:53:01,0,0,1
2017-06-04,17:53:02,0,0,1
2017-06-04,17:53:03,0,0,1
2017-06-04,17:53:04,0,0,1
2017-06-04,17:53:05,0,0,1
2017-06-04,17:53:06,0,0,1
2017-06-04,17:53:07,0,0,1
2017-06-04,17:53:08,0,0,1
2017-06-04,17:53:09,0,0,1
2017-06-04,17:53:10,0,0,1
2017-06-04,17:53:11,0,0,1
2017-06-04,17:53:12,0,0,1
2017-06-04,17:53:13,0,0,1
2017-06-04,17:53:14,0,0,1
2017-06-04,17:53:15,0,0,1
2017-06-04,17:53:16,0,0,1
2017-06-04,17:53:17,0,0,1
2017-06-04,17:53:18,0,0,1
2017-06-04,17:53:19,0,0,1
2017-06-04,17:53:20,0,0,1
2017-06-04,17:53:21,0,0,1
2017-06-04,17:53:22,0,0,1
2017-06-04,17:53:23,0,0,1
2017-06-04,17:53:24,0,0,1
2017-06-04,17:53:25,0,0,1
2017-06-04,17:53:26,0,0,1
2017-06-04,17:53:27,0,0,1
2017-06-04,17:53:28,0,0,1
2017-06-04,17:53:29,0,0,1
2017-06-04,17:53:30,0,0,1
2017-06-04,17:53:31,0,0,1
2017-06-04,17:53:32,0,0,1
2017-06-04,17:53:33,0,0,1
2017-06-04,17:53:34,0,0,1
2017-06-04,17:53:35,0,0,1
2017-06-04,17:53:36,0,0,1
2017-06-04,17:53:37,0,0,1
2017-06-04,17:53:38,0,0,1
2017-06-04,17:53:39,0,0,1
2017-06-04,17:53:40,0,0,1
2017-06-04,17:53:41,0,0,1
2017-06-04,17:53:42,0,0,1
2017-06-04,17:53:43,0,0,1
2017-06-04,17:53:44,0,0,1
2017-06-04,17:53:45,0,0,1
2017-06-04,17:53:46,0,0,1
2017-06-04,17:53:47,0,0,1
2017-06-04,17:53:48,0,0,1
2017-06-04,17:53:49,0,0,1
2017-06-04,17:53:50,0,0,1
2017-06-04,17:53:51,0,0,1
2017-06-04,17:53:52,0,0,1
2017-06-04,17:53:53,0,0,1
2017-06-04,17:53:54,0,0,1
2017-06-04,17:53:55,0,0,1
2017-06-04,17:53:56,0,0,1
2017-06-04,17:53:57,0,0,1
2017-06-04,17:53:58,0,0,1
2017-06-04,17:53:59,0,0,1
2017-06-04,17:54:00,0,0,1
2017-06-04,17:54:01,0,0,1
2017-06-04,17:54:02,0,0,1
2017-06-04,17:54:03,0,0,1
2017-06-04,17:54:04,0,0,1
2017-06-04,17:54:05,0,0,1
2017-06-04,17:54:06,0,0,1
2017-06-04,17:54:07,0,0,2
2017-06-04,17:54:08,0,0,2
2017-06-04,17:54:09,0,0,2
2017-06-04,17:54:10,0,0,2
2017-06-04,17:54:11,0,0,2
2017-06-04,17:54:12,0,0,2
2017-06-04,17:54:13,0,0,2
2017-06-04,17:54:14,0,0,2
2017-06-04,17:54:15,0,0,2
2017-06-04,17:54:16,0,0,2
2017-06-04,17:54:17,0,0,2
2017-06-04,17:54:18,0,0,2
2017-06-04,17:54:19,0,0,2
2017-06-04,17:54:20,0,0,2
2017-06-04,17:54:21,0,0,2
2017-06-04,17:54:22,0,0,2
2017-06-04,17:54:23,0,0,2
2017-06-04,17:54:24,0,0,2
2017-06-04,17:54:25,0,0,2
2017-06-04,17:54:26,0,0,2
2017-06-04,17:54:27,0,0,2
2017-06-04,17:54:28,0,0,2
2017-06-04,17:54:29,0,0,2
2017-06-04,17:54:30,0,0,2
2017-06-04,17:54:31,0,0,2
2017-06-04,17:54:32,0,0,2
2017-06-04,17:54:33,0,0,2
2017-06-04,17:54:34,0,0,2
2017-06-04,17:54:35,0,0,2
2017-06-04,17:54:36,0,0,2
2017-06-04,17:54:37,0,0,2
2017-06-04,17:54:38,0,0,2
2017-06-04,17:54:39,0,0,2
2017-06-04,17:54:40,0,0,2
2017-06-04,17:54:41,0,0,2
2017-06-04,17:54:42,0,0,2
2017-06-04,17:54:43,0,0,2
2017-06-04,17:54:44,0,0,2
2017-06-04,17:54:45,0,0,2
2017-06-04,17:54:46,0,0,2
2017-06-04,17:54:47,0,0,2
2017-06-04,17:54:48,0,0,2
2017-06-04,17:54:49,0,0,2
2017-06-04,17:54:50,0,0,2
2017-06-04,17:54:51,0,0,2
2017-06-04,17:54:52,0,0,2
2017-06-04,17:54:53,0,0,2
2017-06-04,17:54:54,0,0,2
2017-06-04,17:54:55,0,0,2
2017-06-04,17:54:56,0,0,2
2017-06-04,17:54:57,0,0,2
2017-06-04,17:54:58,0,0,2
2017-06-04,17:54:59,0,0,2
2017-06-04,17:55:00,0,0,2
2017-06-04,17:55:01,0,0,2
2017-06-04,17:55:02,0,0,2
2017-06-04,17:55:03,0,0,2
2017-06-04,17:55:04,0,0,2
2017-06-04,17:55:05,0,0,2
2017-06-04,17:55:06,0,0,2
2017-06-04,17:55:07,0,0,3
2017-06-04,17:55:08,0,0,3
2017-06-04,17:55:09,0,0,3
2017-06-04,17:55:10,0,0,3
2017-06-04,17:55:11,0,0,3
2017-06-04,17:55:12,0,0,3
2017-06-04,17:55:13,0,0,3
2017-06-04,17:55:14,0,0,3
2017-06-04,17:55:15,0,0,3
2017-06-04,17:55:16,0,0,3
2017-06-04,17:55:17,0,0,3
2017-06-04,17:55:18,0,0,3
2017-06-04,17:55:19,0,0,3
2017-06-04,17:55:20,0,0,3
2017-06-04,17:55:21,0,0,3
2017-06-04,17:55:22,0,0,3
2017-06-04,17:55:23,0,0,3
2017-06-04,17:55:24,0,0,3
2017-06-04,17:55:25,0,0,3
2017-06-04,17:55:26,0,0,3
2017-06-04,17:55:27,0,0,3
2017-06-04,17:55:28,0,0,3
2017-06-04,17:55:29,0,0,3
2017-06-04,17:55:30,0,0,3
2017-06-04,17:55:31,0,0,3
2017-06-04,17:55:32,0,0,3
2017-06-04,17:55:33,0,0,3
2017-06-04,17:55:34,0,0,3
2017-06-04,17:55:35,0,0,3
2017-06-04,17:55:36,0,0,3
2017-06-04,17:55:37,0,0,3
2017-06-04,17:55:38,0,0,3
2017-06-04,17:55:39,0,0,3
2017-06-04,17:55:40,0,0,3
2017-06-04,17:55:41,0,0,3
2017-06-04,17:55:42,0,0,3
2017-06-04,17:55:43,0,0,3
2017-06-04,17:55:44,0,0,3
2017-06-04,17:55:45,0,0,3
2017-06-04,17:55:46,0,0,3
2017-06-04,17:55:47,0,0,3
2017-06-04,17:55:48,0,0,3
2017-06-04,17:55:49,0,0,3
2017-06-04,17:55:50,0,0,3
2017-06-04,17:55:51,0,0,3
2017-06-04,17:55:52,0,0,3
2017-06-04,17:55:53,0,0,3
2017-06-04,17:55:54,0,0,3
2017-06-04,17:55:55,0,0,3
2017-06-04,17:55:56,0,0,3
2017-06-04,17:55:57,0,0,3
2017-06-04,17:55:58,0,0,3
2017-06-04,17:55:59,0,0,3
2017-06-04,17:56:00,0,0,3
2017-06-04,17:56:01,0,0,3
2017-06-04,17:56:02,0,0,3
2017-06-04,17:56:03,0,0,3
2017-06-04,17:56:04,0,0,3
2017-06-04,17:56:05,0,0,3
2017-06-04,17:56:06,0,0,3
2017-06-04,17:56:07,0,0,4
2017-06-04,17:56:08,0,0,4
2017-06-04,17:56:09,0,0,4
2017-06-04,17:56:10,0,0,4
2017-06-04,17:56:11,0,0,4
2017-06-04,17:56:12,0,0,4
2017-06-04,17:56:13,0,0,4
2017-06-04,17:56:14,0,0,4
2017-06-04,17:56:15,0,0,4
2017-06-04,17:56:16,0,0,4
2017-06-04,17:56:17,0,0,4
2017-06-04,17:56:18,0,0,4
2017-06-04,17:56:19,0,0,4
2017-06-04,17:56:20,0,0,4
2017-06-04,17:56:21,0,0,4
2017-06-04,17:56:22,0,0,4
2017-06-04,17:56:23,0,0,4
2017-06-04,17:56:24,0,0,4
2017-06-04,17:56:25,0,0,4
2017-06-04,17:56:26,0,0,4
2017-06-04,17:56:27,0,0,4
2017-06-04,17:56:28,0,0,4
2017-06-04,17:56:29,0,0,4
2017-06-04,17:56:30,0,0,4
2017-06-04,17:56:31,0,0,4
2017-06-04,17:56:32,0,0,4
2017-06-04,17:56:33,0,0,4
2017-06-04,17:56:34,0,0,4
2017-06-04,17:56:35,0,0,4
2017-06-04,17:56:36,0,0,4
2017-06-04,17:56:37,0,0,4
2017-06-04,17:56:38,0,0,4
2017-06-04,17:56:39,0,0,4
2017-06-04,17:56:40,0,0,4
2017-06-04,17:56:41,0,0,4
2017-06-04,17:56:42,0,0,4
2017-06-04,17:56:43,0,0,4
2017-06-04,17:56:44,0,0,4
2017-06-04,17:56:45,0,0,4
2017-06-04,17:56:46,0,0,4
2017-06-04,17:56:47,0,0,4
2017-06-04,17:56:48,0,0,4
2017-06-04,17:56:49,0,0,4
2017-06-04,17:56:50,0,0,4
2017-06-04,17:56:51,0,0,4
2017-06-04,17:56:52,0,0,4
2017-06-04,17:56:53,0,0,4
2017-06-04,17:56:54,0,0,4
2017-06-04,17:56:55,0,0,4
2017-06-04,17:56:56,0,0,4
2017-06-04,17:56:57,0,0,4
2017-06-04,17:56:58,0,0,4
2017-06-04,17:56:59,0,0,4
2017-06-04,17:57:00,0,0,4
2017-06-04,17:57:01,0,0,4
2017-06-04,17:57:02,0,0,4
2017-06-04,17:57:03,0,0,4
2017-06-04,17:57:04,0,0,4
2017-06-04,17:57:05,0,0,4
2017-06-04,17:57:06,0,0,4
2017-06-04,17:57:07,0,0,5
2017-06-04,17:57:08,0,0,5
2017-06-04,17:57:09,0,0,5
2017-06-04,17:57:10,0,0,5
2017-06-04,17:57:11,0,0,5
2017-06-04,17:57:12,0,0,5
2017-06-04,17:57:13,0,0,5
2017-06-04,17:57:14,0,0,5
2017-06-04,17:57:15,0,0,5
2017-06-04,17:57:16,0,0,5
2017-06-04,17:57:17,0,0,5
2017-06-04,17:57:18,0,0,5
2017-06-04,17:57:19,0,0,5
2017-06-04,17:57:20,0,0,5
2017-06-04,17:57:21,0,0,5
2017-06-04,17:57:22,0,0,5
2017-06-04,17:57:23,0,0,5
2017-06-04,17:57:24,0,0,5
2017-06-04,17:57:25,0,0,5
2017-06-04,17:57:26,0,0,5
2017-06-04,17:57:27,0,0,5
2017-06-04,17:57:28,0,0,5
2017-06-04,17:57:29,0,0,5
2017-06-04,17:57:30,0,0,5
2017-06-04,17:57:31,0,0,5
2017-06-04,17:57:32,0,0,5
2017-06-04,17:57:33,0,0,5
2017-06-04,17:57:34,0,0,5
2017-06-04,17:57:35,0,0,5
2017-06-04,17:57:36,0,0,5
2017-06-04,17:57:37,0,0,5
2017-06-04,17:57:38,0,0,5
2017-06-04,17:57:39,0,0,5
2017-06-04,17:57:40,0,0,5
2017-06-04,17:57:41,0,0,5
2017-06-04,17:57:42,0,0,5
2017-06-04,17:57:43,0,0,5
2017-06-04,17:57:44,0,0,5
2017-06-04,17:57:45,0,0,5
2017-06-04,17:57:46,0,0,5
2017-06-04,17:57:47,0,0,5
2017-06-04,17:57:48,0,0,5
2017-06-04,17:57:49,0,0,5
2017-06-04,17:57:50,0,0,5
2017-06-04,17:57:51,0,0,5
2017-06-04,17:57:52,0,0,5
2017-06-04,17:57:53,0,0,5
2017-06-04,17:57:54,0,0,5
2017-06-04,17:57:55,0,0,5
2017-06-04,17:57:56,0,0,5
2017-06-04,17:57:57,0,0,5
2017-06-04,17:57:58,0,0,5
2017-06-04,17:57:59,0,0,5
2017-06-04,17:58:00,0,0,5
2017-06-04,17:58:01,0,0,5
2017-06-04,17:58:02,0,0,5
2017-06-04,17:58:03,0,0,5
2017-06-04,17:58:04,0,0,5
2017-06-04,17:58:05,0,0,5
2017-06-04,17:58:06,0,0,5
2017-06-04,17:58:07,0,0,5
2017-06-04,17:58:08,0,0,6
2017-06-04,17:58:09,0,0,6
2017-06-04,17:58:10,0,0,6
2017-06-04,17:58:11,0,0,6
2017-06-04,17:58:12,0,0,6
2017-06-04,17:58:13,0,0,6
2017-06-04,17:58:14,0,0,6
2017-06-04,17:58:15,0,0,6
2017-06-04,17:58:16,0,0,6
2017-06-04,17:58:17,0,0,6
2017-06-04,17:58:18,0,0,6
2017-06-04,17:58:19,0,0,6
2017-06-04,17:58:20,0,0,6
2017-06-04,17:58:21,0,0,6
2017-06-04,17:58:22,0,0,6
2017-06-04,17:58:23,0,0,6
2017-06-04,17:58:24,0,0,6
2017-06-04,17:58:25,0,0,6
2017-06-04,17:58:26,0,0,6
2017-06-04,17:58:27,0,0,6
2017-06-04,17:58:28,0,0,6
2017-06-04,17:58:29,0,0,6
2017-06-04,17:58:30,0,0,6
2017-06-04,17:58:31,0,0,6
2017-06-04,17:58:32,0,0,6
2017-06-04,17:58:33,0,0,6
2017-06-04,17:58:34,0,0,6
2017-06-04,17:58:35,0,0,6
2017-06-04,17:58:36,0,0,6
2017-06-04,17:58:37,0,0,6
2017-06-04,17:58:38,0,0,6
2017-06-04,17:58:39,0,0,6
2017-06-04,17:58:40,0,0,6
2017-06-04,17:58:41,0,0,6
2017-06-04,17:58:42,0,0,6
2017-06-04,17:58:43,0,0,6
2017-06-04,17:58:44,0,0,6
2017-06-04,17:58:45,0,0,6
2017-06-04,17:58:46,0,0,6
2017-06-04,17:58:47,0,0,6
2017-06-04,17:58:48,0,0,6
2017-06-04,17:58:49,0,0,6
2017-06-04,17:58:50,0,0,6
2017-06-04,17:58:51,0,0,6
2017-06-04,17:58:52,0,0,6
2017-06-04,17:58:53,0,0,6
2017-06-04,17:58:54,0,0,6
2017-06-04,17:58:55,0,0,6
2017-06-04,17:58:56,0,0,6
2017-06-04,17:58:57,0,0,6
2017-06-04,17:58:58,0,0,6
2017-06-04,17:58:59,0,0,6
2017-06-04,17:59:00,0,0,6
2017-06-04,17:59:01,0,0,6
2017-06-04,17:59:02,0,0,6
2017-06-04,17:59:03,0,0,6
2017-06-04,17:59:04,0,0,6
2017-06-04,17:59:05,0,0,6
2017-06-04,17:59:06,0,0,6
2017-06-04,17:59:07,0,1,7
2017-06-04,17:59:08,0,0,7
2017-06-04,17:59:09,0,0,7
2017-06-04,17:59:10,0,0,7
2017-06-04,17:59:11,0,0,7
2017-06-04,17:59:12,0,0,7
2017-06-04,17:59:13,0,0,7
2017-06-04,17:59:14,0,0,7
2017-06-04,17:59:15,0,0,7
2017-06-04,17:59:16,0,0,7
2017-06-04,17:59:17,0,0,7
2017-06-04,17:59:18,0,0,7
2017-06-04,17:59:19,0,0,7
2017-06-04,17:59:20,0,0,7
2017-06-04,17:59:21,0,0,7
2017-06-04,17:59:22,0,0,7
2017-06-04,17:59:23,0,0,7
2017-06-04,17:59:24,0,0,7
2017-06-04,17:59:25,0,0,7
2017-06-04,17:59:26,0,0,7
2017-06-04,17:59:27,0,0,7
2017-06-04,17:59:28,0,0,7
2017-06-04,17:59:29,0,0,7
2017-06-04,17:59:30,0,0,7
2017-06-04,17:59:31,0,0,7
2017-06-04,17:59:32,0,0,7
2017-06-04,17:59:33,0,0,7
2017-06-04,17:59:34,0,0,7
2017-06-04,17:59:35,0,0,7
2017-06-04,17:59:36,0,0,7
2017-06-04,17:59:37,0,0,7
2017-06-04,17:59:38,0,0,7
2017-06-04,17:59:39,0,0,7
2017-06-04,17:59:40,0,0,7
2017-06-04,17:59:41,0,0,7
2017-06-04,17:59:42,0,0,7
2017-06-04,17:59:43,0,0,7
2017-06-04,17:59:44,0,0,7
2017-06-04,17:59:45,0,0,7
2017-06-04,17:59:46,0,0,7
2017-06-04,17:59:47,0,0,7
2017-06-04,17:59:48,0,0,7
2017-06-04,17:59:49,0,0,7
2017-06-04,17:59:50,0,0,7
2017-06-04,17:59:51,0,0,7
2017-06-04,17:59:52,0,0,7
2017-06-04,17:59:53,0,0,7
2017-06-04,17:59:54,0,0,7
2017-06-04,17:59:55,0,0,7
2017-06-04,17:59:56,0,0,7
2017-06-04,17:59:57,0,0,7
2017-06-04,17:59:58,0,0,7
2017-06-04,17:59:59,0,0,7
2017-06-04,18:00:00,0,0,7
